﻿Codi Província;Nom Província;Codi Comarca;Nom Comarca;Codi Municipi;Nom Municipi;Districte;Secció;Mesa;Població;Cens;Participació 13:00;Participació 18:00;Participació 20:00;Abstenció;Vots nuls;Vots en blanc;Vots a candidatures;Vots vàlids
25;Lleida;25;Pallars Jussà;25001;Abella de la Conca;1;1;U;;138;22;57;84;54;0;3;81;84
8;Barcelona;11;Baix Llobregat;08001;Abrera;1;1;A;;368;111;211;269;99;1;3;265;268
8;Barcelona;11;Baix Llobregat;08001;Abrera;1;1;B;;378;105;204;270;108;3;5;262;267
8;Barcelona;11;Baix Llobregat;08001;Abrera;1;1;C;;401;126;240;298;103;5;8;285;293
8;Barcelona;11;Baix Llobregat;08001;Abrera;1;2;A;;388;139;219;282;106;4;3;275;278
8;Barcelona;11;Baix Llobregat;08001;Abrera;1;2;B;;439;126;243;297;142;3;6;288;294
8;Barcelona;11;Baix Llobregat;08001;Abrera;1;2;C;;422;130;218;277;145;8;1;268;269
8;Barcelona;11;Baix Llobregat;08001;Abrera;1;3;U;;554;177;343;426;128;5;5;416;421
8;Barcelona;11;Baix Llobregat;08001;Abrera;1;4;A;;794;248;487;588;206;5;11;572;583
8;Barcelona;11;Baix Llobregat;08001;Abrera;1;4;B;;493;139;280;353;140;3;11;339;350
8;Barcelona;11;Baix Llobregat;08001;Abrera;1;5;A;;647;206;358;442;205;1;5;436;441
8;Barcelona;11;Baix Llobregat;08001;Abrera;1;5;B;;723;245;416;531;192;7;17;507;524
8;Barcelona;11;Baix Llobregat;08001;Abrera;1;7;A;;519;141;283;364;155;8;7;349;356
8;Barcelona;11;Baix Llobregat;08001;Abrera;1;7;B;;616;167;326;410;206;3;4;403;407
8;Barcelona;11;Baix Llobregat;08001;Abrera;1;7;C;;673;195;360;436;237;4;12;420;432
8;Barcelona;11;Baix Llobregat;08001;Abrera;1;8;A;;573;152;347;434;139;7;4;423;427
8;Barcelona;11;Baix Llobregat;08001;Abrera;1;8;B;;694;215;443;525;169;5;15;505;520
25;Lleida;23;Noguera;25002;Àger;1;1;U;;472;146;274;341;131;4;1;336;337
25;Lleida;38;Urgell;25003;Agramunt;1;1;U;;605;142;290;410;195;4;7;399;406
25;Lleida;38;Urgell;25003;Agramunt;1;2;U;;723;180;350;464;259;2;8;454;462
25;Lleida;38;Urgell;25003;Agramunt;1;3;A;;627;138;301;420;207;0;10;410;420
25;Lleida;38;Urgell;25003;Agramunt;1;3;B;;721;154;351;499;222;1;10;488;498
25;Lleida;38;Urgell;25003;Agramunt;1;4;A;;560;136;286;384;176;2;11;371;382
25;Lleida;38;Urgell;25003;Agramunt;1;4;B;;600;137;312;415;185;2;12;401;413
8;Barcelona;7;Bages;08002;Aguilar de Segarra;1;1;U;;201;56;124;156;45;2;0;154;154
17;Girona;2;Alt Empordà;17001;Agullana;1;1;U;;573;210;391;449;124;7;10;432;442
8;Barcelona;41;Vallès Oriental;08014;Aiguafreda;1;1;A;;905;300;583;704;201;9;8;687;695
8;Barcelona;41;Vallès Oriental;08014;Aiguafreda;1;1;B;;1032;374;687;800;232;7;12;781;793
43;Tarragona;1;Alt Camp;43001;Aiguamúrcia;1;1;A;;277;78;172;226;51;1;4;221;225
43;Tarragona;1;Alt Camp;43001;Aiguamúrcia;1;1;B;;419;109;226;281;138;4;3;274;277
17;Girona;20;Gironès;17002;Aiguaviva;1;1;U;;573;200;402;485;88;3;6;476;482
25;Lleida;33;Segrià;25038;Aitona;1;1;U;;767;215;463;572;195;13;12;547;559
25;Lleida;33;Segrià;25038;Aitona;1;2;U;;822;240;471;599;223;18;13;568;581
25;Lleida;33;Segrià;25004;Alamús, els;1;1;U;;551;154;362;421;130;5;7;409;416
25;Lleida;4;Alt Urgell;25005;Alàs i Cerc;1;1;U;;295;81;175;216;79;4;6;206;212
25;Lleida;18;Garrigues;25006;Albagés, l';1;1;U;;354;117;221;255;99;2;6;247;253
17;Girona;2;Alt Empordà;17003;Albanyà;1;1;U;;109;33;62;83;26;0;0;83;83
25;Lleida;33;Segrià;25007;Albatàrrec;1;1;A;;717;199;410;502;215;10;18;474;492
25;Lleida;33;Segrià;25007;Albatàrrec;1;1;B;;646;149;334;430;216;6;6;418;424
25;Lleida;23;Noguera;25008;Albesa;1;1;A;;591;152;375;468;123;1;8;459;467
25;Lleida;23;Noguera;25008;Albesa;1;1;B;;575;157;353;436;139;2;8;426;434
25;Lleida;18;Garrigues;25009;Albi, l';1;1;U;;674;156;379;499;175;6;9;484;493
43;Tarragona;12;Baix Penedès;43002;Albinyana;1;1;A;;530;146;289;359;171;6;9;344;353
43;Tarragona;12;Baix Penedès;43002;Albinyana;1;1;B;;440;146;224;282;158;6;3;273;276
43;Tarragona;12;Baix Penedès;43002;Albinyana;1;1;C;;446;153;247;296;150;4;4;288;292
43;Tarragona;12;Baix Penedès;43002;Albinyana;1;1;D;;386;80;215;277;109;4;2;271;273
43;Tarragona;8;Baix Camp;43003;Albiol, l';1;1;U;;319;88;164;224;95;0;4;220;224
17;Girona;10;Baix Empordà;17004;Albons;1;1;U;;510;192;318;389;121;5;4;380;384
43;Tarragona;22;Montsià;43004;Alcanar;1;1;A;;509;161;266;311;198;10;8;293;301
43;Tarragona;22;Montsià;43004;Alcanar;1;1;B;;609;189;317;386;223;4;2;380;382
43;Tarragona;22;Montsià;43004;Alcanar;1;2;A;;574;167;307;374;200;7;8;359;367
43;Tarragona;22;Montsià;43004;Alcanar;1;2;B;;615;185;342;422;193;14;6;402;408
43;Tarragona;22;Montsià;43004;Alcanar;1;3;A;;777;167;359;469;308;3;13;453;466
43;Tarragona;22;Montsià;43004;Alcanar;1;3;B;;727;184;336;421;306;3;13;405;418
43;Tarragona;22;Montsià;43004;Alcanar;1;4;A;;501;141;269;350;151;14;13;323;336
43;Tarragona;22;Montsià;43004;Alcanar;1;4;B;;509;132;259;358;151;12;12;334;346
43;Tarragona;22;Montsià;43004;Alcanar;2;1;A;;472;114;218;272;200;4;8;260;268
43;Tarragona;22;Montsià;43004;Alcanar;2;1;B;;503;121;248;312;191;7;15;290;305
43;Tarragona;22;Montsià;43004;Alcanar;2;2;U;;574;144;311;365;209;11;12;342;354
25;Lleida;33;Segrià;25010;Alcanó;1;1;U;;210;37;94;138;72;2;9;127;136
25;Lleida;33;Segrià;25011;Alcarràs;1;1;A;;818;228;437;575;243;7;7;561;568
25;Lleida;33;Segrià;25011;Alcarràs;1;1;B;;741;196;427;486;255;7;6;473;479
25;Lleida;33;Segrià;25011;Alcarràs;1;2;A;;743;179;323;441;302;4;9;428;437
25;Lleida;33;Segrià;25011;Alcarràs;1;2;B;;753;188;343;465;288;3;12;450;462
25;Lleida;33;Segrià;25011;Alcarràs;1;3;U;;941;176;452;593;348;7;8;578;586
25;Lleida;33;Segrià;25011;Alcarràs;1;4;A;;678;189;348;445;233;4;11;430;441
25;Lleida;33;Segrià;25011;Alcarràs;1;4;B;;610;149;300;400;210;7;7;386;393
25;Lleida;33;Segrià;25012;Alcoletge;1;1;A;;694;202;410;500;194;5;8;487;495
25;Lleida;33;Segrià;25012;Alcoletge;1;1;B;;633;184;375;459;174;10;12;437;449
25;Lleida;33;Segrià;25012;Alcoletge;1;2;U;;919;206;446;551;368;7;8;536;544
43;Tarragona;1;Alt Camp;43005;Alcover;1;1;A;;943;210;516;642;301;3;19;620;639
43;Tarragona;1;Alt Camp;43005;Alcover;1;1;B;;1073;259;576;741;332;8;13;720;733
43;Tarragona;1;Alt Camp;43005;Alcover;2;1;A;;809;174;364;488;321;1;7;480;487
43;Tarragona;1;Alt Camp;43005;Alcover;2;1;B;;772;170;370;488;284;10;7;471;478
43;Tarragona;9;Baix Ebre;43904;Aldea, l';1;1;A;;853;238;441;542;311;16;18;508;526
43;Tarragona;9;Baix Ebre;43904;Aldea, l';1;1;B;;782;215;363;459;323;14;19;426;445
43;Tarragona;9;Baix Ebre;43904;Aldea, l';1;2;A;;740;184;369;463;277;22;21;420;441
43;Tarragona;9;Baix Ebre;43904;Aldea, l';1;2;B;;548;139;251;336;212;10;19;307;326
43;Tarragona;9;Baix Ebre;43006;Aldover;1;1;U;;711;152;360;473;238;13;25;435;460
43;Tarragona;8;Baix Camp;43007;Aleixar, l';1;1;U;;632;180;382;480;152;0;2;478;480
8;Barcelona;21;Maresme;08003;Alella;1;1;A;;899;260;549;676;223;5;9;662;671
8;Barcelona;21;Maresme;08003;Alella;1;1;B;;951;262;598;745;206;7;9;729;738
8;Barcelona;21;Maresme;08003;Alella;1;2;A;;812;232;481;586;226;5;4;577;581
8;Barcelona;21;Maresme;08003;Alella;1;2;B;;987;280;590;739;248;4;10;725;735
8;Barcelona;21;Maresme;08003;Alella;1;3;A;;818;237;502;628;190;2;3;623;626
8;Barcelona;21;Maresme;08003;Alella;1;3;B;;930;292;573;716;214;7;6;703;709
8;Barcelona;21;Maresme;08003;Alella;1;4;A;;747;231;442;560;187;2;7;551;558
8;Barcelona;21;Maresme;08003;Alella;1;4;B;;866;265;542;651;215;3;8;640;648
43;Tarragona;9;Baix Ebre;43008;Alfara de Carles;1;1;U;;320;41;130;192;128;4;8;180;188
25;Lleida;33;Segrià;25013;Alfarràs;1;1;A;;587;131;268;380;207;5;5;370;375
25;Lleida;33;Segrià;25013;Alfarràs;1;1;B;;634;155;316;411;223;10;13;388;401
25;Lleida;33;Segrià;25013;Alfarràs;1;2;A;;450;98;234;255;195;0;9;246;255
25;Lleida;33;Segrià;25013;Alfarràs;1;2;B;;562;136;186;311;251;2;4;305;309
25;Lleida;33;Segrià;25014;Alfés;1;1;U;;257;78;140;188;69;4;4;180;184
43;Tarragona;8;Baix Camp;43009;Alforja;1;1;A;;665;204;374;471;194;6;7;458;465
43;Tarragona;8;Baix Camp;43009;Alforja;1;1;B;;752;203;409;510;242;10;12;488;500
25;Lleida;23;Noguera;25015;Algerri;1;1;U;;381;123;217;263;118;2;3;258;261
25;Lleida;33;Segrià;25016;Alguaire;1;1;A;;501;135;280;354;147;4;1;349;350
25;Lleida;33;Segrià;25016;Alguaire;1;1;B;;571;165;316;386;185;6;7;373;380
25;Lleida;33;Segrià;25016;Alguaire;1;2;A;;525;140;263;352;173;5;5;342;347
25;Lleida;33;Segrià;25016;Alguaire;1;2;B;;586;177;319;406;180;4;2;400;402
25;Lleida;26;Pallars Sobirà;25017;Alins;1;1;U;;247;62;141;192;55;2;4;186;190
43;Tarragona;1;Alt Camp;43010;Alió;1;1;U;;322;124;227;265;57;2;7;256;263
25;Lleida;33;Segrià;25019;Almacelles;1;1;U;;814;231;426;530;284;11;11;508;519
25;Lleida;33;Segrià;25019;Almacelles;1;2;A;;600;154;289;390;210;8;7;375;382
25;Lleida;33;Segrià;25019;Almacelles;1;2;B;;744;160;343;470;274;9;14;447;461
25;Lleida;33;Segrià;25019;Almacelles;2;1;A;;429;82;193;276;153;3;12;261;273
25;Lleida;33;Segrià;25019;Almacelles;2;1;B;;558;124;253;369;189;3;14;352;366
25;Lleida;33;Segrià;25019;Almacelles;2;2;A;;660;150;309;414;246;4;14;396;410
25;Lleida;33;Segrià;25019;Almacelles;2;2;B;;780;162;346;476;304;1;13;462;475
25;Lleida;33;Segrià;25020;Almatret;1;1;U;;311;85;180;232;79;3;2;227;229
25;Lleida;33;Segrià;25021;Almenar;1;1;U;;646;140;272;354;292;5;9;340;349
25;Lleida;33;Segrià;25021;Almenar;2;1;A;;494;111;250;322;172;1;7;314;321
25;Lleida;33;Segrià;25021;Almenar;2;1;B;;624;147;316;402;222;5;11;386;397
25;Lleida;33;Segrià;25021;Almenar;2;2;U;;922;196;482;647;275;5;6;636;642
43;Tarragona;8;Baix Camp;43011;Almoster;1;1;A;;334;97;221;270;64;2;4;264;268
43;Tarragona;8;Baix Camp;43011;Almoster;1;1;B;;357;117;224;277;80;0;4;273;277
43;Tarragona;8;Baix Camp;43011;Almoster;1;1;C;;342;107;219;283;59;0;4;279;283
25;Lleida;23;Noguera;25022;Alòs de Balaguer;1;1;U;;117;35;59;79;38;0;0;79;79
17;Girona;15;Cerdanya;17006;Alp;1;1;A;;567;171;328;430;137;4;6;420;426
17;Girona;15;Cerdanya;17006;Alp;1;1;B;;631;180;327;456;175;7;5;444;449
8;Barcelona;24;Osona;08004;Alpens;1;1;U;;234;111;185;214;20;0;1;213;214
25;Lleida;33;Segrià;25023;Alpicat;1;1;A;;678;172;387;500;178;7;14;479;493
25;Lleida;33;Segrià;25023;Alpicat;1;1;B;;843;217;454;598;245;12;13;573;586
25;Lleida;33;Segrià;25023;Alpicat;1;2;A;;829;214;450;597;232;8;16;573;589
25;Lleida;33;Segrià;25023;Alpicat;1;2;B;;930;238;529;685;245;5;21;659;680
25;Lleida;33;Segrià;25023;Alpicat;1;3;A;;563;167;325;419;144;2;3;414;417
25;Lleida;33;Segrià;25023;Alpicat;1;3;B;;641;151;361;459;182;7;12;440;452
43;Tarragona;36;Tarragonès;43012;Altafulla;1;1;A;;383;95;197;260;123;2;1;257;258
43;Tarragona;36;Tarragonès;43012;Altafulla;1;1;B;;467;129;245;331;136;2;5;324;329
43;Tarragona;36;Tarragonès;43012;Altafulla;1;2;A;;389;143;227;266;123;1;2;263;265
43;Tarragona;36;Tarragonès;43012;Altafulla;1;2;B;;513;164;295;350;163;5;5;340;345
43;Tarragona;36;Tarragonès;43012;Altafulla;1;3;A;;435;139;290;351;84;1;3;347;350
43;Tarragona;36;Tarragonès;43012;Altafulla;1;3;B;;380;124;232;288;92;1;5;282;287
43;Tarragona;36;Tarragonès;43012;Altafulla;1;3;C;;447;144;294;364;83;2;9;353;362
43;Tarragona;36;Tarragonès;43012;Altafulla;1;3;D;;455;127;272;352;103;6;6;340;346
25;Lleida;26;Pallars Sobirà;25024;Alt Àneu;1;1;U;;367;108;184;258;109;2;4;252;256
17;Girona;34;Selva;17007;Amer;1;1;A;;573;211;389;456;117;2;7;447;454
17;Girona;34;Selva;17007;Amer;1;1;B;;553;213;362;437;116;1;5;431;436
17;Girona;34;Selva;17007;Amer;1;1;C;;644;232;418;506;138;3;3;500;503
8;Barcelona;41;Vallès Oriental;08005;Ametlla del Vallès, l';1;1;A;;553;162;320;395;158;1;4;390;394
8;Barcelona;41;Vallès Oriental;08005;Ametlla del Vallès, l';1;1;B;;624;180;353;427;197;2;2;423;425
8;Barcelona;41;Vallès Oriental;08005;Ametlla del Vallès, l';1;1;C;;526;140;304;374;152;2;5;367;372
8;Barcelona;41;Vallès Oriental;08005;Ametlla del Vallès, l';1;2;A;;613;207;412;486;127;0;6;480;486
8;Barcelona;41;Vallès Oriental;08005;Ametlla del Vallès, l';1;2;B;;647;230;453;523;124;1;4;518;522
8;Barcelona;41;Vallès Oriental;08005;Ametlla del Vallès, l';1;3;A;;598;172;367;468;130;2;4;462;466
8;Barcelona;41;Vallès Oriental;08005;Ametlla del Vallès, l';1;3;B;;550;152;337;412;138;5;1;406;407
8;Barcelona;41;Vallès Oriental;08005;Ametlla del Vallès, l';1;3;C;;558;192;360;437;121;4;4;429;433
8;Barcelona;41;Vallès Oriental;08005;Ametlla del Vallès, l';1;4;A;;371;124;222;276;95;0;1;275;276
8;Barcelona;41;Vallès Oriental;08005;Ametlla del Vallès, l';1;4;B;;388;124;250;291;97;1;2;288;290
8;Barcelona;41;Vallès Oriental;08005;Ametlla del Vallès, l';1;5;U;;560;193;334;416;144;2;6;408;414
43;Tarragona;9;Baix Ebre;43013;Ametlla de Mar, l';1;1;A;;492;173;299;367;125;11;4;352;356
43;Tarragona;9;Baix Ebre;43013;Ametlla de Mar, l';1;1;B;;482;174;291;354;128;6;9;339;348
43;Tarragona;9;Baix Ebre;43013;Ametlla de Mar, l';1;1;C;;409;118;218;280;129;5;5;270;275
43;Tarragona;9;Baix Ebre;43013;Ametlla de Mar, l';1;2;A;;506;160;285;358;148;3;3;352;355
43;Tarragona;9;Baix Ebre;43013;Ametlla de Mar, l';1;2;B;;509;166;288;352;157;7;4;341;345
43;Tarragona;9;Baix Ebre;43013;Ametlla de Mar, l';1;3;A;;529;162;264;326;203;3;10;313;323
43;Tarragona;9;Baix Ebre;43013;Ametlla de Mar, l';1;3;B;;398;110;207;265;133;4;6;255;261
43;Tarragona;9;Baix Ebre;43013;Ametlla de Mar, l';1;3;C;;604;165;297;392;212;5;12;375;387
43;Tarragona;9;Baix Ebre;43013;Ametlla de Mar, l';1;3;D;;439;122;193;258;181;4;6;248;254
43;Tarragona;9;Baix Ebre;43906;Ampolla, l';1;1;A;;618;203;336;436;182;2;5;429;434
43;Tarragona;9;Baix Ebre;43906;Ampolla, l';1;1;B;;517;160;277;350;167;10;6;334;340
43;Tarragona;9;Baix Ebre;43906;Ampolla, l';1;2;A;;510;210;311;370;140;6;3;361;364
43;Tarragona;9;Baix Ebre;43906;Ampolla, l';1;2;B;;400;129;231;279;121;7;2;270;272
43;Tarragona;22;Montsià;43014;Amposta;1;1;U;;510;120;256;322;188;7;9;306;315
43;Tarragona;22;Montsià;43014;Amposta;1;2;A;;501;155;256;322;179;7;3;312;315
43;Tarragona;22;Montsià;43014;Amposta;1;2;B;;574;169;281;368;206;6;5;357;362
43;Tarragona;22;Montsià;43014;Amposta;2;1;U;;740;243;415;528;212;13;24;491;515
43;Tarragona;22;Montsià;43014;Amposta;2;2;U;;671;212;353;446;225;14;20;412;432
43;Tarragona;22;Montsià;43014;Amposta;3;1;A;;430;107;198;256;174;3;10;243;253
43;Tarragona;22;Montsià;43014;Amposta;3;1;B;;391;124;211;266;125;4;10;252;262
43;Tarragona;22;Montsià;43014;Amposta;3;2;A;;607;176;302;366;241;3;12;351;363
43;Tarragona;22;Montsià;43014;Amposta;3;2;B;;674;178;336;426;248;11;9;406;415
43;Tarragona;22;Montsià;43014;Amposta;4;1;A;;498;156;263;329;169;8;9;312;321
43;Tarragona;22;Montsià;43014;Amposta;4;1;B;;505;157;275;324;181;12;8;304;312
43;Tarragona;22;Montsià;43014;Amposta;4;2;A;;542;143;299;354;188;11;6;337;343
43;Tarragona;22;Montsià;43014;Amposta;4;2;B;;523;155;286;341;182;12;6;323;329
43;Tarragona;22;Montsià;43014;Amposta;4;3;A;;570;200;305;377;193;11;5;361;366
43;Tarragona;22;Montsià;43014;Amposta;4;3;B;;504;162;267;328;176;10;11;307;318
43;Tarragona;22;Montsià;43014;Amposta;4;3;C;;598;191;326;392;206;5;13;374;387
43;Tarragona;22;Montsià;43014;Amposta;4;4;A;;713;215;392;480;233;13;15;452;467
43;Tarragona;22;Montsià;43014;Amposta;4;4;B;;519;162;261;335;184;7;15;313;328
43;Tarragona;22;Montsià;43014;Amposta;4;4;C;;709;241;416;495;214;15;7;473;480
43;Tarragona;22;Montsià;43014;Amposta;4;5;A;;644;159;300;405;239;8;7;390;397
43;Tarragona;22;Montsià;43014;Amposta;4;5;B;;578;151;268;362;216;6;8;348;356
43;Tarragona;22;Montsià;43014;Amposta;4;5;C;;656;141;283;380;276;10;11;359;370
43;Tarragona;22;Montsià;43014;Amposta;4;6;A;;751;174;333;450;301;15;8;427;435
43;Tarragona;22;Montsià;43014;Amposta;4;6;B;;723;160;312;408;315;12;16;380;396
17;Girona;34;Selva;17008;Anglès;1;1;A;;457;138;269;318;139;2;3;313;316
17;Girona;34;Selva;17008;Anglès;1;1;B;;421;152;262;307;114;2;2;303;305
17;Girona;34;Selva;17008;Anglès;1;2;A;;826;241;475;592;234;6;4;582;586
17;Girona;34;Selva;17008;Anglès;1;2;B;;771;269;489;566;205;4;3;559;562
17;Girona;34;Selva;17008;Anglès;1;3;A;;581;218;368;439;142;5;0;434;434
17;Girona;34;Selva;17008;Anglès;1;3;B;;649;234;407;484;165;6;0;478;478
25;Lleida;38;Urgell;25027;Anglesola;1;1;A;;464;139;277;336;128;6;4;326;330
25;Lleida;38;Urgell;25027;Anglesola;1;1;B;;561;162;341;412;149;6;3;403;406
25;Lleida;18;Garrigues;25029;Arbeca;1;1;U;;809;239;502;598;211;9;6;583;589
25;Lleida;18;Garrigues;25029;Arbeca;1;2;U;;919;304;551;678;241;9;6;663;669
43;Tarragona;12;Baix Penedès;43016;Arboç, l';1;1;A;;415;120;232;286;129;4;7;275;282
43;Tarragona;12;Baix Penedès;43016;Arboç, l';1;1;B;;575;169;295;371;204;5;2;364;366
43;Tarragona;12;Baix Penedès;43016;Arboç, l';1;1;C;;560;153;289;361;199;11;3;347;350
43;Tarragona;12;Baix Penedès;43016;Arboç, l';1;2;A;;586;169;336;414;172;3;6;405;411
43;Tarragona;12;Baix Penedès;43016;Arboç, l';1;2;B;;708;216;377;463;245;7;4;452;456
43;Tarragona;12;Baix Penedès;43016;Arboç, l';1;2;C;;570;179;335;422;148;5;6;411;417
43;Tarragona;8;Baix Camp;43015;Arbolí;1;1;U;;104;39;70;83;21;0;1;82;83
17;Girona;34;Selva;17009;Arbúcies;1;1;A;;716;220;452;529;187;5;3;521;524
17;Girona;34;Selva;17009;Arbúcies;1;1;B;;803;136;486;610;193;6;1;603;604
17;Girona;34;Selva;17009;Arbúcies;1;2;A;;764;272;477;590;174;3;4;583;587
17;Girona;34;Selva;17009;Arbúcies;1;2;B;;766;236;498;587;179;8;2;577;579
17;Girona;34;Selva;17009;Arbúcies;2;1;A;;499;146;308;376;123;7;4;365;369
17;Girona;34;Selva;17009;Arbúcies;2;1;B;;510;184;321;412;98;4;1;407;408
8;Barcelona;21;Maresme;08006;Arenys de Mar;1;1;A;;812;308;493;583;229;5;5;573;578
8;Barcelona;21;Maresme;08006;Arenys de Mar;1;1;B;;906;315;534;675;231;6;3;666;669
8;Barcelona;21;Maresme;08006;Arenys de Mar;1;2;A;;696;226;427;511;185;4;3;504;507
8;Barcelona;21;Maresme;08006;Arenys de Mar;1;2;B;;816;234;436;562;254;4;9;549;558
8;Barcelona;21;Maresme;08006;Arenys de Mar;1;2;C;;742;219;436;529;213;6;4;519;523
8;Barcelona;21;Maresme;08006;Arenys de Mar;1;3;A;;458;125;240;297;161;4;4;289;293
8;Barcelona;21;Maresme;08006;Arenys de Mar;1;3;B;;541;168;309;377;164;1;1;375;376
8;Barcelona;21;Maresme;08006;Arenys de Mar;2;1;A;;572;176;319;387;185;3;3;381;384
8;Barcelona;21;Maresme;08006;Arenys de Mar;2;1;B;;658;215;365;446;212;6;4;436;440
8;Barcelona;21;Maresme;08006;Arenys de Mar;2;2;A;;691;237;466;529;162;3;2;524;526
8;Barcelona;21;Maresme;08006;Arenys de Mar;2;2;B;;733;267;476;564;169;2;4;558;562
8;Barcelona;21;Maresme;08006;Arenys de Mar;2;3;A;;603;172;317;400;203;3;3;394;397
8;Barcelona;21;Maresme;08006;Arenys de Mar;2;3;B;;758;265;455;534;224;2;6;526;532
8;Barcelona;21;Maresme;08006;Arenys de Mar;2;4;A;;628;197;356;431;197;5;7;419;426
8;Barcelona;21;Maresme;08006;Arenys de Mar;2;4;B;;800;259;450;539;261;6;3;530;533
8;Barcelona;21;Maresme;08006;Arenys de Mar;2;4;C;;738;250;408;508;230;6;4;498;502
8;Barcelona;21;Maresme;08007;Arenys de Munt;1;1;A;;488;150;307;356;132;7;4;345;349
8;Barcelona;21;Maresme;08007;Arenys de Munt;1;1;B;;613;193;395;464;149;3;4;457;461
8;Barcelona;21;Maresme;08007;Arenys de Munt;1;2;A;;550;202;348;433;117;3;2;428;430
8;Barcelona;21;Maresme;08007;Arenys de Munt;1;2;B;;409;132;243;312;97;4;4;304;308
8;Barcelona;21;Maresme;08007;Arenys de Munt;1;2;C;;587;198;362;454;133;0;4;450;454
8;Barcelona;21;Maresme;08007;Arenys de Munt;1;2;D;;578;205;372;446;132;1;9;436;445
8;Barcelona;21;Maresme;08007;Arenys de Munt;2;1;A;;731;252;457;561;170;2;4;555;559
8;Barcelona;21;Maresme;08007;Arenys de Munt;2;1;B;;794;253;497;595;199;4;7;584;591
8;Barcelona;21;Maresme;08007;Arenys de Munt;2;2;A;;524;193;321;388;136;1;5;382;387
8;Barcelona;21;Maresme;08007;Arenys de Munt;2;2;B;;518;191;308;362;156;3;3;356;359
8;Barcelona;21;Maresme;08007;Arenys de Munt;2;2;C;;567;199;356;422;145;6;3;413;416
17;Girona;19;Garrotxa;17010;Argelaguer;1;1;U;;335;109;230;274;61;2;6;266;272
8;Barcelona;6;Anoia;08008;Argençola;1;1;U;;188;57;90;126;62;2;2;122;124
43;Tarragona;8;Baix Camp;43017;Argentera, l';1;1;U;;143;39;94;114;29;1;0;113;113
8;Barcelona;21;Maresme;08009;Argentona;1;1;A;;313;100;205;245;68;3;6;236;242
8;Barcelona;21;Maresme;08009;Argentona;1;1;B;;306;105;192;246;60;1;7;238;245
8;Barcelona;21;Maresme;08009;Argentona;1;2;A;;546;176;354;422;124;2;2;418;420
8;Barcelona;21;Maresme;08009;Argentona;1;2;B;;611;193;380;470;141;4;3;463;466
8;Barcelona;21;Maresme;08009;Argentona;1;3;A;;383;129;202;249;134;2;4;243;247
8;Barcelona;21;Maresme;08009;Argentona;1;3;B;;482;129;260;308;174;0;4;304;308
8;Barcelona;21;Maresme;08009;Argentona;1;4;A;;593;162;316;384;209;1;4;379;383
8;Barcelona;21;Maresme;08009;Argentona;1;4;B;;750;206;373;467;283;4;4;459;463
8;Barcelona;21;Maresme;08009;Argentona;1;5;A;;354;110;244;291;63;0;5;286;291
8;Barcelona;21;Maresme;08009;Argentona;1;5;B;;394;134;264;325;69;4;4;317;321
8;Barcelona;21;Maresme;08009;Argentona;1;6;A;;513;184;319;409;104;3;6;400;406
8;Barcelona;21;Maresme;08009;Argentona;1;6;B;;515;185;340;401;114;3;6;392;398
8;Barcelona;21;Maresme;08009;Argentona;1;6;C;;414;150;263;321;93;2;3;316;319
8;Barcelona;21;Maresme;08009;Argentona;2;1;A;;615;178;358;440;175;0;4;436;440
8;Barcelona;21;Maresme;08009;Argentona;2;1;B;;601;176;326;425;176;2;7;416;423
8;Barcelona;21;Maresme;08009;Argentona;2;1;C;;610;194;356;448;162;3;5;440;445
8;Barcelona;21;Maresme;08009;Argentona;2;2;A;;455;145;277;327;128;4;6;317;323
8;Barcelona;21;Maresme;08009;Argentona;2;2;B;;497;143;294;365;132;3;6;356;362
17;Girona;2;Alt Empordà;17011;Armentera, l';1;1;U;;613;268;442;515;98;1;3;511;514
43;Tarragona;37;Terra Alta;43018;Arnes;1;1;U;;428;162;293;348;80;8;7;333;340
25;Lleida;39;Consell General d'Aran;25031;Arres;1;1;U;;56;11;17;37;19;0;0;37;37
25;Lleida;4;Alt Urgell;25032;Arsèguel;1;1;U;;66;17;26;42;24;1;0;41;41
8;Barcelona;7;Bages;08010;Artés;1;1;A;;474;122;265;332;142;1;8;323;331
8;Barcelona;7;Bages;08010;Artés;1;1;B;;590;157;305;401;189;2;4;395;399
8;Barcelona;7;Bages;08010;Artés;2;1;A;;495;160;291;358;137;2;8;348;356
8;Barcelona;7;Bages;08010;Artés;2;1;B;;602;197;380;453;149;6;7;440;447
8;Barcelona;7;Bages;08010;Artés;2;2;U;;699;223;405;493;206;8;3;482;485
8;Barcelona;7;Bages;08010;Artés;2;3;A;;594;166;377;451;143;6;9;436;445
8;Barcelona;7;Bages;08010;Artés;2;3;B;;674;203;437;525;149;7;6;512;518
25;Lleida;33;Segrià;25033;Artesa de Lleida;1;1;A;;569;155;349;421;148;3;8;410;418
25;Lleida;33;Segrià;25033;Artesa de Lleida;1;1;B;;545;129;308;397;148;4;6;387;393
25;Lleida;23;Noguera;25034;Artesa de Segre;1;1;A;;613;176;380;474;139;3;3;468;471
25;Lleida;23;Noguera;25034;Artesa de Segre;1;1;B;;717;202;453;560;157;9;13;538;551
25;Lleida;23;Noguera;25034;Artesa de Segre;1;2;U;;601;172;320;390;211;3;4;383;387
25;Lleida;23;Noguera;25034;Artesa de Segre;2;1;U;;493;157;271;340;153;0;6;334;340
43;Tarragona;30;Ribera d'Ebre;43019;Ascó;1;1;A;;629;156;307;408;221;11;4;393;397
43;Tarragona;30;Ribera d'Ebre;43019;Ascó;1;1;B;;721;160;357;492;229;11;5;476;481
25;Lleida;33;Segrià;25036;Aspa;1;1;U;;187;57;121;144;43;8;6;130;136
25;Lleida;23;Noguera;25037;Avellanes i Santa Linya, les;1;1;U;;389;107;219;278;111;2;6;270;276
8;Barcelona;14;Berguedà;08011;Avià;1;1;A;;870;265;554;674;196;5;10;659;669
8;Barcelona;14;Berguedà;08011;Avià;1;1;B;;893;245;554;696;197;4;7;685;692
8;Barcelona;7;Bages;08012;Avinyó;1;1;A;;631;213;427;503;128;7;10;486;496
8;Barcelona;7;Bages;08012;Avinyó;1;1;B;;530;180;344;415;115;2;9;404;413
8;Barcelona;7;Bages;08012;Avinyó;1;1;C;;550;190;380;447;103;3;3;441;444
8;Barcelona;3;Alt Penedès;08013;Avinyonet del Penedès;1;1;A;;599;162;344;424;175;2;8;414;422
8;Barcelona;3;Alt Penedès;08013;Avinyonet del Penedès;1;1;B;;627;193;394;482;145;3;7;472;479
17;Girona;2;Alt Empordà;17012;Avinyonet de Puigventós;1;1;U;;1112;350;655;753;359;4;10;739;749
8;Barcelona;13;Barcelonès;08015;Badalona;1;1;A;;516;172;351;425;91;1;6;418;424
8;Barcelona;13;Barcelonès;08015;Badalona;1;1;B;;621;208;412;482;139;1;7;474;481
8;Barcelona;13;Barcelonès;08015;Badalona;1;2;U;;976;329;689;724;252;5;3;716;719
8;Barcelona;13;Barcelonès;08015;Badalona;1;3;U;;746;230;489;576;170;2;4;570;574
8;Barcelona;13;Barcelonès;08015;Badalona;1;4;U;;640;215;433;521;119;1;2;518;520
8;Barcelona;13;Barcelonès;08015;Badalona;1;5;A;;540;196;368;428;112;4;2;422;424
8;Barcelona;13;Barcelonès;08015;Badalona;1;5;B;;572;223;382;454;118;5;4;445;449
8;Barcelona;13;Barcelonès;08015;Badalona;1;7;U;;959;417;689;737;222;6;4;727;731
8;Barcelona;13;Barcelonès;08015;Badalona;1;8;U;;517;193;352;404;113;2;4;398;402
8;Barcelona;13;Barcelonès;08015;Badalona;2;1;A;;451;242;239;311;140;4;3;304;307
8;Barcelona;13;Barcelonès;08015;Badalona;2;1;B;;544;162;289;366;178;6;7;353;360
8;Barcelona;13;Barcelonès;08015;Badalona;2;10;A;;508;145;266;325;183;5;6;314;320
8;Barcelona;13;Barcelonès;08015;Badalona;2;10;B;;577;155;282;342;235;7;11;324;335
8;Barcelona;13;Barcelonès;08015;Badalona;2;11;A;;558;167;311;369;189;8;2;359;361
8;Barcelona;13;Barcelonès;08015;Badalona;2;11;B;;669;180;375;442;227;8;9;425;434
8;Barcelona;13;Barcelonès;08015;Badalona;2;12;U;;801;210;347;479;322;6;0;473;473
8;Barcelona;13;Barcelonès;08015;Badalona;2;13;U;;814;218;422;477;337;3;2;472;474
8;Barcelona;13;Barcelonès;08015;Badalona;2;15;U;;785;217;424;493;292;3;13;477;490
8;Barcelona;13;Barcelonès;08015;Badalona;2;2;A;;617;200;421;507;110;5;6;496;502
8;Barcelona;13;Barcelonès;08015;Badalona;2;2;B;;672;216;427;532;140;1;5;526;531
8;Barcelona;13;Barcelonès;08015;Badalona;2;3;U;;699;257;473;561;138;4;5;552;557
8;Barcelona;13;Barcelonès;08015;Badalona;2;4;A;;756;261;511;612;144;4;10;598;608
8;Barcelona;13;Barcelonès;08015;Badalona;2;4;B;;751;250;502;590;161;3;5;582;587
8;Barcelona;13;Barcelonès;08015;Badalona;2;5;U;;940;277;465;567;373;4;12;551;563
8;Barcelona;13;Barcelonès;08015;Badalona;2;7;U;;952;250;501;594;358;8;7;579;586
8;Barcelona;13;Barcelonès;08015;Badalona;2;8;A;;819;298;513;651;168;3;9;639;648
8;Barcelona;13;Barcelonès;08015;Badalona;2;8;B;;823;246;527;635;188;2;12;621;633
8;Barcelona;13;Barcelonès;08015;Badalona;2;9;U;;754;205;350;411;343;2;7;402;409
8;Barcelona;13;Barcelonès;08015;Badalona;3;1;A;;759;202;417;502;257;7;13;482;495
8;Barcelona;13;Barcelonès;08015;Badalona;3;1;B;;835;245;453;572;263;8;9;555;564
8;Barcelona;13;Barcelonès;08015;Badalona;3;10;U;;756;225;425;542;214;8;10;524;534
8;Barcelona;13;Barcelonès;08015;Badalona;3;11;U;;866;271;519;638;228;4;11;623;634
8;Barcelona;13;Barcelonès;08015;Badalona;3;12;U;;924;281;687;710;214;2;6;702;708
8;Barcelona;13;Barcelonès;08015;Badalona;3;13;A;;532;159;321;394;138;1;10;383;393
8;Barcelona;13;Barcelonès;08015;Badalona;3;13;B;;610;161;328;436;174;0;14;422;436
8;Barcelona;13;Barcelonès;08015;Badalona;3;13;C;;686;201;382;495;191;6;5;484;489
8;Barcelona;13;Barcelonès;08015;Badalona;3;3;A;;623;195;363;430;193;4;9;417;426
8;Barcelona;13;Barcelonès;08015;Badalona;3;3;B;;699;212;391;480;219;5;6;469;475
8;Barcelona;13;Barcelonès;08015;Badalona;3;4;A;;584;156;324;414;170;3;5;406;411
8;Barcelona;13;Barcelonès;08015;Badalona;3;4;B;;693;218;419;516;177;4;6;506;512
8;Barcelona;13;Barcelonès;08015;Badalona;3;5;A;;474;148;249;298;176;2;6;290;296
8;Barcelona;13;Barcelonès;08015;Badalona;3;5;B;;547;150;284;353;194;3;3;347;350
8;Barcelona;13;Barcelonès;08015;Badalona;3;6;U;;884;296;563;690;194;7;15;668;683
8;Barcelona;13;Barcelonès;08015;Badalona;3;7;A;;470;162;304;372;98;1;1;370;371
8;Barcelona;13;Barcelonès;08015;Badalona;3;7;B;;532;187;348;428;104;5;4;419;423
8;Barcelona;13;Barcelonès;08015;Badalona;3;8;U;;500;178;297;372;128;4;7;361;368
8;Barcelona;13;Barcelonès;08015;Badalona;3;9;U;;467;176;333;381;86;4;4;373;377
8;Barcelona;13;Barcelonès;08015;Badalona;4;1;A;;700;168;337;418;282;6;6;406;412
8;Barcelona;13;Barcelonès;08015;Badalona;4;1;B;;796;196;407;507;289;3;15;489;504
8;Barcelona;13;Barcelonès;08015;Badalona;4;10;U;;932;240;481;549;383;11;14;524;538
8;Barcelona;13;Barcelonès;08015;Badalona;4;11;A;;490;144;241;315;175;0;4;311;315
8;Barcelona;13;Barcelonès;08015;Badalona;4;11;B;;577;175;308;374;203;7;2;365;367
8;Barcelona;13;Barcelonès;08015;Badalona;4;12;A;;485;125;244;307;178;3;5;299;304
8;Barcelona;13;Barcelonès;08015;Badalona;4;12;B;;587;153;288;363;224;5;12;346;358
8;Barcelona;13;Barcelonès;08015;Badalona;4;13;U;;895;267;591;630;265;10;7;613;620
8;Barcelona;13;Barcelonès;08015;Badalona;4;14;A;;530;128;312;412;118;1;5;406;411
8;Barcelona;13;Barcelonès;08015;Badalona;4;14;B;;714;174;405;524;190;4;6;514;520
8;Barcelona;13;Barcelonès;08015;Badalona;4;14;C;;685;187;397;500;185;5;8;487;495
8;Barcelona;13;Barcelonès;08015;Badalona;4;15;A;;487;99;239;316;171;3;8;305;313
8;Barcelona;13;Barcelonès;08015;Badalona;4;15;B;;584;144;305;379;205;3;11;365;376
8;Barcelona;13;Barcelonès;08015;Badalona;4;16;A;;637;165;362;457;180;2;13;442;455
8;Barcelona;13;Barcelonès;08015;Badalona;4;16;B;;792;222;444;569;223;3;14;552;566
8;Barcelona;13;Barcelonès;08015;Badalona;4;2;A;;558;168;287;373;185;0;3;370;373
8;Barcelona;13;Barcelonès;08015;Badalona;4;2;B;;670;204;388;473;197;1;8;464;472
8;Barcelona;13;Barcelonès;08015;Badalona;4;3;A;;486;146;284;357;129;3;12;342;354
8;Barcelona;13;Barcelonès;08015;Badalona;4;3;B;;550;220;351;399;151;2;6;391;397
8;Barcelona;13;Barcelonès;08015;Badalona;4;4;A;;521;153;300;378;143;2;4;372;376
8;Barcelona;13;Barcelonès;08015;Badalona;4;4;B;;676;206;400;492;184;8;4;480;484
8;Barcelona;13;Barcelonès;08015;Badalona;4;4;C;;581;157;323;398;183;2;7;389;396
8;Barcelona;13;Barcelonès;08015;Badalona;4;5;A;;560;147;298;365;195;3;10;352;362
8;Barcelona;13;Barcelonès;08015;Badalona;4;5;B;;629;171;351;430;199;4;8;418;426
8;Barcelona;13;Barcelonès;08015;Badalona;4;6;A;;537;137;259;309;228;4;5;300;305
8;Barcelona;13;Barcelonès;08015;Badalona;4;6;B;;720;169;327;427;293;2;13;412;425
8;Barcelona;13;Barcelonès;08015;Badalona;4;6;C;;615;146;286;381;234;5;7;369;376
8;Barcelona;13;Barcelonès;08015;Badalona;4;7;A;;662;180;382;487;175;1;9;477;486
8;Barcelona;13;Barcelonès;08015;Badalona;4;7;B;;771;233;444;556;215;4;5;547;552
8;Barcelona;13;Barcelonès;08015;Badalona;4;8;A;;580;172;286;355;225;0;3;352;355
8;Barcelona;13;Barcelonès;08015;Badalona;4;8;B;;607;193;325;415;192;1;14;400;414
8;Barcelona;13;Barcelonès;08015;Badalona;4;9;U;;711;206;372;483;228;4;10;469;479
8;Barcelona;13;Barcelonès;08015;Badalona;5;1;A;;545;221;380;431;114;2;7;422;429
8;Barcelona;13;Barcelonès;08015;Badalona;5;1;B;;535;198;356;418;117;2;5;411;416
8;Barcelona;13;Barcelonès;08015;Badalona;5;1;C;;628;232;416;511;117;2;6;503;509
8;Barcelona;13;Barcelonès;08015;Badalona;5;2;U;;658;261;454;531;127;3;6;522;528
8;Barcelona;13;Barcelonès;08015;Badalona;5;3;A;;611;207;362;457;154;6;8;443;451
8;Barcelona;13;Barcelonès;08015;Badalona;5;3;B;;618;194;375;458;160;3;5;450;455
8;Barcelona;13;Barcelonès;08015;Badalona;5;3;C;;637;214;389;475;162;3;6;466;472
8;Barcelona;13;Barcelonès;08015;Badalona;5;4;A;;589;195;365;434;155;1;2;431;433
8;Barcelona;13;Barcelonès;08015;Badalona;5;4;B;;586;190;356;439;147;1;11;427;438
8;Barcelona;13;Barcelonès;08015;Badalona;5;4;C;;610;196;358;439;171;0;5;434;439
8;Barcelona;13;Barcelonès;08015;Badalona;5;5;A;;728;275;435;526;202;1;9;516;525
8;Barcelona;13;Barcelonès;08015;Badalona;5;5;B;;818;287;482;584;234;4;11;569;580
8;Barcelona;13;Barcelonès;08015;Badalona;5;6;A;;460;179;330;374;86;1;6;367;373
8;Barcelona;13;Barcelonès;08015;Badalona;5;6;B;;502;189;357;402;100;1;3;398;401
8;Barcelona;13;Barcelonès;08015;Badalona;6;1;A;;509;120;243;335;174;4;13;318;331
8;Barcelona;13;Barcelonès;08015;Badalona;6;1;B;;541;141;291;352;189;4;8;340;348
8;Barcelona;13;Barcelonès;08015;Badalona;6;2;A;;418;115;260;303;115;0;3;300;303
8;Barcelona;13;Barcelonès;08015;Badalona;6;2;B;;532;115;274;366;166;2;7;357;364
8;Barcelona;13;Barcelonès;08015;Badalona;6;2;C;;352;113;222;271;81;6;8;257;265
8;Barcelona;13;Barcelonès;08015;Badalona;6;3;U;;945;272;440;513;432;3;7;503;510
8;Barcelona;13;Barcelonès;08015;Badalona;6;4;A;;432;81;172;198;234;1;4;193;197
8;Barcelona;13;Barcelonès;08015;Badalona;6;4;B;;564;131;243;301;263;2;2;297;299
8;Barcelona;13;Barcelonès;08015;Badalona;6;5;A;;533;124;254;289;244;3;3;283;286
8;Barcelona;13;Barcelonès;08015;Badalona;6;5;B;;634;162;308;354;280;4;12;338;350
8;Barcelona;13;Barcelonès;08015;Badalona;6;6;U;;849;255;440;492;357;8;7;477;484
8;Barcelona;13;Barcelonès;08015;Badalona;7;1;A;;545;180;259;332;213;4;7;321;328
8;Barcelona;13;Barcelonès;08015;Badalona;7;1;B;;686;139;351;440;246;6;11;423;434
8;Barcelona;13;Barcelonès;08015;Badalona;7;10;U;;571;162;250;328;243;4;7;317;324
8;Barcelona;13;Barcelonès;08015;Badalona;7;11;A;;681;180;325;410;271;2;7;401;408
8;Barcelona;13;Barcelonès;08015;Badalona;7;11;B;;791;203;377;461;330;3;8;450;458
8;Barcelona;13;Barcelonès;08015;Badalona;7;12;A;;466;128;235;283;183;4;4;275;279
8;Barcelona;13;Barcelonès;08015;Badalona;7;12;B;;557;150;269;330;227;3;5;322;327
8;Barcelona;13;Barcelonès;08015;Badalona;7;13;A;;550;135;243;278;272;6;4;268;272
8;Barcelona;13;Barcelonès;08015;Badalona;7;13;B;;660;155;299;357;303;7;6;344;350
8;Barcelona;13;Barcelonès;08015;Badalona;7;14;A;;544;133;227;284;260;0;13;271;284
8;Barcelona;13;Barcelonès;08015;Badalona;7;14;B;;686;157;307;368;318;0;3;365;368
8;Barcelona;13;Barcelonès;08015;Badalona;7;15;U;;580;153;261;320;260;2;5;313;318
8;Barcelona;13;Barcelonès;08015;Badalona;7;17;U;;484;109;192;252;232;1;5;246;251
8;Barcelona;13;Barcelonès;08015;Badalona;7;18;A;;599;202;366;445;154;1;2;442;444
8;Barcelona;13;Barcelonès;08015;Badalona;7;18;B;;694;211;390;482;212;5;16;461;477
8;Barcelona;13;Barcelonès;08015;Badalona;7;2;A;;588;160;324;413;175;2;7;404;411
8;Barcelona;13;Barcelonès;08015;Badalona;7;2;B;;643;174;329;419;224;5;3;411;414
8;Barcelona;13;Barcelonès;08015;Badalona;7;2;C;;587;172;321;413;174;6;3;404;407
8;Barcelona;13;Barcelonès;08015;Badalona;7;20;U;;852;232;378;528;324;2;6;520;526
8;Barcelona;13;Barcelonès;08015;Badalona;7;21;U;;669;172;344;418;251;1;3;414;417
8;Barcelona;13;Barcelonès;08015;Badalona;7;22;U;;625;181;375;440;185;7;8;425;433
8;Barcelona;13;Barcelonès;08015;Badalona;7;23;A;;711;214;445;531;180;6;6;519;525
8;Barcelona;13;Barcelonès;08015;Badalona;7;23;B;;878;269;527;638;240;7;11;620;631
8;Barcelona;13;Barcelonès;08015;Badalona;7;24;A;;561;159;311;382;179;2;8;372;380
8;Barcelona;13;Barcelonès;08015;Badalona;7;24;B;;732;202;400;494;238;6;12;476;488
8;Barcelona;13;Barcelonès;08015;Badalona;7;25;A;;606;138;250;297;309;3;5;289;294
8;Barcelona;13;Barcelonès;08015;Badalona;7;25;B;;675;162;301;354;321;3;8;343;351
8;Barcelona;13;Barcelonès;08015;Badalona;7;28;A;;602;157;277;341;261;6;8;327;335
8;Barcelona;13;Barcelonès;08015;Badalona;7;28;B;;767;211;361;458;309;11;4;443;447
8;Barcelona;13;Barcelonès;08015;Badalona;7;29;A;;769;218;442;583;186;6;6;571;577
8;Barcelona;13;Barcelonès;08015;Badalona;7;29;B;;975;236;538;677;298;10;12;655;667
8;Barcelona;13;Barcelonès;08015;Badalona;7;3;A;;525;151;278;334;191;4;11;319;330
8;Barcelona;13;Barcelonès;08015;Badalona;7;3;B;;566;175;313;361;205;2;5;354;359
8;Barcelona;13;Barcelonès;08015;Badalona;7;30;A;;694;202;340;496;198;0;15;481;496
8;Barcelona;13;Barcelonès;08015;Badalona;7;30;B;;866;240;552;654;212;7;11;636;647
8;Barcelona;13;Barcelonès;08015;Badalona;7;31;A;;461;131;240;308;153;5;7;296;303
8;Barcelona;13;Barcelonès;08015;Badalona;7;31;B;;575;139;292;394;181;5;13;376;389
8;Barcelona;13;Barcelonès;08015;Badalona;7;4;U;;866;265;523;617;249;6;9;602;611
8;Barcelona;13;Barcelonès;08015;Badalona;7;5;U;;591;163;282;357;234;3;4;350;354
8;Barcelona;13;Barcelonès;08015;Badalona;7;6;U;;771;242;437;558;213;4;3;551;554
8;Barcelona;13;Barcelonès;08015;Badalona;7;7;U;;597;144;245;301;296;7;2;292;294
8;Barcelona;13;Barcelonès;08015;Badalona;7;8;U;;827;215;359;432;395;2;5;425;430
8;Barcelona;13;Barcelonès;08015;Badalona;7;9;U;;508;145;303;322;186;2;4;316;320
8;Barcelona;13;Barcelonès;08015;Badalona;8;1;U;;473;87;183;231;242;6;2;223;225
8;Barcelona;13;Barcelonès;08015;Badalona;8;10;A;;502;139;245;299;203;3;9;287;296
8;Barcelona;13;Barcelonès;08015;Badalona;8;10;B;;562;162;281;334;228;1;3;330;333
8;Barcelona;13;Barcelonès;08015;Badalona;8;11;U;;692;171;377;463;229;1;10;452;462
8;Barcelona;13;Barcelonès;08015;Badalona;8;12;A;;599;169;339;442;157;3;7;432;439
8;Barcelona;13;Barcelonès;08015;Badalona;8;12;B;;632;197;404;497;135;4;11;482;493
8;Barcelona;13;Barcelonès;08015;Badalona;8;12;C;;604;184;379;482;122;2;2;478;480
8;Barcelona;13;Barcelonès;08015;Badalona;8;13;U;;715;178;365;482;233;2;6;474;480
8;Barcelona;13;Barcelonès;08015;Badalona;8;2;A;;548;146;291;357;191;3;5;349;354
8;Barcelona;13;Barcelonès;08015;Badalona;8;2;B;;665;172;354;469;196;2;5;462;467
8;Barcelona;13;Barcelonès;08015;Badalona;8;2;C;;635;178;361;435;200;5;8;422;430
8;Barcelona;13;Barcelonès;08015;Badalona;8;3;A;;703;188;368;467;236;3;2;462;464
8;Barcelona;13;Barcelonès;08015;Badalona;8;3;B;;798;220;440;556;242;0;11;545;556
8;Barcelona;13;Barcelonès;08015;Badalona;8;4;U;;577;160;313;385;192;4;4;377;381
8;Barcelona;13;Barcelonès;08015;Badalona;8;5;U;;712;184;320;394;318;3;7;384;391
8;Barcelona;13;Barcelonès;08015;Badalona;8;6;A;;595;151;315;392;203;4;6;382;388
8;Barcelona;13;Barcelonès;08015;Badalona;8;6;B;;741;222;418;530;211;2;7;521;528
8;Barcelona;13;Barcelonès;08015;Badalona;8;7;U;;904;244;404;497;407;3;15;479;494
8;Barcelona;13;Barcelonès;08015;Badalona;8;8;A;;718;203;361;466;252;4;10;452;462
8;Barcelona;13;Barcelonès;08015;Badalona;8;8;B;;789;215;417;519;270;3;10;506;516
8;Barcelona;13;Barcelonès;08015;Badalona;8;9;A;;451;150;237;289;162;1;9;279;288
8;Barcelona;13;Barcelonès;08015;Badalona;8;9;B;;541;149;274;343;198;4;1;338;339
8;Barcelona;13;Barcelonès;08015;Badalona;9;1;A;;551;134;279;316;235;1;5;310;315
8;Barcelona;13;Barcelonès;08015;Badalona;9;1;B;;592;125;294;339;253;2;4;333;337
8;Barcelona;13;Barcelonès;08015;Badalona;9;10;A;;492;111;203;233;259;6;3;224;227
8;Barcelona;13;Barcelonès;08015;Badalona;9;10;B;;647;171;280;318;329;2;6;310;316
8;Barcelona;13;Barcelonès;08015;Badalona;9;11;U;;682;204;384;439;243;4;11;424;435
8;Barcelona;13;Barcelonès;08015;Badalona;9;12;A;;516;158;173;331;185;2;7;322;329
8;Barcelona;13;Barcelonès;08015;Badalona;9;12;B;;562;150;260;347;215;1;7;339;346
8;Barcelona;13;Barcelonès;08015;Badalona;9;13;U;;576;214;343;396;180;0;3;393;396
8;Barcelona;13;Barcelonès;08015;Badalona;9;14;A;;513;168;302;357;156;3;6;348;354
8;Barcelona;13;Barcelonès;08015;Badalona;9;14;B;;624;216;363;427;197;7;12;408;420
8;Barcelona;13;Barcelonès;08015;Badalona;9;15;A;;514;130;239;288;226;0;6;282;288
8;Barcelona;13;Barcelonès;08015;Badalona;9;15;B;;631;161;304;377;254;5;2;370;372
8;Barcelona;13;Barcelonès;08015;Badalona;9;16;A;;594;167;278;354;240;3;7;344;351
8;Barcelona;13;Barcelonès;08015;Badalona;9;16;B;;622;181;305;397;225;4;4;389;393
8;Barcelona;13;Barcelonès;08015;Badalona;9;17;U;;868;198;342;426;442;5;7;414;421
8;Barcelona;13;Barcelonès;08015;Badalona;9;18;A;;666;177;319;388;278;6;2;380;382
8;Barcelona;13;Barcelonès;08015;Badalona;9;18;B;;731;180;347;439;292;6;4;429;433
8;Barcelona;13;Barcelonès;08015;Badalona;9;19;U;;763;208;264;448;315;3;6;439;445
8;Barcelona;13;Barcelonès;08015;Badalona;9;2;A;;546;78;164;207;339;1;6;200;206
8;Barcelona;13;Barcelonès;08015;Badalona;9;2;B;;479;89;180;217;262;0;6;211;217
8;Barcelona;13;Barcelonès;08015;Badalona;9;20;U;;531;148;283;360;171;3;1;356;357
8;Barcelona;13;Barcelonès;08015;Badalona;9;21;A;;505;160;259;307;198;3;7;297;304
8;Barcelona;13;Barcelonès;08015;Badalona;9;21;B;;547;154;313;321;226;4;2;315;317
8;Barcelona;13;Barcelonès;08015;Badalona;9;22;A;;458;137;243;310;148;2;4;304;308
8;Barcelona;13;Barcelonès;08015;Badalona;9;22;B;;549;157;293;357;192;2;7;348;355
8;Barcelona;13;Barcelonès;08015;Badalona;9;23;U;;501;143;235;291;210;4;8;279;287
8;Barcelona;13;Barcelonès;08015;Badalona;9;24;A;;692;191;370;471;221;2;1;468;469
8;Barcelona;13;Barcelonès;08015;Badalona;9;24;B;;814;226;425;542;272;2;8;532;540
8;Barcelona;13;Barcelonès;08015;Badalona;9;25;U;;841;190;381;469;372;8;7;454;461
8;Barcelona;13;Barcelonès;08015;Badalona;9;26;U;;957;267;489;627;330;3;9;615;624
8;Barcelona;13;Barcelonès;08015;Badalona;9;27;U;;535;150;251;313;222;5;7;301;308
8;Barcelona;13;Barcelonès;08015;Badalona;9;28;A;;727;166;304;376;351;2;5;369;374
8;Barcelona;13;Barcelonès;08015;Badalona;9;28;B;;845;198;367;447;398;8;4;435;439
8;Barcelona;13;Barcelonès;08015;Badalona;9;3;U;;633;121;276;365;268;0;8;357;365
8;Barcelona;13;Barcelonès;08015;Badalona;9;30;U;;978;225;398;533;445;5;6;522;528
8;Barcelona;13;Barcelonès;08015;Badalona;9;31;U;;804;227;452;544;260;5;7;532;539
8;Barcelona;13;Barcelonès;08015;Badalona;9;32;U;;614;172;276;349;265;0;11;338;349
8;Barcelona;13;Barcelonès;08015;Badalona;9;33;A;;537;145;276;346;191;4;12;330;342
8;Barcelona;13;Barcelonès;08015;Badalona;9;33;B;;703;225;385;463;240;3;6;454;460
8;Barcelona;13;Barcelonès;08015;Badalona;9;34;A;;649;171;362;449;200;2;14;433;447
8;Barcelona;13;Barcelonès;08015;Badalona;9;34;B;;764;228;415;532;232;3;13;516;529
8;Barcelona;13;Barcelonès;08015;Badalona;9;35;A;;470;151;250;292;178;3;7;282;289
8;Barcelona;13;Barcelonès;08015;Badalona;9;35;B;;621;171;296;362;259;2;6;354;360
8;Barcelona;13;Barcelonès;08015;Badalona;9;36;U;;941;257;472;563;378;5;14;544;558
8;Barcelona;13;Barcelonès;08015;Badalona;9;37;U;;584;103;206;263;321;3;4;256;260
8;Barcelona;13;Barcelonès;08015;Badalona;9;38;U;;792;182;348;419;373;6;4;409;413
8;Barcelona;13;Barcelonès;08015;Badalona;9;4;U;;901;133;241;307;594;2;7;298;305
8;Barcelona;13;Barcelonès;08015;Badalona;9;42;U;;749;81;168;205;544;2;1;202;203
8;Barcelona;13;Barcelonès;08015;Badalona;9;43;A;;653;164;340;437;216;0;4;433;437
8;Barcelona;13;Barcelonès;08015;Badalona;9;43;B;;747;195;372;505;242;4;10;491;501
8;Barcelona;13;Barcelonès;08015;Badalona;9;44;U;;672;163;300;380;292;3;7;370;377
8;Barcelona;13;Barcelonès;08015;Badalona;9;45;A;;551;169;305;365;186;4;5;356;361
8;Barcelona;13;Barcelonès;08015;Badalona;9;45;B;;675;188;377;452;223;4;7;441;448
8;Barcelona;13;Barcelonès;08015;Badalona;9;47;U;;731;212;360;443;288;7;8;428;436
8;Barcelona;13;Barcelonès;08015;Badalona;9;49;A;;471;130;237;287;184;2;6;279;285
8;Barcelona;13;Barcelonès;08015;Badalona;9;49;B;;510;143;264;323;187;0;3;320;323
8;Barcelona;13;Barcelonès;08015;Badalona;9;5;U;;809;199;348;427;382;11;4;412;416
8;Barcelona;13;Barcelonès;08015;Badalona;9;50;U;;627;161;306;398;229;3;12;383;395
8;Barcelona;13;Barcelonès;08015;Badalona;9;52;U;;667;198;352;433;234;1;4;428;432
8;Barcelona;13;Barcelonès;08015;Badalona;9;53;U;;787;189;379;479;308;8;10;461;471
8;Barcelona;13;Barcelonès;08015;Badalona;9;54;U;;849;313;497;574;275;3;14;557;571
8;Barcelona;13;Barcelonès;08015;Badalona;9;57;U;;915;202;417;554;361;7;1;546;547
8;Barcelona;13;Barcelonès;08015;Badalona;9;58;A;;504;132;268;337;167;4;5;328;333
8;Barcelona;13;Barcelonès;08015;Badalona;9;58;B;;599;180;325;415;184;2;5;408;413
8;Barcelona;13;Barcelonès;08015;Badalona;9;59;U;;833;242;469;572;261;5;13;554;567
8;Barcelona;13;Barcelonès;08015;Badalona;9;6;U;;847;211;345;394;453;1;0;393;393
8;Barcelona;13;Barcelonès;08015;Badalona;9;8;A;;526;138;221;265;261;3;3;259;262
8;Barcelona;13;Barcelonès;08015;Badalona;9;8;B;;583;168;262;317;266;6;4;307;311
8;Barcelona;13;Barcelonès;08015;Badalona;9;9;U;;848;264;456;556;292;9;23;524;547
8;Barcelona;40;Vallès Occidental;08904;Badia del Vallès;1;1;A;;407;112;199;247;160;11;5;231;236
8;Barcelona;40;Vallès Occidental;08904;Badia del Vallès;1;1;B;;463;135;250;293;170;3;4;286;290
8;Barcelona;40;Vallès Occidental;08904;Badia del Vallès;1;10;A;;368;111;192;232;136;3;2;227;229
8;Barcelona;40;Vallès Occidental;08904;Badia del Vallès;1;10;B;;372;115;195;238;134;3;11;224;235
8;Barcelona;40;Vallès Occidental;08904;Badia del Vallès;1;11;A;;469;142;239;281;188;2;1;278;279
8;Barcelona;40;Vallès Occidental;08904;Badia del Vallès;1;11;B;;456;115;235;287;169;2;3;282;285
8;Barcelona;40;Vallès Occidental;08904;Badia del Vallès;1;12;A;;448;151;253;310;138;5;1;304;305
8;Barcelona;40;Vallès Occidental;08904;Badia del Vallès;1;12;B;;440;117;230;270;170;1;8;261;269
8;Barcelona;40;Vallès Occidental;08904;Badia del Vallès;1;2;U;;672;170;299;371;301;6;7;358;365
8;Barcelona;40;Vallès Occidental;08904;Badia del Vallès;1;3;A;;464;132;233;292;172;5;1;286;287
8;Barcelona;40;Vallès Occidental;08904;Badia del Vallès;1;3;B;;508;117;216;287;221;4;3;280;283
8;Barcelona;40;Vallès Occidental;08904;Badia del Vallès;1;4;A;;430;115;187;231;199;2;1;228;229
8;Barcelona;40;Vallès Occidental;08904;Badia del Vallès;1;4;B;;487;138;210;269;218;1;4;264;268
8;Barcelona;40;Vallès Occidental;08904;Badia del Vallès;1;5;A;;433;82;174;227;206;2;1;224;225
8;Barcelona;40;Vallès Occidental;08904;Badia del Vallès;1;5;B;;449;113;216;256;193;3;3;250;253
8;Barcelona;40;Vallès Occidental;08904;Badia del Vallès;1;6;A;;553;145;273;334;219;0;5;329;334
8;Barcelona;40;Vallès Occidental;08904;Badia del Vallès;1;6;B;;605;161;292;373;232;2;8;363;371
8;Barcelona;40;Vallès Occidental;08904;Badia del Vallès;1;7;A;;458;113;215;271;187;2;3;266;269
8;Barcelona;40;Vallès Occidental;08904;Badia del Vallès;1;7;B;;381;121;200;252;129;1;5;246;251
8;Barcelona;40;Vallès Occidental;08904;Badia del Vallès;1;8;A;;481;111;208;264;217;1;4;259;263
8;Barcelona;40;Vallès Occidental;08904;Badia del Vallès;1;8;B;;371;97;97;220;151;0;0;220;220
8;Barcelona;40;Vallès Occidental;08904;Badia del Vallès;1;9;A;;471;111;218;265;206;1;2;262;264
8;Barcelona;40;Vallès Occidental;08904;Badia del Vallès;1;9;B;;374;93;168;205;169;3;8;194;202
8;Barcelona;14;Berguedà;08016;Bagà;1;1;A;;902;252;521;646;256;10;11;625;636
8;Barcelona;14;Berguedà;08016;Bagà;1;1;B;;1040;283;623;782;258;4;11;767;778
25;Lleida;26;Pallars Sobirà;25039;Baix Pallars;1;1;U;;291;63;129;214;77;2;4;208;212
25;Lleida;23;Noguera;25040;Balaguer;1;1;A;;389;101;184;236;153;0;5;231;236
25;Lleida;23;Noguera;25040;Balaguer;1;1;B;;368;96;190;233;135;1;4;228;232
25;Lleida;23;Noguera;25040;Balaguer;1;2;U;;895;206;501;586;309;4;12;570;582
25;Lleida;23;Noguera;25040;Balaguer;2;1;A;;264;55;89;113;151;0;4;109;113
25;Lleida;23;Noguera;25040;Balaguer;2;1;B;;274;57;106;159;115;4;4;151;155
25;Lleida;23;Noguera;25040;Balaguer;2;1;C;;321;32;76;108;213;1;1;106;107
25;Lleida;23;Noguera;25040;Balaguer;3;1;A;;982;260;497;675;307;12;21;642;663
25;Lleida;23;Noguera;25040;Balaguer;3;1;B;;997;228;506;692;305;8;18;666;684
25;Lleida;23;Noguera;25040;Balaguer;3;2;U;;844;206;405;547;297;13;10;524;534
25;Lleida;23;Noguera;25040;Balaguer;4;1;A;;567;160;337;420;147;7;16;397;413
25;Lleida;23;Noguera;25040;Balaguer;4;1;B;;617;185;365;463;154;7;14;442;456
25;Lleida;23;Noguera;25040;Balaguer;4;2;A;;549;131;288;363;186;6;7;350;357
25;Lleida;23;Noguera;25040;Balaguer;4;2;B;;657;205;358;452;205;2;9;441;450
25;Lleida;23;Noguera;25040;Balaguer;4;3;A;;572;152;307;408;164;2;8;398;406
25;Lleida;23;Noguera;25040;Balaguer;4;3;B;;629;157;360;467;162;5;5;457;462
25;Lleida;23;Noguera;25040;Balaguer;4;4;A;;703;175;412;525;178;4;14;507;521
25;Lleida;23;Noguera;25040;Balaguer;4;4;B;;913;223;534;690;223;4;12;674;686
8;Barcelona;24;Osona;08017;Balenyà;1;1;A;;662;198;403;490;172;5;8;477;485
8;Barcelona;24;Osona;08017;Balenyà;1;1;B;;594;161;332;415;179;5;7;403;410
8;Barcelona;24;Osona;08017;Balenyà;1;1;C;;751;209;434;541;210;4;5;532;537
8;Barcelona;24;Osona;08017;Balenyà;1;2;U;;759;224;470;564;195;3;7;554;561
8;Barcelona;7;Bages;08018;Balsareny;1;1;A;;428;89;232;299;129;1;5;293;298
8;Barcelona;7;Bages;08018;Balsareny;1;1;B;;455;121;253;309;146;2;5;302;307
8;Barcelona;7;Bages;08018;Balsareny;1;1;C;;435;100;239;296;139;0;2;294;296
8;Barcelona;7;Bages;08018;Balsareny;1;2;A;;486;135;220;319;167;3;5;311;316
8;Barcelona;7;Bages;08018;Balsareny;1;2;B;;500;148;276;341;159;3;5;333;338
8;Barcelona;7;Bages;08018;Balsareny;1;3;U;;342;109;202;256;86;4;4;248;252
43;Tarragona;12;Baix Penedès;43020;Banyeres del Penedès;1;1;A;;623;207;380;436;187;16;5;415;420
43;Tarragona;12;Baix Penedès;43020;Banyeres del Penedès;1;1;B;;698;214;423;505;193;7;10;488;498
43;Tarragona;12;Baix Penedès;43020;Banyeres del Penedès;1;2;U;;827;250;463;562;265;13;9;540;549
17;Girona;28;Pla de l'Estany;17015;Banyoles;1;1;A;;562;204;330;389;173;4;6;379;385
17;Girona;28;Pla de l'Estany;17015;Banyoles;1;1;B;;625;225;400;475;150;2;4;469;473
17;Girona;28;Pla de l'Estany;17015;Banyoles;1;2;U;;705;292;470;571;134;4;4;563;567
17;Girona;28;Pla de l'Estany;17015;Banyoles;1;3;U;;951;330;565;693;258;0;8;685;693
17;Girona;28;Pla de l'Estany;17015;Banyoles;1;4;A;;603;204;375;428;175;6;1;421;422
17;Girona;28;Pla de l'Estany;17015;Banyoles;1;4;B;;659;241;430;495;164;3;5;487;492
17;Girona;28;Pla de l'Estany;17015;Banyoles;1;5;A;;524;174;346;399;125;2;3;394;397
17;Girona;28;Pla de l'Estany;17015;Banyoles;1;5;B;;521;179;328;395;126;6;4;385;389
17;Girona;28;Pla de l'Estany;17015;Banyoles;2;1;A;;601;247;417;487;114;2;4;481;485
17;Girona;28;Pla de l'Estany;17015;Banyoles;2;1;B;;692;248;458;541;151;1;3;537;540
17;Girona;28;Pla de l'Estany;17015;Banyoles;2;2;U;;895;337;593;684;211;0;4;680;684
17;Girona;28;Pla de l'Estany;17015;Banyoles;2;3;A;;628;231;404;475;153;5;6;464;470
17;Girona;28;Pla de l'Estany;17015;Banyoles;2;3;B;;684;260;462;527;157;3;7;517;524
17;Girona;28;Pla de l'Estany;17015;Banyoles;2;4;U;;551;197;361;427;124;1;2;424;426
17;Girona;28;Pla de l'Estany;17015;Banyoles;2;5;U;;876;302;597;718;158;6;5;707;712
17;Girona;28;Pla de l'Estany;17015;Banyoles;3;1;A;;619;214;404;494;125;1;5;488;493
17;Girona;28;Pla de l'Estany;17015;Banyoles;3;1;B;;673;244;431;531;142;3;6;522;528
17;Girona;28;Pla de l'Estany;17015;Banyoles;3;2;U;;905;252;495;595;310;3;5;587;592
25;Lleida;27;Pla d'Urgell;25041;Barbens;1;1;U;;609;152;361;466;143;5;14;447;461
43;Tarragona;16;Conca de Barberà;43021;Barberà de la Conca;1;1;U;;382;98;189;239;143;1;2;236;238
8;Barcelona;40;Vallès Occidental;08252;Barberà del Vallès;1;1;A;;552;147;280;398;154;2;6;390;396
8;Barcelona;40;Vallès Occidental;08252;Barberà del Vallès;1;1;B;;673;185;347;485;188;3;8;474;482
8;Barcelona;40;Vallès Occidental;08252;Barberà del Vallès;1;1;C;;701;175;367;482;219;6;4;472;476
8;Barcelona;40;Vallès Occidental;08252;Barberà del Vallès;1;10;A;;525;161;300;382;143;1;6;375;381
8;Barcelona;40;Vallès Occidental;08252;Barberà del Vallès;1;10;B;;572;168;295;408;164;6;7;395;402
8;Barcelona;40;Vallès Occidental;08252;Barberà del Vallès;1;11;A;;699;208;345;494;205;9;8;477;485
8;Barcelona;40;Vallès Occidental;08252;Barberà del Vallès;1;11;B;;603;188;330;418;185;4;4;410;414
8;Barcelona;40;Vallès Occidental;08252;Barberà del Vallès;1;18;U;;793;197;384;499;294;3;6;490;496
8;Barcelona;40;Vallès Occidental;08252;Barberà del Vallès;1;19;A;;573;142;300;379;194;6;8;365;373
8;Barcelona;40;Vallès Occidental;08252;Barberà del Vallès;1;19;B;;474;133;247;316;158;3;7;306;313
8;Barcelona;40;Vallès Occidental;08252;Barberà del Vallès;1;2;U;;884;225;447;590;294;8;11;571;582
8;Barcelona;40;Vallès Occidental;08252;Barberà del Vallès;1;20;U;;773;208;361;487;286;4;14;469;483
8;Barcelona;40;Vallès Occidental;08252;Barberà del Vallès;1;21;A;;508;153;270;362;146;6;6;350;356
8;Barcelona;40;Vallès Occidental;08252;Barberà del Vallès;1;21;B;;483;122;256;338;145;0;6;332;338
8;Barcelona;40;Vallès Occidental;08252;Barberà del Vallès;1;22;A;;839;206;435;584;255;4;12;568;580
8;Barcelona;40;Vallès Occidental;08252;Barberà del Vallès;1;22;B;;799;230;442;589;210;4;14;571;585
8;Barcelona;40;Vallès Occidental;08252;Barberà del Vallès;1;23;U;;643;172;406;459;184;1;8;450;458
8;Barcelona;40;Vallès Occidental;08252;Barberà del Vallès;1;24;U;;712;156;347;485;227;4;7;474;481
8;Barcelona;40;Vallès Occidental;08252;Barberà del Vallès;1;25;U;;830;202;432;554;276;4;10;540;550
8;Barcelona;40;Vallès Occidental;08252;Barberà del Vallès;1;26;A;;921;244;492;637;284;12;9;616;625
8;Barcelona;40;Vallès Occidental;08252;Barberà del Vallès;1;26;B;;750;183;392;511;239;3;5;503;508
8;Barcelona;40;Vallès Occidental;08252;Barberà del Vallès;1;27;A;;701;170;383;524;177;7;12;505;517
8;Barcelona;40;Vallès Occidental;08252;Barberà del Vallès;1;27;B;;845;225;462;635;210;12;12;611;623
8;Barcelona;40;Vallès Occidental;08252;Barberà del Vallès;1;27;C;;825;223;469;613;212;6;15;592;607
8;Barcelona;40;Vallès Occidental;08252;Barberà del Vallès;1;28;A;;586;174;316;407;179;4;10;393;403
8;Barcelona;40;Vallès Occidental;08252;Barberà del Vallès;1;28;B;;567;150;301;382;185;5;8;369;377
8;Barcelona;40;Vallès Occidental;08252;Barberà del Vallès;1;3;A;;586;2;302;381;205;5;1;375;376
8;Barcelona;40;Vallès Occidental;08252;Barberà del Vallès;1;3;B;;509;151;253;313;196;1;3;309;312
8;Barcelona;40;Vallès Occidental;08252;Barberà del Vallès;1;4;A;;547;144;293;362;185;1;8;353;361
8;Barcelona;40;Vallès Occidental;08252;Barberà del Vallès;1;4;B;;553;155;314;380;173;3;6;371;377
8;Barcelona;40;Vallès Occidental;08252;Barberà del Vallès;1;5;A;;541;145;270;344;197;4;7;333;340
8;Barcelona;40;Vallès Occidental;08252;Barberà del Vallès;1;5;B;;509;130;269;337;172;1;12;324;336
8;Barcelona;40;Vallès Occidental;08252;Barberà del Vallès;1;6;U;;813;256;454;565;248;7;9;549;558
8;Barcelona;40;Vallès Occidental;08252;Barberà del Vallès;1;7;U;;703;173;372;463;240;2;7;454;461
8;Barcelona;40;Vallès Occidental;08252;Barberà del Vallès;1;8;A;;536;145;276;357;179;7;5;345;350
8;Barcelona;40;Vallès Occidental;08252;Barberà del Vallès;1;8;B;;445;108;211;282;163;2;8;272;280
8;Barcelona;40;Vallès Occidental;08252;Barberà del Vallès;1;9;U;;641;200;334;492;149;2;14;476;490
8;Barcelona;13;Barcelonès;08019;Barcelona;1;1;U;;646;187;317;372;274;3;3;366;369
8;Barcelona;13;Barcelonès;08019;Barcelona;1;10;U;;858;176;343;390;468;2;3;385;388
8;Barcelona;13;Barcelonès;08019;Barcelona;1;11;U;;1265;250;475;584;681;7;2;575;577
8;Barcelona;13;Barcelonès;08019;Barcelona;1;12;U;;903;235;494;522;381;3;5;514;519
8;Barcelona;13;Barcelonès;08019;Barcelona;1;13;U;;748;187;395;476;272;3;2;471;473
8;Barcelona;13;Barcelonès;08019;Barcelona;1;14;U;;921;203;377;478;443;5;3;470;473
8;Barcelona;13;Barcelonès;08019;Barcelona;1;15;U;;1042;245;499;588;454;1;15;572;587
8;Barcelona;13;Barcelonès;08019;Barcelona;1;16;U;;926;223;390;475;451;3;4;468;472
8;Barcelona;13;Barcelonès;08019;Barcelona;1;17;U;;997;212;412;509;488;8;6;495;501
8;Barcelona;13;Barcelonès;08019;Barcelona;1;18;U;;764;201;354;415;349;6;4;405;409
8;Barcelona;13;Barcelonès;08019;Barcelona;1;19;U;;1219;263;472;574;645;9;5;560;565
8;Barcelona;13;Barcelonès;08019;Barcelona;1;2;U;;646;120;238;297;349;0;0;297;297
8;Barcelona;13;Barcelonès;08019;Barcelona;1;20;A;;650;183;365;438;212;3;7;428;435
8;Barcelona;13;Barcelonès;08019;Barcelona;1;20;B;;633;152;336;403;230;0;8;395;403
8;Barcelona;13;Barcelonès;08019;Barcelona;1;21;U;;1161;294;681;726;435;2;5;719;724
8;Barcelona;13;Barcelonès;08019;Barcelona;1;22;U;;752;245;425;520;232;2;5;513;518
8;Barcelona;13;Barcelonès;08019;Barcelona;1;23;U;;967;242;564;603;364;5;4;594;598
8;Barcelona;13;Barcelonès;08019;Barcelona;1;24;U;;573;84;152;186;387;1;2;183;185
8;Barcelona;13;Barcelonès;08019;Barcelona;1;25;U;;710;205;359;434;276;3;3;428;431
8;Barcelona;13;Barcelonès;08019;Barcelona;1;26;U;;964;223;421;532;432;2;4;526;530
8;Barcelona;13;Barcelonès;08019;Barcelona;1;27;U;;887;220;422;528;359;2;8;518;526
8;Barcelona;13;Barcelonès;08019;Barcelona;1;28;U;;1050;213;454;558;492;2;4;552;556
8;Barcelona;13;Barcelonès;08019;Barcelona;1;29;U;;706;141;315;400;306;3;4;393;397
8;Barcelona;13;Barcelonès;08019;Barcelona;1;3;A;;731;155;291;356;375;6;6;344;350
8;Barcelona;13;Barcelonès;08019;Barcelona;1;3;B;;676;190;318;366;310;0;6;360;366
8;Barcelona;13;Barcelonès;08019;Barcelona;1;30;A;;699;179;290;371;328;6;1;364;365
8;Barcelona;13;Barcelonès;08019;Barcelona;1;30;B;;646;186;282;359;287;4;4;351;355
8;Barcelona;13;Barcelonès;08019;Barcelona;1;31;U;;777;193;313;394;383;0;3;391;394
8;Barcelona;13;Barcelonès;08019;Barcelona;1;32;U;;1135;294;527;644;491;7;4;633;637
8;Barcelona;13;Barcelonès;08019;Barcelona;1;33;U;;654;161;294;356;298;1;1;354;355
8;Barcelona;13;Barcelonès;08019;Barcelona;1;34;U;;638;164;273;319;319;2;1;316;317
8;Barcelona;13;Barcelonès;08019;Barcelona;1;35;U;;784;222;352;425;359;5;3;417;420
8;Barcelona;13;Barcelonès;08019;Barcelona;1;36;U;;859;233;412;490;369;12;3;475;478
8;Barcelona;13;Barcelonès;08019;Barcelona;1;37;U;;934;251;428;535;399;6;3;526;529
8;Barcelona;13;Barcelonès;08019;Barcelona;1;38;U;;829;209;370;449;380;2;3;444;447
8;Barcelona;13;Barcelonès;08019;Barcelona;1;39;U;;881;235;442;533;348;6;6;521;527
8;Barcelona;13;Barcelonès;08019;Barcelona;1;4;A;;701;177;328;407;294;3;7;397;404
8;Barcelona;13;Barcelonès;08019;Barcelona;1;4;B;;688;170;331;418;270;3;4;411;415
8;Barcelona;13;Barcelonès;08019;Barcelona;1;40;U;;667;218;345;388;279;2;3;383;386
8;Barcelona;13;Barcelonès;08019;Barcelona;1;41;U;;802;201;368;428;374;1;4;423;427
8;Barcelona;13;Barcelonès;08019;Barcelona;1;42;U;;1323;331;639;747;576;11;13;723;736
8;Barcelona;13;Barcelonès;08019;Barcelona;1;43;U;;718;165;341;445;273;7;3;435;438
8;Barcelona;13;Barcelonès;08019;Barcelona;1;44;U;;859;195;427;545;314;4;1;540;541
8;Barcelona;13;Barcelonès;08019;Barcelona;1;45;U;;1141;230;527;636;505;5;5;626;631
8;Barcelona;13;Barcelonès;08019;Barcelona;1;46;U;;936;224;507;540;396;5;5;530;535
8;Barcelona;13;Barcelonès;08019;Barcelona;1;47;U;;978;254;462;536;442;6;4;526;530
8;Barcelona;13;Barcelonès;08019;Barcelona;1;48;U;;1154;231;491;582;572;3;2;577;579
8;Barcelona;13;Barcelonès;08019;Barcelona;1;49;U;;828;227;438;530;298;10;2;518;520
8;Barcelona;13;Barcelonès;08019;Barcelona;1;5;U;;1170;208;423;526;644;3;6;517;523
8;Barcelona;13;Barcelonès;08019;Barcelona;1;50;U;;859;240;464;515;344;2;4;509;513
8;Barcelona;13;Barcelonès;08019;Barcelona;1;51;U;;878;170;392;481;397;3;7;471;478
8;Barcelona;13;Barcelonès;08019;Barcelona;1;52;A;;668;194;359;449;219;6;6;437;443
8;Barcelona;13;Barcelonès;08019;Barcelona;1;52;B;;597;178;347;420;177;1;5;414;419
8;Barcelona;13;Barcelonès;08019;Barcelona;1;53;U;;1152;294;535;626;526;5;8;613;621
8;Barcelona;13;Barcelonès;08019;Barcelona;1;54;U;;743;202;371;442;301;4;0;438;438
8;Barcelona;13;Barcelonès;08019;Barcelona;1;55;U;;886;274;495;587;299;1;4;582;586
8;Barcelona;13;Barcelonès;08019;Barcelona;1;6;U;;703;149;275;326;377;4;4;318;322
8;Barcelona;13;Barcelonès;08019;Barcelona;1;7;U;;796;169;348;393;403;5;2;386;388
8;Barcelona;13;Barcelonès;08019;Barcelona;1;8;U;;1238;276;474;552;686;3;6;543;549
8;Barcelona;13;Barcelonès;08019;Barcelona;1;9;U;;1007;267;462;558;449;1;9;548;557
8;Barcelona;13;Barcelonès;08019;Barcelona;10;1;U;;1145;298;621;746;399;3;10;733;743
8;Barcelona;13;Barcelonès;08019;Barcelona;10;10;A;;663;170;351;438;225;2;5;431;436
8;Barcelona;13;Barcelonès;08019;Barcelona;10;10;B;;592;163;341;439;153;2;4;433;437
8;Barcelona;13;Barcelonès;08019;Barcelona;10;100;U;;1155;234;588;812;343;4;11;797;808
8;Barcelona;13;Barcelonès;08019;Barcelona;10;101;A;;684;208;340;435;249;4;3;428;431
8;Barcelona;13;Barcelonès;08019;Barcelona;10;101;B;;693;211;368;445;248;1;5;439;444
8;Barcelona;13;Barcelonès;08019;Barcelona;10;102;A;;1023;345;560;709;314;10;9;690;699
8;Barcelona;13;Barcelonès;08019;Barcelona;10;102;B;;909;305;506;628;281;3;11;614;625
8;Barcelona;13;Barcelonès;08019;Barcelona;10;103;A;;968;282;622;719;249;3;5;711;716
8;Barcelona;13;Barcelonès;08019;Barcelona;10;103;B;;827;247;528;628;199;10;10;608;618
8;Barcelona;13;Barcelonès;08019;Barcelona;10;104;A;;815;275;523;631;184;6;8;617;625
8;Barcelona;13;Barcelonès;08019;Barcelona;10;104;B;;640;202;401;504;136;6;4;494;498
8;Barcelona;13;Barcelonès;08019;Barcelona;10;105;A;;846;237;483;609;237;3;8;598;606
8;Barcelona;13;Barcelonès;08019;Barcelona;10;105;B;;817;219;481;608;209;8;11;589;600
8;Barcelona;13;Barcelonès;08019;Barcelona;10;106;U;;838;270;503;619;219;10;13;596;609
8;Barcelona;13;Barcelonès;08019;Barcelona;10;107;U;;1177;306;649;865;312;6;21;838;859
8;Barcelona;13;Barcelonès;08019;Barcelona;10;108;U;;1125;341;651;820;305;6;13;801;814
8;Barcelona;13;Barcelonès;08019;Barcelona;10;109;U;;1189;401;725;882;307;8;18;856;874
8;Barcelona;13;Barcelonès;08019;Barcelona;10;11;U;;916;294;546;666;250;5;7;654;661
8;Barcelona;13;Barcelonès;08019;Barcelona;10;110;A;;640;224;387;460;180;3;8;449;457
8;Barcelona;13;Barcelonès;08019;Barcelona;10;110;B;;612;192;344;427;185;1;7;419;426
8;Barcelona;13;Barcelonès;08019;Barcelona;10;111;U;;982;252;587;722;260;5;10;707;717
8;Barcelona;13;Barcelonès;08019;Barcelona;10;112;A;;698;224;448;567;131;1;5;561;566
8;Barcelona;13;Barcelonès;08019;Barcelona;10;112;B;;614;197;371;476;138;2;3;471;474
8;Barcelona;13;Barcelonès;08019;Barcelona;10;113;U;;826;225;485;580;246;1;6;573;579
8;Barcelona;13;Barcelonès;08019;Barcelona;10;114;U;;1021;280;517;688;333;6;11;671;682
8;Barcelona;13;Barcelonès;08019;Barcelona;10;115;U;;1085;304;553;627;458;4;8;615;623
8;Barcelona;13;Barcelonès;08019;Barcelona;10;116;A;;690;199;387;462;228;1;14;447;461
8;Barcelona;13;Barcelonès;08019;Barcelona;10;116;B;;694;155;402;457;237;2;6;449;455
8;Barcelona;13;Barcelonès;08019;Barcelona;10;117;U;;1001;267;575;695;306;7;10;678;688
8;Barcelona;13;Barcelonès;08019;Barcelona;10;118;U;;816;276;523;634;182;3;11;620;631
8;Barcelona;13;Barcelonès;08019;Barcelona;10;119;U;;857;254;498;597;260;1;8;588;596
8;Barcelona;13;Barcelonès;08019;Barcelona;10;12;A;;721;255;455;552;169;3;5;544;549
8;Barcelona;13;Barcelonès;08019;Barcelona;10;12;B;;652;210;402;501;151;3;6;492;498
8;Barcelona;13;Barcelonès;08019;Barcelona;10;120;U;;1058;270;569;703;355;9;6;688;694
8;Barcelona;13;Barcelonès;08019;Barcelona;10;121;U;;1130;302;635;756;374;10;13;733;746
8;Barcelona;13;Barcelonès;08019;Barcelona;10;122;A;;679;203;429;531;148;5;9;517;526
8;Barcelona;13;Barcelonès;08019;Barcelona;10;122;B;;597;192;402;474;123;1;3;470;473
8;Barcelona;13;Barcelonès;08019;Barcelona;10;123;U;;1040;305;650;786;254;4;2;780;782
8;Barcelona;13;Barcelonès;08019;Barcelona;10;124;U;;908;263;523;662;246;2;15;645;660
8;Barcelona;13;Barcelonès;08019;Barcelona;10;125;U;;893;315;517;639;254;7;5;627;632
8;Barcelona;13;Barcelonès;08019;Barcelona;10;126;U;;900;244;555;677;223;11;4;662;666
8;Barcelona;13;Barcelonès;08019;Barcelona;10;127;U;;737;232;420;525;212;2;10;513;523
8;Barcelona;13;Barcelonès;08019;Barcelona;10;128;A;;676;201;405;512;164;5;3;504;507
8;Barcelona;13;Barcelonès;08019;Barcelona;10;128;B;;660;191;391;492;168;3;9;480;489
8;Barcelona;13;Barcelonès;08019;Barcelona;10;129;U;;976;204;579;741;235;7;17;717;734
8;Barcelona;13;Barcelonès;08019;Barcelona;10;13;U;;1039;438;644;773;266;0;6;767;773
8;Barcelona;13;Barcelonès;08019;Barcelona;10;130;U;;952;270;546;679;273;5;2;672;674
8;Barcelona;13;Barcelonès;08019;Barcelona;10;131;U;;993;267;568;740;253;11;15;714;729
8;Barcelona;13;Barcelonès;08019;Barcelona;10;132;U;;991;244;632;714;277;8;8;698;706
8;Barcelona;13;Barcelonès;08019;Barcelona;10;133;A;;700;266;446;511;189;4;9;498;507
8;Barcelona;13;Barcelonès;08019;Barcelona;10;133;B;;583;220;365;433;150;1;4;428;432
8;Barcelona;13;Barcelonès;08019;Barcelona;10;134;A;;645;223;405;465;180;1;8;456;464
8;Barcelona;13;Barcelonès;08019;Barcelona;10;134;B;;580;213;360;412;168;0;6;406;412
8;Barcelona;13;Barcelonès;08019;Barcelona;10;135;U;;922;278;501;644;278;6;4;634;638
8;Barcelona;13;Barcelonès;08019;Barcelona;10;136;U;;1105;270;629;786;319;10;8;768;776
8;Barcelona;13;Barcelonès;08019;Barcelona;10;137;U;;1218;294;588;751;467;4;5;742;747
8;Barcelona;13;Barcelonès;08019;Barcelona;10;138;U;;1100;227;478;575;525;7;7;561;568
8;Barcelona;13;Barcelonès;08019;Barcelona;10;139;U;;1190;286;592;718;472;7;7;704;711
8;Barcelona;13;Barcelonès;08019;Barcelona;10;14;U;;1031;300;594;725;306;8;4;713;717
8;Barcelona;13;Barcelonès;08019;Barcelona;10;140;U;;1180;297;596;721;459;13;10;698;708
8;Barcelona;13;Barcelonès;08019;Barcelona;10;141;U;;888;231;423;511;377;6;3;502;505
8;Barcelona;13;Barcelonès;08019;Barcelona;10;142;U;;1193;300;561;685;508;14;0;671;671
8;Barcelona;13;Barcelonès;08019;Barcelona;10;143;A;;685;188;374;443;242;7;4;432;436
8;Barcelona;13;Barcelonès;08019;Barcelona;10;143;B;;609;172;306;366;243;2;2;362;364
8;Barcelona;13;Barcelonès;08019;Barcelona;10;15;A;;670;218;417;496;174;6;5;485;490
8;Barcelona;13;Barcelonès;08019;Barcelona;10;15;B;;651;200;377;465;186;4;5;456;461
8;Barcelona;13;Barcelonès;08019;Barcelona;10;16;U;;952;277;571;703;249;6;14;683;697
8;Barcelona;13;Barcelonès;08019;Barcelona;10;17;U;;1244;262;696;891;353;5;12;874;886
8;Barcelona;13;Barcelonès;08019;Barcelona;10;18;U;;947;276;523;657;290;2;11;644;655
8;Barcelona;13;Barcelonès;08019;Barcelona;10;19;U;;1262;442;778;939;323;10;9;920;929
8;Barcelona;13;Barcelonès;08019;Barcelona;10;2;A;;677;206;404;495;182;1;4;490;494
8;Barcelona;13;Barcelonès;08019;Barcelona;10;2;B;;634;176;343;426;208;2;4;420;424
8;Barcelona;13;Barcelonès;08019;Barcelona;10;20;U;;1088;343;649;789;299;2;8;779;787
8;Barcelona;13;Barcelonès;08019;Barcelona;10;21;U;;967;264;550;676;291;2;7;667;674
8;Barcelona;13;Barcelonès;08019;Barcelona;10;22;U;;930;248;576;690;240;9;7;674;681
8;Barcelona;13;Barcelonès;08019;Barcelona;10;23;U;;1081;300;630;692;389;10;8;674;682
8;Barcelona;13;Barcelonès;08019;Barcelona;10;24;U;;1011;342;620;735;276;5;10;720;730
8;Barcelona;13;Barcelonès;08019;Barcelona;10;25;U;;960;348;561;678;282;3;6;669;675
8;Barcelona;13;Barcelonès;08019;Barcelona;10;26;U;;1085;222;588;771;314;9;8;754;762
8;Barcelona;13;Barcelonès;08019;Barcelona;10;27;U;;1166;331;647;829;337;5;8;816;824
8;Barcelona;13;Barcelonès;08019;Barcelona;10;28;A;;663;213;389;484;179;2;11;471;482
8;Barcelona;13;Barcelonès;08019;Barcelona;10;28;B;;624;194;364;442;182;3;2;437;439
8;Barcelona;13;Barcelonès;08019;Barcelona;10;29;U;;1089;348;671;791;298;3;10;778;788
8;Barcelona;13;Barcelonès;08019;Barcelona;10;3;U;;1080;337;636;794;286;8;6;780;786
8;Barcelona;13;Barcelonès;08019;Barcelona;10;30;A;;688;234;447;525;163;1;6;518;524
8;Barcelona;13;Barcelonès;08019;Barcelona;10;30;B;;654;245;417;497;157;6;7;484;491
8;Barcelona;13;Barcelonès;08019;Barcelona;10;31;U;;1155;305;658;833;322;13;16;804;820
8;Barcelona;13;Barcelonès;08019;Barcelona;10;32;U;;1053;286;654;823;230;7;15;801;816
8;Barcelona;13;Barcelonès;08019;Barcelona;10;33;U;;752;242;465;575;177;6;7;562;569
8;Barcelona;13;Barcelonès;08019;Barcelona;10;34;A;;736;254;426;549;187;2;6;541;547
8;Barcelona;13;Barcelonès;08019;Barcelona;10;34;B;;638;217;380;471;167;1;10;460;470
8;Barcelona;13;Barcelonès;08019;Barcelona;10;35;A;;791;223;469;580;211;3;11;566;577
8;Barcelona;13;Barcelonès;08019;Barcelona;10;35;B;;709;200;420;546;163;2;9;535;544
8;Barcelona;13;Barcelonès;08019;Barcelona;10;36;U;;979;269;602;773;206;6;11;756;767
8;Barcelona;13;Barcelonès;08019;Barcelona;10;37;A;;1139;336;666;808;331;6;6;796;802
8;Barcelona;13;Barcelonès;08019;Barcelona;10;37;B;;1051;296;603;736;315;3;10;723;733
8;Barcelona;13;Barcelonès;08019;Barcelona;10;38;U;;1159;308;680;867;292;3;14;850;864
8;Barcelona;13;Barcelonès;08019;Barcelona;10;39;U;;1120;324;640;783;337;1;8;774;782
8;Barcelona;13;Barcelonès;08019;Barcelona;10;4;U;;1073;339;674;824;249;8;8;808;816
8;Barcelona;13;Barcelonès;08019;Barcelona;10;40;A;;707;242;440;510;197;1;5;504;509
8;Barcelona;13;Barcelonès;08019;Barcelona;10;40;B;;583;191;338;401;182;3;3;395;398
8;Barcelona;13;Barcelonès;08019;Barcelona;10;41;U;;1106;341;659;785;321;3;4;778;782
8;Barcelona;13;Barcelonès;08019;Barcelona;10;42;U;;1234;255;509;739;495;6;10;723;733
8;Barcelona;13;Barcelonès;08019;Barcelona;10;43;U;;968;254;472;602;366;5;9;588;597
8;Barcelona;13;Barcelonès;08019;Barcelona;10;44;U;;1113;332;651;806;307;8;6;792;798
8;Barcelona;13;Barcelonès;08019;Barcelona;10;45;U;;943;266;580;722;221;4;8;710;718
8;Barcelona;13;Barcelonès;08019;Barcelona;10;46;U;;984;355;628;736;248;8;10;718;728
8;Barcelona;13;Barcelonès;08019;Barcelona;10;47;A;;680;230;416;520;160;1;9;510;519
8;Barcelona;13;Barcelonès;08019;Barcelona;10;47;B;;606;200;361;474;132;1;6;467;473
8;Barcelona;13;Barcelonès;08019;Barcelona;10;48;U;;1105;327;635;802;303;6;9;787;796
8;Barcelona;13;Barcelonès;08019;Barcelona;10;49;U;;977;316;597;724;253;6;12;706;718
8;Barcelona;13;Barcelonès;08019;Barcelona;10;5;U;;1234;306;665;896;338;2;15;879;894
8;Barcelona;13;Barcelonès;08019;Barcelona;10;50;U;;1235;394;759;935;300;6;7;922;929
8;Barcelona;13;Barcelonès;08019;Barcelona;10;51;U;;1063;345;686;851;212;4;7;840;847
8;Barcelona;13;Barcelonès;08019;Barcelona;10;52;A;;763;322;490;626;137;8;10;608;618
8;Barcelona;13;Barcelonès;08019;Barcelona;10;52;B;;703;225;445;575;128;5;12;558;570
8;Barcelona;13;Barcelonès;08019;Barcelona;10;53;A;;620;197;408;520;100;2;1;517;518
8;Barcelona;13;Barcelonès;08019;Barcelona;10;53;B;;595;203;378;503;92;1;2;500;502
8;Barcelona;13;Barcelonès;08019;Barcelona;10;54;U;;648;191;386;500;148;2;5;493;498
8;Barcelona;13;Barcelonès;08019;Barcelona;10;55;A;;844;279;564;685;159;1;1;683;684
8;Barcelona;13;Barcelonès;08019;Barcelona;10;55;B;;734;220;469;612;122;3;4;605;609
8;Barcelona;13;Barcelonès;08019;Barcelona;10;56;U;;1089;238;589;655;434;6;6;643;649
8;Barcelona;13;Barcelonès;08019;Barcelona;10;57;U;;921;255;482;595;326;3;7;585;592
8;Barcelona;13;Barcelonès;08019;Barcelona;10;58;U;;744;233;435;505;239;4;3;498;501
8;Barcelona;13;Barcelonès;08019;Barcelona;10;59;U;;1052;258;536;672;380;11;6;655;661
8;Barcelona;13;Barcelonès;08019;Barcelona;10;6;A;;693;222;357;494;199;3;4;487;491
8;Barcelona;13;Barcelonès;08019;Barcelona;10;6;B;;607;187;413;449;158;2;3;444;447
8;Barcelona;13;Barcelonès;08019;Barcelona;10;60;U;;980;290;578;699;281;1;12;686;698
8;Barcelona;13;Barcelonès;08019;Barcelona;10;61;A;;614;251;425;488;126;4;3;481;484
8;Barcelona;13;Barcelonès;08019;Barcelona;10;61;B;;602;250;429;489;113;5;2;482;484
8;Barcelona;13;Barcelonès;08019;Barcelona;10;62;U;;1097;329;702;869;228;7;11;851;862
8;Barcelona;13;Barcelonès;08019;Barcelona;10;63;U;;939;296;558;687;252;3;8;676;684
8;Barcelona;13;Barcelonès;08019;Barcelona;10;64;U;;1061;295;607;761;300;5;6;750;756
8;Barcelona;13;Barcelonès;08019;Barcelona;10;65;U;;1134;363;707;885;249;7;1;877;878
8;Barcelona;13;Barcelonès;08019;Barcelona;10;66;A;;757;217;464;566;191;3;4;559;563
8;Barcelona;13;Barcelonès;08019;Barcelona;10;66;B;;604;192;348;438;166;0;10;428;438
8;Barcelona;13;Barcelonès;08019;Barcelona;10;67;U;;1124;280;671;882;242;7;10;865;875
8;Barcelona;13;Barcelonès;08019;Barcelona;10;68;U;;1060;325;650;807;253;6;12;789;801
8;Barcelona;13;Barcelonès;08019;Barcelona;10;69;U;;1348;335;743;939;409;5;8;926;934
8;Barcelona;13;Barcelonès;08019;Barcelona;10;7;U;;1070;338;690;836;234;3;10;823;833
8;Barcelona;13;Barcelonès;08019;Barcelona;10;70;U;;1142;304;666;828;314;3;7;818;825
8;Barcelona;13;Barcelonès;08019;Barcelona;10;71;A;;694;222;415;529;165;3;6;520;526
8;Barcelona;13;Barcelonès;08019;Barcelona;10;71;B;;597;216;369;456;141;4;5;447;452
8;Barcelona;13;Barcelonès;08019;Barcelona;10;72;A;;689;194;366;456;233;2;4;450;454
8;Barcelona;13;Barcelonès;08019;Barcelona;10;72;B;;658;203;362;446;212;2;6;438;444
8;Barcelona;13;Barcelonès;08019;Barcelona;10;73;U;;1157;365;700;831;326;2;8;821;829
8;Barcelona;13;Barcelonès;08019;Barcelona;10;74;U;;1114;296;620;783;331;10;9;764;773
8;Barcelona;13;Barcelonès;08019;Barcelona;10;75;U;;1046;332;620;741;305;3;11;727;738
8;Barcelona;13;Barcelonès;08019;Barcelona;10;76;A;;887;277;508;635;252;3;6;626;632
8;Barcelona;13;Barcelonès;08019;Barcelona;10;76;B;;802;232;442;565;237;5;7;553;560
8;Barcelona;13;Barcelonès;08019;Barcelona;10;76;C;;1053;289;623;773;280;8;13;752;765
8;Barcelona;13;Barcelonès;08019;Barcelona;10;76;D;;795;254;465;581;214;6;10;565;575
8;Barcelona;13;Barcelonès;08019;Barcelona;10;77;U;;1064;354;703;852;212;5;12;835;847
8;Barcelona;13;Barcelonès;08019;Barcelona;10;78;A;;682;224;421;530;152;1;7;522;529
8;Barcelona;13;Barcelonès;08019;Barcelona;10;78;B;;645;217;458;541;104;2;6;533;539
8;Barcelona;13;Barcelonès;08019;Barcelona;10;79;A;;624;166;335;431;193;2;4;425;429
8;Barcelona;13;Barcelonès;08019;Barcelona;10;79;B;;632;166;358;445;187;1;6;438;444
8;Barcelona;13;Barcelonès;08019;Barcelona;10;8;A;;650;220;390;471;179;3;4;464;468
8;Barcelona;13;Barcelonès;08019;Barcelona;10;8;B;;574;172;359;432;142;3;3;426;429
8;Barcelona;13;Barcelonès;08019;Barcelona;10;80;U;;1113;277;620;796;317;2;9;785;794
8;Barcelona;13;Barcelonès;08019;Barcelona;10;81;U;;1231;276;598;730;501;5;7;718;725
8;Barcelona;13;Barcelonès;08019;Barcelona;10;82;U;;906;201;330;401;505;3;6;392;398
8;Barcelona;13;Barcelonès;08019;Barcelona;10;83;U;;914;214;361;416;498;4;3;409;412
8;Barcelona;13;Barcelonès;08019;Barcelona;10;84;U;;952;247;429;522;430;3;4;515;519
8;Barcelona;13;Barcelonès;08019;Barcelona;10;85;U;;1123;304;514;623;500;3;9;611;620
8;Barcelona;13;Barcelonès;08019;Barcelona;10;86;U;;1196;295;585;700;496;6;12;682;694
8;Barcelona;13;Barcelonès;08019;Barcelona;10;87;U;;1179;332;558;671;508;10;7;654;661
8;Barcelona;13;Barcelonès;08019;Barcelona;10;88;U;;1223;340;704;863;360;12;8;843;851
8;Barcelona;13;Barcelonès;08019;Barcelona;10;89;U;;1091;250;461;569;522;4;1;564;565
8;Barcelona;13;Barcelonès;08019;Barcelona;10;9;U;;1194;316;667;864;330;2;13;849;862
8;Barcelona;13;Barcelonès;08019;Barcelona;10;90;U;;976;235;486;576;400;2;15;559;574
8;Barcelona;13;Barcelonès;08019;Barcelona;10;91;A;;787;222;421;520;267;3;5;512;517
8;Barcelona;13;Barcelonès;08019;Barcelona;10;91;B;;663;188;340;429;234;2;8;419;427
8;Barcelona;13;Barcelonès;08019;Barcelona;10;92;A;;761;210;448;540;221;7;5;528;533
8;Barcelona;13;Barcelonès;08019;Barcelona;10;92;B;;606;166;317;423;183;3;7;413;420
8;Barcelona;13;Barcelonès;08019;Barcelona;10;93;U;;936;239;564;691;245;5;7;679;686
8;Barcelona;13;Barcelonès;08019;Barcelona;10;94;A;;835;223;406;528;307;4;10;514;524
8;Barcelona;13;Barcelonès;08019;Barcelona;10;94;B;;716;204;372;463;253;4;5;454;459
8;Barcelona;13;Barcelonès;08019;Barcelona;10;95;U;;818;216;369;449;369;6;4;439;443
8;Barcelona;13;Barcelonès;08019;Barcelona;10;96;U;;1069;327;645;811;258;3;13;795;808
8;Barcelona;13;Barcelonès;08019;Barcelona;10;97;U;;1076;345;638;779;297;6;6;767;773
8;Barcelona;13;Barcelonès;08019;Barcelona;10;98;A;;749;224;479;592;157;8;4;580;584
8;Barcelona;13;Barcelonès;08019;Barcelona;10;98;B;;700;204;423;508;192;5;5;498;503
8;Barcelona;13;Barcelonès;08019;Barcelona;10;99;U;;844;218;410;496;348;3;6;487;493
8;Barcelona;13;Barcelonès;08019;Barcelona;2;1;U;;815;256;494;605;210;7;9;589;598
8;Barcelona;13;Barcelonès;08019;Barcelona;2;10;U;;873;300;553;669;204;1;8;660;668
8;Barcelona;13;Barcelonès;08019;Barcelona;2;100;U;;1030;295;657;803;227;8;10;785;795
8;Barcelona;13;Barcelonès;08019;Barcelona;2;101;A;;750;215;419;533;217;5;6;522;528
8;Barcelona;13;Barcelonès;08019;Barcelona;2;101;B;;742;248;439;521;221;6;4;511;515
8;Barcelona;13;Barcelonès;08019;Barcelona;2;102;U;;1020;321;661;803;217;4;8;791;799
8;Barcelona;13;Barcelonès;08019;Barcelona;2;103;U;;1179;318;680;837;342;0;10;827;837
8;Barcelona;13;Barcelonès;08019;Barcelona;2;104;U;;834;299;552;663;171;4;5;654;659
8;Barcelona;13;Barcelonès;08019;Barcelona;2;105;A;;744;223;428;528;216;3;7;518;525
8;Barcelona;13;Barcelonès;08019;Barcelona;2;105;B;;668;225;400;484;184;2;11;471;482
8;Barcelona;13;Barcelonès;08019;Barcelona;2;106;U;;980;307;610;735;245;1;10;724;734
8;Barcelona;13;Barcelonès;08019;Barcelona;2;107;A;;633;226;410;508;125;2;4;502;506
8;Barcelona;13;Barcelonès;08019;Barcelona;2;107;B;;582;184;391;472;110;1;5;466;471
8;Barcelona;13;Barcelonès;08019;Barcelona;2;108;U;;1159;301;720;883;276;7;7;869;876
8;Barcelona;13;Barcelonès;08019;Barcelona;2;109;A;;684;228;435;521;163;3;8;510;518
8;Barcelona;13;Barcelonès;08019;Barcelona;2;109;B;;751;245;480;579;172;1;9;569;578
8;Barcelona;13;Barcelonès;08019;Barcelona;2;11;U;;835;276;507;621;214;4;14;603;617
8;Barcelona;13;Barcelonès;08019;Barcelona;2;110;A;;644;163;367;468;176;4;5;459;464
8;Barcelona;13;Barcelonès;08019;Barcelona;2;110;B;;621;204;389;467;154;0;7;460;467
8;Barcelona;13;Barcelonès;08019;Barcelona;2;111;A;;695;195;381;493;202;2;3;488;491
8;Barcelona;13;Barcelonès;08019;Barcelona;2;111;B;;597;207;365;455;142;2;8;445;453
8;Barcelona;13;Barcelonès;08019;Barcelona;2;112;U;;1047;328;709;840;207;1;7;832;839
8;Barcelona;13;Barcelonès;08019;Barcelona;2;113;A;;779;264;497;609;170;2;7;600;607
8;Barcelona;13;Barcelonès;08019;Barcelona;2;113;B;;671;186;408;530;141;2;9;519;528
8;Barcelona;13;Barcelonès;08019;Barcelona;2;114;A;;651;212;398;501;150;3;7;491;498
8;Barcelona;13;Barcelonès;08019;Barcelona;2;114;B;;603;184;375;477;126;1;6;470;476
8;Barcelona;13;Barcelonès;08019;Barcelona;2;115;U;;956;285;555;698;258;1;5;692;697
8;Barcelona;13;Barcelonès;08019;Barcelona;2;116;U;;781;269;518;640;141;6;5;629;634
8;Barcelona;13;Barcelonès;08019;Barcelona;2;117;U;;899;240;600;725;174;1;0;724;724
8;Barcelona;13;Barcelonès;08019;Barcelona;2;118;U;;1108;294;699;882;226;6;6;870;876
8;Barcelona;13;Barcelonès;08019;Barcelona;2;119;U;;1015;334;657;802;213;3;10;789;799
8;Barcelona;13;Barcelonès;08019;Barcelona;2;12;U;;1095;268;658;795;300;2;12;781;793
8;Barcelona;13;Barcelonès;08019;Barcelona;2;120;U;;926;315;559;684;242;5;14;665;679
8;Barcelona;13;Barcelonès;08019;Barcelona;2;121;U;;959;285;607;749;210;1;6;742;748
8;Barcelona;13;Barcelonès;08019;Barcelona;2;122;U;;807;264;503;635;172;1;16;618;634
8;Barcelona;13;Barcelonès;08019;Barcelona;2;123;U;;793;239;461;568;225;1;1;566;567
8;Barcelona;13;Barcelonès;08019;Barcelona;2;124;U;;903;286;566;715;188;7;8;700;708
8;Barcelona;13;Barcelonès;08019;Barcelona;2;125;A;;696;206;395;526;170;3;9;514;523
8;Barcelona;13;Barcelonès;08019;Barcelona;2;125;B;;595;169;374;448;147;5;10;433;443
8;Barcelona;13;Barcelonès;08019;Barcelona;2;126;U;;1148;340;707;860;288;5;8;847;855
8;Barcelona;13;Barcelonès;08019;Barcelona;2;127;U;;799;226;445;570;229;4;7;559;566
8;Barcelona;13;Barcelonès;08019;Barcelona;2;128;U;;915;275;521;655;260;3;7;645;652
8;Barcelona;13;Barcelonès;08019;Barcelona;2;129;U;;1146;343;700;836;310;6;7;823;830
8;Barcelona;13;Barcelonès;08019;Barcelona;2;13;U;;787;248;445;539;248;2;13;524;537
8;Barcelona;13;Barcelonès;08019;Barcelona;2;130;U;;898;286;580;726;172;0;8;718;726
8;Barcelona;13;Barcelonès;08019;Barcelona;2;131;U;;843;257;511;608;235;2;5;601;606
8;Barcelona;13;Barcelonès;08019;Barcelona;2;132;U;;890;226;520;636;254;2;6;628;634
8;Barcelona;13;Barcelonès;08019;Barcelona;2;133;U;;731;270;471;564;167;1;7;556;563
8;Barcelona;13;Barcelonès;08019;Barcelona;2;134;U;;1126;333;655;818;308;4;6;808;814
8;Barcelona;13;Barcelonès;08019;Barcelona;2;135;A;;779;202;438;543;236;2;8;533;541
8;Barcelona;13;Barcelonès;08019;Barcelona;2;135;B;;689;182;370;463;226;3;6;454;460
8;Barcelona;13;Barcelonès;08019;Barcelona;2;136;U;;688;194;422;526;162;6;5;515;520
8;Barcelona;13;Barcelonès;08019;Barcelona;2;137;U;;963;277;555;700;263;3;4;693;697
8;Barcelona;13;Barcelonès;08019;Barcelona;2;138;A;;722;237;462;573;149;1;5;567;572
8;Barcelona;13;Barcelonès;08019;Barcelona;2;138;B;;694;212;441;530;164;2;9;519;528
8;Barcelona;13;Barcelonès;08019;Barcelona;2;139;U;;1136;331;619;753;383;9;5;739;744
8;Barcelona;13;Barcelonès;08019;Barcelona;2;14;U;;827;173;429;534;293;1;11;522;533
8;Barcelona;13;Barcelonès;08019;Barcelona;2;140;A;;739;206;461;559;180;2;4;553;557
8;Barcelona;13;Barcelonès;08019;Barcelona;2;140;B;;670;199;402;520;150;2;3;515;518
8;Barcelona;13;Barcelonès;08019;Barcelona;2;141;U;;854;212;502;624;230;5;7;612;619
8;Barcelona;13;Barcelonès;08019;Barcelona;2;142;A;;699;210;390;488;211;6;10;472;482
8;Barcelona;13;Barcelonès;08019;Barcelona;2;142;B;;616;185;349;422;194;3;5;414;419
8;Barcelona;13;Barcelonès;08019;Barcelona;2;143;U;;904;269;560;677;227;6;14;657;671
8;Barcelona;13;Barcelonès;08019;Barcelona;2;144;U;;1024;317;631;764;260;6;8;750;758
8;Barcelona;13;Barcelonès;08019;Barcelona;2;145;U;;842;241;462;565;277;2;4;559;563
8;Barcelona;13;Barcelonès;08019;Barcelona;2;146;U;;819;226;477;563;256;4;6;553;559
8;Barcelona;13;Barcelonès;08019;Barcelona;2;147;A;;761;228;449;563;198;5;11;547;558
8;Barcelona;13;Barcelonès;08019;Barcelona;2;147;B;;715;234;434;522;193;3;7;512;519
8;Barcelona;13;Barcelonès;08019;Barcelona;2;148;U;;1165;359;697;892;273;7;12;873;885
8;Barcelona;13;Barcelonès;08019;Barcelona;2;149;U;;1238;353;722;874;364;5;11;858;869
8;Barcelona;13;Barcelonès;08019;Barcelona;2;15;U;;1068;239;580;726;342;4;6;716;722
8;Barcelona;13;Barcelonès;08019;Barcelona;2;150;U;;987;239;520;638;349;4;7;627;634
8;Barcelona;13;Barcelonès;08019;Barcelona;2;151;U;;1015;252;549;682;333;5;8;669;677
8;Barcelona;13;Barcelonès;08019;Barcelona;2;152;U;;990;269;616;752;238;6;8;738;746
8;Barcelona;13;Barcelonès;08019;Barcelona;2;153;U;;1007;311;624;752;255;6;13;733;746
8;Barcelona;13;Barcelonès;08019;Barcelona;2;154;U;;679;182;375;478;201;2;6;470;476
8;Barcelona;13;Barcelonès;08019;Barcelona;2;155;A;;705;203;415;489;216;4;8;477;485
8;Barcelona;13;Barcelonès;08019;Barcelona;2;155;B;;626;173;383;456;170;2;2;452;454
8;Barcelona;13;Barcelonès;08019;Barcelona;2;156;U;;975;292;583;710;265;3;8;699;707
8;Barcelona;13;Barcelonès;08019;Barcelona;2;157;U;;793;231;484;559;234;6;9;544;553
8;Barcelona;13;Barcelonès;08019;Barcelona;2;158;A;;668;230;425;497;171;0;4;493;497
8;Barcelona;13;Barcelonès;08019;Barcelona;2;158;B;;577;209;362;445;132;2;8;435;443
8;Barcelona;13;Barcelonès;08019;Barcelona;2;159;A;;704;237;451;536;168;2;5;529;534
8;Barcelona;13;Barcelonès;08019;Barcelona;2;159;B;;595;220;383;454;141;4;3;447;450
8;Barcelona;13;Barcelonès;08019;Barcelona;2;16;A;;726;230;454;545;181;3;7;535;542
8;Barcelona;13;Barcelonès;08019;Barcelona;2;16;B;;644;217;395;485;159;5;6;474;480
8;Barcelona;13;Barcelonès;08019;Barcelona;2;160;A;;777;236;473;583;194;4;7;572;579
8;Barcelona;13;Barcelonès;08019;Barcelona;2;160;B;;687;222;419;515;172;4;8;503;511
8;Barcelona;13;Barcelonès;08019;Barcelona;2;161;U;;811;251;465;590;221;0;7;583;590
8;Barcelona;13;Barcelonès;08019;Barcelona;2;162;U;;957;267;565;673;284;7;13;653;666
8;Barcelona;13;Barcelonès;08019;Barcelona;2;163;A;;644;198;366;455;189;1;7;447;454
8;Barcelona;13;Barcelonès;08019;Barcelona;2;163;B;;636;205;365;449;187;3;3;443;446
8;Barcelona;13;Barcelonès;08019;Barcelona;2;164;U;;951;275;540;676;275;2;5;669;674
8;Barcelona;13;Barcelonès;08019;Barcelona;2;165;U;;1098;263;565;788;310;1;9;778;787
8;Barcelona;13;Barcelonès;08019;Barcelona;2;166;A;;744;202;438;523;221;6;4;513;517
8;Barcelona;13;Barcelonès;08019;Barcelona;2;166;B;;674;190;392;475;199;4;4;467;471
8;Barcelona;13;Barcelonès;08019;Barcelona;2;167;A;;815;269;515;627;188;7;6;614;620
8;Barcelona;13;Barcelonès;08019;Barcelona;2;167;B;;690;214;423;527;163;3;5;519;524
8;Barcelona;13;Barcelonès;08019;Barcelona;2;168;A;;812;233;479;587;225;2;9;576;585
8;Barcelona;13;Barcelonès;08019;Barcelona;2;168;B;;689;176;378;464;225;3;2;459;461
8;Barcelona;13;Barcelonès;08019;Barcelona;2;169;U;;1087;329;695;737;350;7;11;719;730
8;Barcelona;13;Barcelonès;08019;Barcelona;2;17;A;;682;234;418;526;156;1;6;519;525
8;Barcelona;13;Barcelonès;08019;Barcelona;2;17;B;;672;189;416;518;154;2;8;508;516
8;Barcelona;13;Barcelonès;08019;Barcelona;2;170;U;;1149;321;646;813;336;7;15;791;806
8;Barcelona;13;Barcelonès;08019;Barcelona;2;171;U;;1122;280;580;769;353;5;4;760;764
8;Barcelona;13;Barcelonès;08019;Barcelona;2;172;U;;1068;318;585;713;355;5;5;703;708
8;Barcelona;13;Barcelonès;08019;Barcelona;2;173;U;;1142;330;637;778;364;4;10;764;774
8;Barcelona;13;Barcelonès;08019;Barcelona;2;18;A;;715;234;473;548;167;6;5;537;542
8;Barcelona;13;Barcelonès;08019;Barcelona;2;18;B;;630;224;391;485;145;2;15;468;483
8;Barcelona;13;Barcelonès;08019;Barcelona;2;19;A;;729;240;437;540;189;2;9;529;538
8;Barcelona;13;Barcelonès;08019;Barcelona;2;19;B;;679;216;426;511;168;7;6;498;504
8;Barcelona;13;Barcelonès;08019;Barcelona;2;2;A;;683;214;397;496;187;3;6;487;493
8;Barcelona;13;Barcelonès;08019;Barcelona;2;2;B;;620;202;367;440;180;3;5;432;437
8;Barcelona;13;Barcelonès;08019;Barcelona;2;20;U;;984;253;492;651;333;1;7;643;650
8;Barcelona;13;Barcelonès;08019;Barcelona;2;21;U;;1079;256;587;750;329;1;8;741;749
8;Barcelona;13;Barcelonès;08019;Barcelona;2;22;U;;848;213;543;626;222;4;11;611;622
8;Barcelona;13;Barcelonès;08019;Barcelona;2;23;U;;889;205;511;638;251;2;7;629;636
8;Barcelona;13;Barcelonès;08019;Barcelona;2;24;U;;830;221;471;599;231;7;6;586;592
8;Barcelona;13;Barcelonès;08019;Barcelona;2;25;U;;849;261;510;625;224;2;6;617;623
8;Barcelona;13;Barcelonès;08019;Barcelona;2;26;A;;772;263;482;571;201;1;7;563;570
8;Barcelona;13;Barcelonès;08019;Barcelona;2;26;B;;722;222;440;535;187;3;6;526;532
8;Barcelona;13;Barcelonès;08019;Barcelona;2;27;A;;804;277;510;616;188;4;4;608;612
8;Barcelona;13;Barcelonès;08019;Barcelona;2;27;B;;728;239;455;547;181;2;8;537;545
8;Barcelona;13;Barcelonès;08019;Barcelona;2;28;A;;764;214;455;556;208;1;11;544;555
8;Barcelona;13;Barcelonès;08019;Barcelona;2;28;B;;693;182;416;521;172;1;4;516;520
8;Barcelona;13;Barcelonès;08019;Barcelona;2;29;U;;842;253;486;601;241;3;6;592;598
8;Barcelona;13;Barcelonès;08019;Barcelona;2;3;U;;886;297;524;644;242;7;8;629;637
8;Barcelona;13;Barcelonès;08019;Barcelona;2;30;U;;885;210;501;603;282;5;10;588;598
8;Barcelona;13;Barcelonès;08019;Barcelona;2;31;U;;833;278;535;654;179;3;7;644;651
8;Barcelona;13;Barcelonès;08019;Barcelona;2;32;U;;946;264;507;624;322;2;4;618;622
8;Barcelona;13;Barcelonès;08019;Barcelona;2;33;U;;862;251;511;622;240;3;8;611;619
8;Barcelona;13;Barcelonès;08019;Barcelona;2;34;U;;823;240;461;570;253;1;8;561;569
8;Barcelona;13;Barcelonès;08019;Barcelona;2;35;U;;1002;3;616;740;262;3;12;725;737
8;Barcelona;13;Barcelonès;08019;Barcelona;2;36;U;;891;280;558;686;205;9;7;670;677
8;Barcelona;13;Barcelonès;08019;Barcelona;2;37;U;;938;266;589;718;220;2;12;704;716
8;Barcelona;13;Barcelonès;08019;Barcelona;2;38;U;;1177;379;738;935;242;5;17;913;930
8;Barcelona;13;Barcelonès;08019;Barcelona;2;39;A;;628;173;344;439;189;8;3;428;431
8;Barcelona;13;Barcelonès;08019;Barcelona;2;39;B;;600;181;381;442;158;3;6;433;439
8;Barcelona;13;Barcelonès;08019;Barcelona;2;4;U;;983;309;606;742;241;10;10;722;732
8;Barcelona;13;Barcelonès;08019;Barcelona;2;40;U;;1091;309;611;746;345;2;7;737;744
8;Barcelona;13;Barcelonès;08019;Barcelona;2;41;A;;674;194;342;455;219;2;5;448;453
8;Barcelona;13;Barcelonès;08019;Barcelona;2;41;B;;573;172;323;401;172;2;6;393;399
8;Barcelona;13;Barcelonès;08019;Barcelona;2;42;A;;691;213;433;535;156;2;3;530;533
8;Barcelona;13;Barcelonès;08019;Barcelona;2;42;B;;636;207;396;479;157;2;4;473;477
8;Barcelona;13;Barcelonès;08019;Barcelona;2;43;U;;1083;313;694;841;242;4;13;824;837
8;Barcelona;13;Barcelonès;08019;Barcelona;2;44;U;;876;300;300;625;251;8;4;613;617
8;Barcelona;13;Barcelonès;08019;Barcelona;2;45;U;;875;269;542;633;242;6;5;622;627
8;Barcelona;13;Barcelonès;08019;Barcelona;2;46;A;;709;209;420;514;195;2;0;512;512
8;Barcelona;13;Barcelonès;08019;Barcelona;2;46;B;;639;199;369;455;184;8;8;439;447
8;Barcelona;13;Barcelonès;08019;Barcelona;2;47;A;;664;193;414;519;145;6;7;506;513
8;Barcelona;13;Barcelonès;08019;Barcelona;2;47;B;;668;184;412;505;163;4;8;493;501
8;Barcelona;13;Barcelonès;08019;Barcelona;2;48;U;;828;244;486;615;213;1;11;603;614
8;Barcelona;13;Barcelonès;08019;Barcelona;2;49;A;;759;227;424;529;230;5;8;516;524
8;Barcelona;13;Barcelonès;08019;Barcelona;2;49;B;;659;208;376;464;195;3;8;453;461
8;Barcelona;13;Barcelonès;08019;Barcelona;2;5;A;;830;264;541;658;172;3;10;645;655
8;Barcelona;13;Barcelonès;08019;Barcelona;2;5;B;;718;247;460;554;164;2;5;547;552
8;Barcelona;13;Barcelonès;08019;Barcelona;2;50;U;;1160;307;660;801;359;6;13;782;795
8;Barcelona;13;Barcelonès;08019;Barcelona;2;51;A;;699;217;395;484;215;4;5;475;480
8;Barcelona;13;Barcelonès;08019;Barcelona;2;51;B;;630;186;357;438;192;2;5;431;436
8;Barcelona;13;Barcelonès;08019;Barcelona;2;52;A;;621;197;360;453;168;3;4;446;450
8;Barcelona;13;Barcelonès;08019;Barcelona;2;52;B;;623;207;386;472;151;2;1;469;470
8;Barcelona;13;Barcelonès;08019;Barcelona;2;53;U;;1231;339;743;920;311;8;14;898;912
8;Barcelona;13;Barcelonès;08019;Barcelona;2;54;A;;719;201;456;554;165;3;3;548;551
8;Barcelona;13;Barcelonès;08019;Barcelona;2;54;B;;614;182;364;450;164;3;9;438;447
8;Barcelona;13;Barcelonès;08019;Barcelona;2;55;A;;650;204;406;468;182;7;6;455;461
8;Barcelona;13;Barcelonès;08019;Barcelona;2;55;B;;701;230;427;529;172;6;7;516;523
8;Barcelona;13;Barcelonès;08019;Barcelona;2;56;U;;1015;297;595;729;286;8;11;710;721
8;Barcelona;13;Barcelonès;08019;Barcelona;2;57;U;;883;283;556;681;202;2;8;671;679
8;Barcelona;13;Barcelonès;08019;Barcelona;2;58;U;;1011;293;642;805;206;5;11;789;800
8;Barcelona;13;Barcelonès;08019;Barcelona;2;59;U;;1188;370;770;939;249;8;16;915;931
8;Barcelona;13;Barcelonès;08019;Barcelona;2;6;U;;1119;360;766;912;207;8;6;898;904
8;Barcelona;13;Barcelonès;08019;Barcelona;2;60;U;;1193;363;770;913;280;2;12;899;911
8;Barcelona;13;Barcelonès;08019;Barcelona;2;61;U;;895;265;537;659;236;5;9;645;654
8;Barcelona;13;Barcelonès;08019;Barcelona;2;62;U;;1093;323;652;817;276;5;5;807;812
8;Barcelona;13;Barcelonès;08019;Barcelona;2;63;U;;865;285;535;657;208;4;7;646;653
8;Barcelona;13;Barcelonès;08019;Barcelona;2;64;U;;994;339;667;801;193;4;7;790;797
8;Barcelona;13;Barcelonès;08019;Barcelona;2;65;A;;667;222;396;491;176;5;7;479;486
8;Barcelona;13;Barcelonès;08019;Barcelona;2;65;B;;606;187;361;435;171;7;10;418;428
8;Barcelona;13;Barcelonès;08019;Barcelona;2;66;A;;751;256;462;573;178;3;4;566;570
8;Barcelona;13;Barcelonès;08019;Barcelona;2;66;B;;656;212;380;475;181;4;7;464;471
8;Barcelona;13;Barcelonès;08019;Barcelona;2;67;U;;1076;292;613;795;281;6;8;781;789
8;Barcelona;13;Barcelonès;08019;Barcelona;2;68;U;;1173;341;710;862;311;2;14;846;860
8;Barcelona;13;Barcelonès;08019;Barcelona;2;69;U;;953;295;618;763;190;5;7;751;758
8;Barcelona;13;Barcelonès;08019;Barcelona;2;7;U;;900;278;540;674;226;1;6;667;673
8;Barcelona;13;Barcelonès;08019;Barcelona;2;70;U;;909;256;542;691;218;3;6;682;688
8;Barcelona;13;Barcelonès;08019;Barcelona;2;71;U;;1177;296;721;942;235;2;14;926;940
8;Barcelona;13;Barcelonès;08019;Barcelona;2;72;U;;840;235;497;637;203;3;9;625;634
8;Barcelona;13;Barcelonès;08019;Barcelona;2;73;U;;1069;315;618;780;289;4;8;768;776
8;Barcelona;13;Barcelonès;08019;Barcelona;2;74;U;;735;210;426;543;192;5;2;536;538
8;Barcelona;13;Barcelonès;08019;Barcelona;2;75;U;;761;235;463;582;179;2;4;576;580
8;Barcelona;13;Barcelonès;08019;Barcelona;2;76;U;;1093;290;645;845;248;2;15;828;843
8;Barcelona;13;Barcelonès;08019;Barcelona;2;77;U;;946;252;538;668;278;3;9;656;665
8;Barcelona;13;Barcelonès;08019;Barcelona;2;78;U;;949;303;547;664;285;5;7;652;659
8;Barcelona;13;Barcelonès;08019;Barcelona;2;79;U;;858;239;501;608;250;2;7;599;606
8;Barcelona;13;Barcelonès;08019;Barcelona;2;8;A;;677;223;439;541;136;4;5;532;537
8;Barcelona;13;Barcelonès;08019;Barcelona;2;8;B;;614;187;381;477;137;4;7;466;473
8;Barcelona;13;Barcelonès;08019;Barcelona;2;80;U;;1041;318;640;780;261;1;11;768;779
8;Barcelona;13;Barcelonès;08019;Barcelona;2;81;A;;777;211;466;586;191;3;5;578;583
8;Barcelona;13;Barcelonès;08019;Barcelona;2;81;B;;705;195;412;526;179;1;3;522;525
8;Barcelona;13;Barcelonès;08019;Barcelona;2;82;U;;679;187;388;475;204;1;4;470;474
8;Barcelona;13;Barcelonès;08019;Barcelona;2;83;U;;1109;301;683;869;240;6;11;852;863
8;Barcelona;13;Barcelonès;08019;Barcelona;2;84;A;;732;204;449;544;188;7;4;533;537
8;Barcelona;13;Barcelonès;08019;Barcelona;2;84;B;;678;175;406;508;170;3;3;502;505
8;Barcelona;13;Barcelonès;08019;Barcelona;2;85;U;;952;242;553;688;264;0;6;682;688
8;Barcelona;13;Barcelonès;08019;Barcelona;2;86;U;;943;259;573;723;220;0;14;709;723
8;Barcelona;13;Barcelonès;08019;Barcelona;2;87;U;;1002;304;600;747;255;4;8;735;743
8;Barcelona;13;Barcelonès;08019;Barcelona;2;88;U;;1181;342;742;886;295;4;3;879;882
8;Barcelona;13;Barcelonès;08019;Barcelona;2;89;U;;1251;342;864;908;343;6;12;890;902
8;Barcelona;13;Barcelonès;08019;Barcelona;2;9;U;;1192;302;680;893;299;4;7;882;889
8;Barcelona;13;Barcelonès;08019;Barcelona;2;90;U;;1114;330;654;798;316;2;15;781;796
8;Barcelona;13;Barcelonès;08019;Barcelona;2;91;U;;1184;372;696;853;331;4;7;842;849
8;Barcelona;13;Barcelonès;08019;Barcelona;2;92;U;;1195;300;639;819;376;12;9;798;807
8;Barcelona;13;Barcelonès;08019;Barcelona;2;93;U;;1095;279;634;836;259;6;15;815;830
8;Barcelona;13;Barcelonès;08019;Barcelona;2;94;U;;1058;320;655;782;276;3;6;773;779
8;Barcelona;13;Barcelonès;08019;Barcelona;2;95;U;;1040;296;642;779;261;4;5;770;775
8;Barcelona;13;Barcelonès;08019;Barcelona;2;96;U;;967;274;547;677;290;3;13;661;674
8;Barcelona;13;Barcelonès;08019;Barcelona;2;97;U;;740;214;417;520;220;1;11;508;519
8;Barcelona;13;Barcelonès;08019;Barcelona;2;98;U;;1053;270;579;728;325;1;7;720;727
8;Barcelona;13;Barcelonès;08019;Barcelona;2;99;U;;1049;265;594;753;296;8;4;741;745
8;Barcelona;13;Barcelonès;08019;Barcelona;3;1;U;;1201;304;610;766;435;4;14;748;762
8;Barcelona;13;Barcelonès;08019;Barcelona;3;10;U;;1032;266;535;644;388;6;8;630;638
8;Barcelona;13;Barcelonès;08019;Barcelona;3;100;U;;891;250;503;652;239;4;11;637;648
8;Barcelona;13;Barcelonès;08019;Barcelona;3;101;U;;1096;286;573;705;391;2;8;695;703
8;Barcelona;13;Barcelonès;08019;Barcelona;3;102;U;;957;285;583;696;261;3;5;688;693
8;Barcelona;13;Barcelonès;08019;Barcelona;3;103;U;;964;260;568;704;260;5;7;692;699
8;Barcelona;13;Barcelonès;08019;Barcelona;3;104;U;;931;271;516;633;298;6;10;617;627
8;Barcelona;13;Barcelonès;08019;Barcelona;3;105;U;;832;226;450;557;275;6;3;548;551
8;Barcelona;13;Barcelonès;08019;Barcelona;3;106;U;;880;242;476;591;289;5;5;581;586
8;Barcelona;13;Barcelonès;08019;Barcelona;3;107;U;;1141;364;693;853;288;4;5;844;849
8;Barcelona;13;Barcelonès;08019;Barcelona;3;108;U;;1063;335;648;800;263;4;12;784;796
8;Barcelona;13;Barcelonès;08019;Barcelona;3;109;U;;1065;376;682;795;270;6;9;780;789
8;Barcelona;13;Barcelonès;08019;Barcelona;3;11;U;;984;223;493;600;384;15;2;583;585
8;Barcelona;13;Barcelonès;08019;Barcelona;3;110;U;;1053;346;619;765;288;6;4;755;759
8;Barcelona;13;Barcelonès;08019;Barcelona;3;111;U;;924;316;576;698;226;6;3;689;692
8;Barcelona;13;Barcelonès;08019;Barcelona;3;112;A;;720;241;452;546;174;1;7;538;545
8;Barcelona;13;Barcelonès;08019;Barcelona;3;112;B;;676;217;418;513;163;2;7;504;511
8;Barcelona;13;Barcelonès;08019;Barcelona;3;113;U;;1193;315;690;885;308;2;14;869;883
8;Barcelona;13;Barcelonès;08019;Barcelona;3;114;U;;1148;322;710;870;278;12;9;849;858
8;Barcelona;13;Barcelonès;08019;Barcelona;3;12;A;;675;188;349;422;253;6;6;410;416
8;Barcelona;13;Barcelonès;08019;Barcelona;3;12;B;;629;192;324;401;228;8;3;390;393
8;Barcelona;13;Barcelonès;08019;Barcelona;3;13;U;;1072;302;536;650;422;12;3;635;638
8;Barcelona;13;Barcelonès;08019;Barcelona;3;14;U;;1035;279;492;597;438;6;9;582;591
8;Barcelona;13;Barcelonès;08019;Barcelona;3;15;A;;916;229;446;544;372;0;3;541;544
8;Barcelona;13;Barcelonès;08019;Barcelona;3;15;B;;857;224;416;499;358;4;11;484;495
8;Barcelona;13;Barcelonès;08019;Barcelona;3;16;U;;648;202;346;392;256;1;7;384;391
8;Barcelona;13;Barcelonès;08019;Barcelona;3;17;U;;976;227;447;526;450;4;3;519;522
8;Barcelona;13;Barcelonès;08019;Barcelona;3;18;U;;1060;283;525;631;429;5;8;618;626
8;Barcelona;13;Barcelonès;08019;Barcelona;3;19;U;;917;246;417;527;390;4;9;514;523
8;Barcelona;13;Barcelonès;08019;Barcelona;3;2;A;;664;166;365;430;234;2;3;425;428
8;Barcelona;13;Barcelonès;08019;Barcelona;3;2;B;;599;204;321;385;214;2;7;376;383
8;Barcelona;13;Barcelonès;08019;Barcelona;3;20;U;;939;284;519;637;302;5;5;627;632
8;Barcelona;13;Barcelonès;08019;Barcelona;3;21;U;;864;230;468;565;299;10;6;549;555
8;Barcelona;13;Barcelonès;08019;Barcelona;3;22;U;;928;261;461;577;351;3;4;570;574
8;Barcelona;13;Barcelonès;08019;Barcelona;3;23;U;;1125;310;592;694;431;4;8;682;690
8;Barcelona;13;Barcelonès;08019;Barcelona;3;24;U;;1215;280;632;740;475;2;4;734;738
8;Barcelona;13;Barcelonès;08019;Barcelona;3;25;U;;881;135;284;349;532;0;5;344;349
8;Barcelona;13;Barcelonès;08019;Barcelona;3;26;U;;838;260;456;579;259;10;3;566;569
8;Barcelona;13;Barcelonès;08019;Barcelona;3;27;A;;682;235;393;453;229;5;7;441;448
8;Barcelona;13;Barcelonès;08019;Barcelona;3;27;B;;602;189;332;414;188;4;5;405;410
8;Barcelona;13;Barcelonès;08019;Barcelona;3;28;A;;746;214;466;571;175;3;8;560;568
8;Barcelona;13;Barcelonès;08019;Barcelona;3;28;B;;634;190;356;451;183;5;6;440;446
8;Barcelona;13;Barcelonès;08019;Barcelona;3;29;U;;1000;270;491;605;395;7;5;593;598
8;Barcelona;13;Barcelonès;08019;Barcelona;3;3;U;;946;252;465;581;365;2;7;572;579
8;Barcelona;13;Barcelonès;08019;Barcelona;3;30;U;;1210;310;678;851;359;5;8;838;846
8;Barcelona;13;Barcelonès;08019;Barcelona;3;31;A;;1011;255;502;631;380;4;14;613;627
8;Barcelona;13;Barcelonès;08019;Barcelona;3;31;B;;874;206;438;561;313;8;3;550;553
8;Barcelona;13;Barcelonès;08019;Barcelona;3;32;U;;1079;249;455;558;521;8;12;538;550
8;Barcelona;13;Barcelonès;08019;Barcelona;3;33;U;;905;218;412;497;408;2;4;491;495
8;Barcelona;13;Barcelonès;08019;Barcelona;3;34;A;;1197;297;597;754;443;3;11;740;751
8;Barcelona;13;Barcelonès;08019;Barcelona;3;34;B;;1057;264;547;676;381;2;9;665;674
8;Barcelona;13;Barcelonès;08019;Barcelona;3;35;A;;1337;375;705;863;474;10;15;838;853
8;Barcelona;13;Barcelonès;08019;Barcelona;3;35;B;;984;293;548;668;316;6;15;647;662
8;Barcelona;13;Barcelonès;08019;Barcelona;3;35;C;;990;298;546;661;329;5;7;649;656
8;Barcelona;13;Barcelonès;08019;Barcelona;3;35;D;;944;260;483;616;328;7;10;599;609
8;Barcelona;13;Barcelonès;08019;Barcelona;3;35;E;;745;193;368;469;276;4;3;462;465
8;Barcelona;13;Barcelonès;08019;Barcelona;3;36;A;;884;263;527;639;245;8;5;626;631
8;Barcelona;13;Barcelonès;08019;Barcelona;3;36;B;;805;248;463;582;223;7;7;568;575
8;Barcelona;13;Barcelonès;08019;Barcelona;3;37;U;;849;203;482;600;249;4;12;584;596
8;Barcelona;13;Barcelonès;08019;Barcelona;3;38;A;;468;116;220;269;199;3;2;264;266
8;Barcelona;13;Barcelonès;08019;Barcelona;3;38;B;;672;145;276;342;330;6;6;330;336
8;Barcelona;13;Barcelonès;08019;Barcelona;3;39;U;;1230;322;586;696;534;8;5;683;688
8;Barcelona;13;Barcelonès;08019;Barcelona;3;4;U;;1068;319;613;749;319;8;10;731;741
8;Barcelona;13;Barcelonès;08019;Barcelona;3;40;U;;1238;333;684;865;373;7;7;851;858
8;Barcelona;13;Barcelonès;08019;Barcelona;3;41;U;;918;263;474;597;321;4;7;586;593
8;Barcelona;13;Barcelonès;08019;Barcelona;3;42;U;;937;241;505;647;290;9;9;629;638
8;Barcelona;13;Barcelonès;08019;Barcelona;3;43;U;;1131;306;586;760;371;6;10;744;754
8;Barcelona;13;Barcelonès;08019;Barcelona;3;44;U;;1222;292;626;797;425;6;15;776;791
8;Barcelona;13;Barcelonès;08019;Barcelona;3;45;U;;727;198;381;467;260;1;4;462;466
8;Barcelona;13;Barcelonès;08019;Barcelona;3;46;U;;1098;325;710;857;241;7;16;834;850
8;Barcelona;13;Barcelonès;08019;Barcelona;3;47;U;;1248;228;566;811;437;2;9;800;809
8;Barcelona;13;Barcelonès;08019;Barcelona;3;48;U;;1026;263;638;755;271;1;10;744;754
8;Barcelona;13;Barcelonès;08019;Barcelona;3;49;U;;1155;346;692;811;344;4;5;802;807
8;Barcelona;13;Barcelonès;08019;Barcelona;3;5;U;;883;233;451;565;318;12;9;544;553
8;Barcelona;13;Barcelonès;08019;Barcelona;3;50;U;;1124;361;694;806;318;7;7;792;799
8;Barcelona;13;Barcelonès;08019;Barcelona;3;51;U;;1186;346;573;722;464;0;4;718;722
8;Barcelona;13;Barcelonès;08019;Barcelona;3;52;U;;816;195;424;513;303;3;8;502;510
8;Barcelona;13;Barcelonès;08019;Barcelona;3;53;A;;693;210;377;468;225;6;5;457;462
8;Barcelona;13;Barcelonès;08019;Barcelona;3;53;B;;610;168;315;399;211;0;5;394;399
8;Barcelona;13;Barcelonès;08019;Barcelona;3;54;A;;682;216;420;517;165;3;9;505;514
8;Barcelona;13;Barcelonès;08019;Barcelona;3;54;B;;568;179;344;429;139;2;6;421;427
8;Barcelona;13;Barcelonès;08019;Barcelona;3;55;U;;1138;258;617;804;334;8;10;786;796
8;Barcelona;13;Barcelonès;08019;Barcelona;3;56;U;;649;195;380;457;192;0;2;455;457
8;Barcelona;13;Barcelonès;08019;Barcelona;3;57;U;;1158;322;676;830;328;5;8;817;825
8;Barcelona;13;Barcelonès;08019;Barcelona;3;58;U;;1008;225;556;695;313;2;12;681;693
8;Barcelona;13;Barcelonès;08019;Barcelona;3;59;U;;909;274;523;650;259;7;4;639;643
8;Barcelona;13;Barcelonès;08019;Barcelona;3;6;U;;845;249;458;530;315;0;9;521;530
8;Barcelona;13;Barcelonès;08019;Barcelona;3;60;U;;1072;335;668;809;263;9;13;787;800
8;Barcelona;13;Barcelonès;08019;Barcelona;3;61;U;;854;268;502;614;240;9;8;597;605
8;Barcelona;13;Barcelonès;08019;Barcelona;3;62;U;;1194;384;748;886;308;5;5;876;881
8;Barcelona;13;Barcelonès;08019;Barcelona;3;63;U;;825;241;451;567;258;1;8;558;566
8;Barcelona;13;Barcelonès;08019;Barcelona;3;64;U;;949;236;525;662;287;1;7;654;661
8;Barcelona;13;Barcelonès;08019;Barcelona;3;65;U;;1150;314;654;835;315;5;10;820;830
8;Barcelona;13;Barcelonès;08019;Barcelona;3;66;A;;833;253;469;592;241;11;6;575;581
8;Barcelona;13;Barcelonès;08019;Barcelona;3;66;B;;825;253;459;577;248;6;8;563;571
8;Barcelona;13;Barcelonès;08019;Barcelona;3;67;A;;660;211;400;490;170;2;2;486;488
8;Barcelona;13;Barcelonès;08019;Barcelona;3;67;B;;572;191;337;421;151;3;8;410;418
8;Barcelona;13;Barcelonès;08019;Barcelona;3;68;U;;900;254;515;619;281;5;9;605;614
8;Barcelona;13;Barcelonès;08019;Barcelona;3;69;U;;908;255;547;679;229;6;7;666;673
8;Barcelona;13;Barcelonès;08019;Barcelona;3;7;U;;1072;233;556;688;384;8;7;673;680
8;Barcelona;13;Barcelonès;08019;Barcelona;3;70;U;;966;300;560;688;278;5;9;674;683
8;Barcelona;13;Barcelonès;08019;Barcelona;3;71;U;;876;272;511;589;287;3;6;580;586
8;Barcelona;13;Barcelonès;08019;Barcelona;3;72;U;;998;279;555;685;313;2;4;679;683
8;Barcelona;13;Barcelonès;08019;Barcelona;3;73;U;;1184;303;694;879;305;9;14;856;870
8;Barcelona;13;Barcelonès;08019;Barcelona;3;74;A;;632;177;356;444;188;4;4;436;440
8;Barcelona;13;Barcelonès;08019;Barcelona;3;74;B;;654;183;372;455;199;1;7;447;454
8;Barcelona;13;Barcelonès;08019;Barcelona;3;75;U;;1176;337;682;818;358;14;8;796;804
8;Barcelona;13;Barcelonès;08019;Barcelona;3;76;U;;804;284;460;560;244;8;6;546;552
8;Barcelona;13;Barcelonès;08019;Barcelona;3;77;U;;972;305;545;687;285;5;5;677;682
8;Barcelona;13;Barcelonès;08019;Barcelona;3;78;U;;1161;285;626;787;374;4;12;771;783
8;Barcelona;13;Barcelonès;08019;Barcelona;3;79;U;;1169;328;642;799;370;6;11;782;793
8;Barcelona;13;Barcelonès;08019;Barcelona;3;8;U;;779;225;386;474;305;2;3;469;472
8;Barcelona;13;Barcelonès;08019;Barcelona;3;80;U;;1182;313;615;811;371;6;11;794;805
8;Barcelona;13;Barcelonès;08019;Barcelona;3;81;A;;740;201;382;491;249;2;8;481;489
8;Barcelona;13;Barcelonès;08019;Barcelona;3;81;B;;685;206;373;484;201;12;7;465;472
8;Barcelona;13;Barcelonès;08019;Barcelona;3;82;A;;711;220;425;533;178;5;11;517;528
8;Barcelona;13;Barcelonès;08019;Barcelona;3;82;B;;617;208;364;448;169;7;8;433;441
8;Barcelona;13;Barcelonès;08019;Barcelona;3;83;U;;1062;320;627;796;266;4;7;785;792
8;Barcelona;13;Barcelonès;08019;Barcelona;3;84;U;;1144;365;614;849;295;13;9;827;836
8;Barcelona;13;Barcelonès;08019;Barcelona;3;85;U;;876;287;364;620;256;5;6;609;615
8;Barcelona;13;Barcelonès;08019;Barcelona;3;86;U;;1057;342;663;821;236;4;14;803;817
8;Barcelona;13;Barcelonès;08019;Barcelona;3;87;U;;1097;372;707;841;256;7;9;825;834
8;Barcelona;13;Barcelonès;08019;Barcelona;3;88;U;;1075;367;687;803;272;3;11;789;800
8;Barcelona;13;Barcelonès;08019;Barcelona;3;89;U;;976;355;650;796;180;4;14;778;792
8;Barcelona;13;Barcelonès;08019;Barcelona;3;9;U;;806;236;433;534;272;4;4;526;530
8;Barcelona;13;Barcelonès;08019;Barcelona;3;90;U;;828;282;522;647;181;3;8;636;644
8;Barcelona;13;Barcelonès;08019;Barcelona;3;91;U;;1037;304;618;761;276;2;5;754;759
8;Barcelona;13;Barcelonès;08019;Barcelona;3;92;U;;879;244;455;613;266;1;6;606;612
8;Barcelona;13;Barcelonès;08019;Barcelona;3;93;U;;1166;370;712;853;313;8;13;832;845
8;Barcelona;13;Barcelonès;08019;Barcelona;3;94;U;;890;319;550;677;213;4;7;666;673
8;Barcelona;13;Barcelonès;08019;Barcelona;3;95;U;;1148;349;691;818;330;1;16;801;817
8;Barcelona;13;Barcelonès;08019;Barcelona;3;96;U;;978;262;520;656;322;2;5;649;654
8;Barcelona;13;Barcelonès;08019;Barcelona;3;97;U;;947;246;468;571;376;13;4;554;558
8;Barcelona;13;Barcelonès;08019;Barcelona;3;98;U;;891;263;468;588;303;3;12;573;585
8;Barcelona;13;Barcelonès;08019;Barcelona;3;99;U;;722;228;423;510;212;0;3;507;510
8;Barcelona;13;Barcelonès;08019;Barcelona;4;1;U;;887;312;548;685;202;2;9;674;683
8;Barcelona;13;Barcelonès;08019;Barcelona;4;10;U;;707;255;451;571;136;1;7;563;570
8;Barcelona;13;Barcelonès;08019;Barcelona;4;11;A;;671;209;442;543;128;5;8;530;538
8;Barcelona;13;Barcelonès;08019;Barcelona;4;11;B;;654;206;442;555;99;0;4;551;555
8;Barcelona;13;Barcelonès;08019;Barcelona;4;12;U;;1169;374;758;925;244;5;14;906;920
8;Barcelona;13;Barcelonès;08019;Barcelona;4;13;U;;984;332;631;792;192;7;8;777;785
8;Barcelona;13;Barcelonès;08019;Barcelona;4;14;U;;652;234;392;467;185;0;10;457;467
8;Barcelona;13;Barcelonès;08019;Barcelona;4;15;A;;804;256;508;620;184;3;3;614;617
8;Barcelona;13;Barcelonès;08019;Barcelona;4;15;B;;698;244;452;550;148;0;8;542;550
8;Barcelona;13;Barcelonès;08019;Barcelona;4;16;U;;898;300;602;722;176;4;9;709;718
8;Barcelona;13;Barcelonès;08019;Barcelona;4;17;U;;899;255;555;693;206;2;8;683;691
8;Barcelona;13;Barcelonès;08019;Barcelona;4;18;U;;1131;300;674;861;270;1;12;848;860
8;Barcelona;13;Barcelonès;08019;Barcelona;4;19;U;;972;255;591;743;229;3;9;731;740
8;Barcelona;13;Barcelonès;08019;Barcelona;4;2;A;;786;274;519;630;156;6;7;617;624
8;Barcelona;13;Barcelonès;08019;Barcelona;4;2;B;;619;191;385;481;138;3;9;469;478
8;Barcelona;13;Barcelonès;08019;Barcelona;4;20;U;;1045;290;640;808;237;2;10;796;806
8;Barcelona;13;Barcelonès;08019;Barcelona;4;21;U;;988;313;611;775;213;6;6;763;769
8;Barcelona;13;Barcelonès;08019;Barcelona;4;22;U;;1138;356;701;880;258;4;10;866;876
8;Barcelona;13;Barcelonès;08019;Barcelona;4;23;U;;793;226;482;613;180;2;8;603;611
8;Barcelona;13;Barcelonès;08019;Barcelona;4;24;U;;786;221;501;647;139;2;3;642;645
8;Barcelona;13;Barcelonès;08019;Barcelona;4;25;U;;918;274;576;696;222;4;9;683;692
8;Barcelona;13;Barcelonès;08019;Barcelona;4;26;U;;995;345;648;811;184;2;9;800;809
8;Barcelona;13;Barcelonès;08019;Barcelona;4;27;U;;922;290;575;710;212;5;5;700;705
8;Barcelona;13;Barcelonès;08019;Barcelona;4;28;U;;1023;331;633;776;247;4;13;759;772
8;Barcelona;13;Barcelonès;08019;Barcelona;4;29;U;;1029;346;660;789;240;0;8;781;789
8;Barcelona;13;Barcelonès;08019;Barcelona;4;3;U;;832;254;525;664;168;6;7;651;658
8;Barcelona;13;Barcelonès;08019;Barcelona;4;30;A;;673;220;433;532;141;3;0;529;529
8;Barcelona;13;Barcelonès;08019;Barcelona;4;30;B;;678;219;462;568;110;1;5;562;567
8;Barcelona;13;Barcelonès;08019;Barcelona;4;31;U;;1135;330;654;810;325;3;19;788;807
8;Barcelona;13;Barcelonès;08019;Barcelona;4;32;A;;678;206;425;557;121;4;7;546;553
8;Barcelona;13;Barcelonès;08019;Barcelona;4;32;B;;577;193;363;464;113;0;8;456;464
8;Barcelona;13;Barcelonès;08019;Barcelona;4;33;U;;929;310;603;747;182;8;9;730;739
8;Barcelona;13;Barcelonès;08019;Barcelona;4;34;A;;647;206;443;553;94;1;5;547;552
8;Barcelona;13;Barcelonès;08019;Barcelona;4;34;B;;569;206;392;488;81;3;10;475;485
8;Barcelona;13;Barcelonès;08019;Barcelona;4;35;U;;1130;352;694;895;235;7;16;872;888
8;Barcelona;13;Barcelonès;08019;Barcelona;4;36;A;;646;193;387;480;166;4;8;468;476
8;Barcelona;13;Barcelonès;08019;Barcelona;4;36;B;;662;209;410;495;167;1;9;485;494
8;Barcelona;13;Barcelonès;08019;Barcelona;4;37;A;;863;295;565;692;171;1;16;675;691
8;Barcelona;13;Barcelonès;08019;Barcelona;4;37;B;;800;248;521;614;186;4;4;606;610
8;Barcelona;13;Barcelonès;08019;Barcelona;4;38;U;;1016;281;605;771;245;3;6;762;768
8;Barcelona;13;Barcelonès;08019;Barcelona;4;39;U;;851;244;465;623;228;3;10;610;620
8;Barcelona;13;Barcelonès;08019;Barcelona;4;4;U;;766;251;480;588;178;6;5;577;582
8;Barcelona;13;Barcelonès;08019;Barcelona;4;40;U;;1087;296;608;728;359;5;8;715;723
8;Barcelona;13;Barcelonès;08019;Barcelona;4;41;U;;978;320;588;715;263;5;13;697;710
8;Barcelona;13;Barcelonès;08019;Barcelona;4;42;A;;630;205;382;477;153;1;6;470;476
8;Barcelona;13;Barcelonès;08019;Barcelona;4;42;B;;697;221;417;500;197;3;1;496;497
8;Barcelona;13;Barcelonès;08019;Barcelona;4;43;A;;731;202;457;590;141;2;6;582;588
8;Barcelona;13;Barcelonès;08019;Barcelona;4;43;B;;630;190;376;496;134;1;6;489;495
8;Barcelona;13;Barcelonès;08019;Barcelona;4;44;U;;1246;347;730;881;365;7;13;861;874
8;Barcelona;13;Barcelonès;08019;Barcelona;4;45;U;;1051;311;612;773;278;6;11;756;767
8;Barcelona;13;Barcelonès;08019;Barcelona;4;46;A;;1033;329;679;817;216;1;13;803;816
8;Barcelona;13;Barcelonès;08019;Barcelona;4;46;B;;944;304;667;786;158;1;9;776;785
8;Barcelona;13;Barcelonès;08019;Barcelona;4;47;A;;694;233;432;547;147;3;3;541;544
8;Barcelona;13;Barcelonès;08019;Barcelona;4;47;B;;560;179;370;447;113;4;7;436;443
8;Barcelona;13;Barcelonès;08019;Barcelona;4;48;A;;1146;268;714;900;246;8;13;879;892
8;Barcelona;13;Barcelonès;08019;Barcelona;4;48;B;;1092;362;709;854;238;7;17;830;847
8;Barcelona;13;Barcelonès;08019;Barcelona;4;49;U;;844;225;405;643;201;4;8;631;639
8;Barcelona;13;Barcelonès;08019;Barcelona;4;5;U;;938;264;560;712;226;2;17;693;710
8;Barcelona;13;Barcelonès;08019;Barcelona;4;50;A;;804;287;533;644;160;3;7;634;641
8;Barcelona;13;Barcelonès;08019;Barcelona;4;50;B;;737;218;439;580;157;1;13;566;579
8;Barcelona;13;Barcelonès;08019;Barcelona;4;51;U;;1176;331;737;917;259;2;8;907;915
8;Barcelona;13;Barcelonès;08019;Barcelona;4;52;A;;819;253;533;686;133;5;7;674;681
8;Barcelona;13;Barcelonès;08019;Barcelona;4;52;B;;718;238;494;601;117;3;11;587;598
8;Barcelona;13;Barcelonès;08019;Barcelona;4;53;U;;989;243;531;672;317;5;10;657;667
8;Barcelona;13;Barcelonès;08019;Barcelona;4;54;U;;830;244;560;681;149;2;8;671;679
8;Barcelona;13;Barcelonès;08019;Barcelona;4;55;U;;1002;214;636;808;194;2;15;791;806
8;Barcelona;13;Barcelonès;08019;Barcelona;4;56;U;;1130;295;699;886;244;0;4;882;886
8;Barcelona;13;Barcelonès;08019;Barcelona;4;6;U;;905;248;556;696;209;8;10;678;688
8;Barcelona;13;Barcelonès;08019;Barcelona;4;7;U;;859;235;461;583;276;3;7;573;580
8;Barcelona;13;Barcelonès;08019;Barcelona;4;8;U;;789;252;465;583;206;4;8;571;579
8;Barcelona;13;Barcelonès;08019;Barcelona;4;9;U;;1081;307;617;772;309;2;8;762;770
8;Barcelona;13;Barcelonès;08019;Barcelona;5;1;U;;999;270;586;706;293;5;6;695;701
8;Barcelona;13;Barcelonès;08019;Barcelona;5;10;U;;1086;335;737;886;200;3;15;868;883
8;Barcelona;13;Barcelonès;08019;Barcelona;5;11;U;;1030;297;653;840;190;10;11;819;830
8;Barcelona;13;Barcelonès;08019;Barcelona;5;12;U;;997;300;621;782;215;3;9;770;779
8;Barcelona;13;Barcelonès;08019;Barcelona;5;13;A;;615;194;424;499;116;1;3;495;498
8;Barcelona;13;Barcelonès;08019;Barcelona;5;13;B;;570;188;379;467;103;1;7;459;466
8;Barcelona;13;Barcelonès;08019;Barcelona;5;14;U;;1132;350;735;911;221;3;9;899;908
8;Barcelona;13;Barcelonès;08019;Barcelona;5;15;U;;1041;284;645;831;210;2;9;820;829
8;Barcelona;13;Barcelonès;08019;Barcelona;5;16;U;;1217;382;773;911;306;3;10;898;908
8;Barcelona;13;Barcelonès;08019;Barcelona;5;17;U;;1093;329;766;897;196;6;6;885;891
8;Barcelona;13;Barcelonès;08019;Barcelona;5;18;U;;932;341;643;736;196;0;9;727;736
8;Barcelona;13;Barcelonès;08019;Barcelona;5;19;A;;605;188;414;521;84;2;10;509;519
8;Barcelona;13;Barcelonès;08019;Barcelona;5;19;B;;577;166;386;480;97;1;6;473;479
8;Barcelona;13;Barcelonès;08019;Barcelona;5;2;U;;1068;290;636;812;256;2;10;800;810
8;Barcelona;13;Barcelonès;08019;Barcelona;5;20;U;;794;212;485;613;181;1;8;604;612
8;Barcelona;13;Barcelonès;08019;Barcelona;5;21;U;;801;227;490;613;188;1;5;607;612
8;Barcelona;13;Barcelonès;08019;Barcelona;5;22;A;;657;185;405;521;136;5;8;508;516
8;Barcelona;13;Barcelonès;08019;Barcelona;5;22;B;;631;165;379;516;115;0;6;510;516
8;Barcelona;13;Barcelonès;08019;Barcelona;5;23;U;;1073;366;752;840;233;4;9;827;836
8;Barcelona;13;Barcelonès;08019;Barcelona;5;24;A;;742;228;497;623;119;1;16;606;622
8;Barcelona;13;Barcelonès;08019;Barcelona;5;24;B;;626;169;411;523;103;0;12;511;523
8;Barcelona;13;Barcelonès;08019;Barcelona;5;25;U;;951;259;621;796;155;6;14;776;790
8;Barcelona;13;Barcelonès;08019;Barcelona;5;26;U;;977;277;645;810;167;3;11;796;807
8;Barcelona;13;Barcelonès;08019;Barcelona;5;27;U;;973;252;635;819;154;3;11;805;816
8;Barcelona;13;Barcelonès;08019;Barcelona;5;28;U;;1033;269;639;836;197;1;22;813;835
8;Barcelona;13;Barcelonès;08019;Barcelona;5;29;U;;1101;264;701;925;176;1;10;914;924
8;Barcelona;13;Barcelonès;08019;Barcelona;5;3;U;;906;291;603;714;192;3;10;701;711
8;Barcelona;13;Barcelonès;08019;Barcelona;5;30;U;;1027;270;687;869;158;1;6;862;868
8;Barcelona;13;Barcelonès;08019;Barcelona;5;31;U;;1132;342;737;896;236;3;13;880;893
8;Barcelona;13;Barcelonès;08019;Barcelona;5;32;U;;1156;335;729;875;281;2;7;866;873
8;Barcelona;13;Barcelonès;08019;Barcelona;5;33;U;;919;275;553;717;202;1;11;705;716
8;Barcelona;13;Barcelonès;08019;Barcelona;5;34;U;;869;272;529;666;203;8;7;651;658
8;Barcelona;13;Barcelonès;08019;Barcelona;5;35;U;;887;266;553;695;192;5;11;679;690
8;Barcelona;13;Barcelonès;08019;Barcelona;5;36;A;;646;181;391;531;115;3;14;514;528
8;Barcelona;13;Barcelonès;08019;Barcelona;5;36;B;;570;164;375;486;84;2;6;478;484
8;Barcelona;13;Barcelonès;08019;Barcelona;5;37;U;;991;298;626;777;214;4;10;763;773
8;Barcelona;13;Barcelonès;08019;Barcelona;5;38;U;;914;250;502;656;258;1;7;648;655
8;Barcelona;13;Barcelonès;08019;Barcelona;5;39;A;;585;167;388;477;108;3;7;467;474
8;Barcelona;13;Barcelonès;08019;Barcelona;5;39;B;;581;185;395;490;91;3;10;477;487
8;Barcelona;13;Barcelonès;08019;Barcelona;5;4;U;;800;238;489;590;210;0;5;585;590
8;Barcelona;13;Barcelonès;08019;Barcelona;5;40;U;;968;312;608;737;231;1;9;727;736
8;Barcelona;13;Barcelonès;08019;Barcelona;5;41;U;;1039;281;633;801;238;8;8;785;793
8;Barcelona;13;Barcelonès;08019;Barcelona;5;42;U;;933;265;602;767;166;2;13;752;765
8;Barcelona;13;Barcelonès;08019;Barcelona;5;43;U;;981;299;620;774;207;3;17;754;771
8;Barcelona;13;Barcelonès;08019;Barcelona;5;44;U;;932;231;551;690;242;4;10;676;686
8;Barcelona;13;Barcelonès;08019;Barcelona;5;45;U;;1106;284;681;874;232;2;20;852;872
8;Barcelona;13;Barcelonès;08019;Barcelona;5;46;U;;898;267;610;747;151;1;6;740;746
8;Barcelona;13;Barcelonès;08019;Barcelona;5;47;U;;907;223;587;754;153;4;10;740;750
8;Barcelona;13;Barcelonès;08019;Barcelona;5;48;U;;956;250;589;757;199;3;13;741;754
8;Barcelona;13;Barcelonès;08019;Barcelona;5;49;U;;1173;310;732;950;223;3;10;937;947
8;Barcelona;13;Barcelonès;08019;Barcelona;5;5;U;;724;222;408;501;223;0;14;487;501
8;Barcelona;13;Barcelonès;08019;Barcelona;5;50;U;;1148;323;670;909;239;2;13;894;907
8;Barcelona;13;Barcelonès;08019;Barcelona;5;51;U;;1142;263;683;918;224;5;10;903;913
8;Barcelona;13;Barcelonès;08019;Barcelona;5;52;U;;1033;277;657;851;182;3;7;841;848
8;Barcelona;13;Barcelonès;08019;Barcelona;5;53;U;;1121;420;755;925;196;0;10;915;925
8;Barcelona;13;Barcelonès;08019;Barcelona;5;54;U;;802;232;539;631;171;1;16;614;630
8;Barcelona;13;Barcelonès;08019;Barcelona;5;55;U;;1062;332;725;861;201;1;7;853;860
8;Barcelona;13;Barcelonès;08019;Barcelona;5;56;U;;921;285;553;709;212;0;13;696;709
8;Barcelona;13;Barcelonès;08019;Barcelona;5;57;A;;667;186;425;541;126;2;8;531;539
8;Barcelona;13;Barcelonès;08019;Barcelona;5;57;B;;650;187;436;540;110;4;5;531;536
8;Barcelona;13;Barcelonès;08019;Barcelona;5;58;U;;1070;275;648;834;236;5;8;821;829
8;Barcelona;13;Barcelonès;08019;Barcelona;5;59;U;;1141;290;680;852;289;7;12;833;845
8;Barcelona;13;Barcelonès;08019;Barcelona;5;6;U;;1115;346;737;894;221;5;8;881;889
8;Barcelona;13;Barcelonès;08019;Barcelona;5;60;U;;773;232;426;616;157;0;5;611;616
8;Barcelona;13;Barcelonès;08019;Barcelona;5;61;U;;1068;312;570;768;300;4;12;752;764
8;Barcelona;13;Barcelonès;08019;Barcelona;5;62;U;;1158;363;720;914;244;3;10;901;911
8;Barcelona;13;Barcelonès;08019;Barcelona;5;63;U;;1141;360;740;894;247;3;9;882;891
8;Barcelona;13;Barcelonès;08019;Barcelona;5;64;U;;1120;315;704;874;246;3;10;861;871
8;Barcelona;13;Barcelonès;08019;Barcelona;5;65;U;;1150;198;668;866;284;1;5;860;865
8;Barcelona;13;Barcelonès;08019;Barcelona;5;66;U;;922;174;588;745;177;3;15;727;742
8;Barcelona;13;Barcelonès;08019;Barcelona;5;67;U;;931;300;653;730;201;5;6;719;725
8;Barcelona;13;Barcelonès;08019;Barcelona;5;68;U;;1064;301;548;832;232;3;13;816;829
8;Barcelona;13;Barcelonès;08019;Barcelona;5;69;A;;627;214;410;495;132;1;8;486;494
8;Barcelona;13;Barcelonès;08019;Barcelona;5;69;B;;588;194;369;475;113;0;7;468;475
8;Barcelona;13;Barcelonès;08019;Barcelona;5;7;U;;1109;370;756;892;217;0;13;879;892
8;Barcelona;13;Barcelonès;08019;Barcelona;5;70;U;;1069;318;720;853;216;6;10;837;847
8;Barcelona;13;Barcelonès;08019;Barcelona;5;71;U;;1104;336;666;854;250;2;10;842;852
8;Barcelona;13;Barcelonès;08019;Barcelona;5;72;U;;1188;350;740;928;260;1;10;917;927
8;Barcelona;13;Barcelonès;08019;Barcelona;5;73;U;;1216;287;761;971;245;3;10;958;968
8;Barcelona;13;Barcelonès;08019;Barcelona;5;74;A;;607;203;417;506;101;2;6;498;504
8;Barcelona;13;Barcelonès;08019;Barcelona;5;74;B;;578;207;388;478;100;6;5;467;472
8;Barcelona;13;Barcelonès;08019;Barcelona;5;75;A;;637;187;390;500;137;2;10;488;498
8;Barcelona;13;Barcelonès;08019;Barcelona;5;75;B;;591;194;393;470;121;1;6;463;469
8;Barcelona;13;Barcelonès;08019;Barcelona;5;76;U;;988;301;621;764;224;1;5;758;763
8;Barcelona;13;Barcelonès;08019;Barcelona;5;77;U;;1012;276;633;808;204;1;9;798;807
8;Barcelona;13;Barcelonès;08019;Barcelona;5;78;A;;754;228;488;614;140;1;10;603;613
8;Barcelona;13;Barcelonès;08019;Barcelona;5;78;B;;691;207;447;548;143;0;15;533;548
8;Barcelona;13;Barcelonès;08019;Barcelona;5;79;U;;899;300;613;740;159;2;8;730;738
8;Barcelona;13;Barcelonès;08019;Barcelona;5;8;U;;1116;362;672;881;235;1;15;865;880
8;Barcelona;13;Barcelonès;08019;Barcelona;5;80;U;;932;337;639;733;199;4;13;716;729
8;Barcelona;13;Barcelonès;08019;Barcelona;5;81;U;;1087;319;683;849;238;6;11;832;843
8;Barcelona;13;Barcelonès;08019;Barcelona;5;82;U;;1139;358;745;907;232;2;11;894;905
8;Barcelona;13;Barcelonès;08019;Barcelona;5;83;U;;940;334;630;759;181;2;7;750;757
8;Barcelona;13;Barcelonès;08019;Barcelona;5;84;U;;994;339;674;790;204;4;5;781;786
8;Barcelona;13;Barcelonès;08019;Barcelona;5;85;U;;944;275;547;663;281;3;9;651;660
8;Barcelona;13;Barcelonès;08019;Barcelona;5;86;U;;899;273;564;707;192;8;9;690;699
8;Barcelona;13;Barcelonès;08019;Barcelona;5;87;U;;1163;346;702;879;284;4;13;862;875
8;Barcelona;13;Barcelonès;08019;Barcelona;5;88;U;;1235;330;751;951;284;5;6;940;946
8;Barcelona;13;Barcelonès;08019;Barcelona;5;89;U;;1199;398;816;956;243;3;12;941;953
8;Barcelona;13;Barcelonès;08019;Barcelona;5;9;A;;610;220;421;514;96;3;8;503;511
8;Barcelona;13;Barcelonès;08019;Barcelona;5;9;B;;569;193;360;454;115;0;10;444;454
8;Barcelona;13;Barcelonès;08019;Barcelona;5;90;A;;685;219;420;528;157;1;5;522;527
8;Barcelona;13;Barcelonès;08019;Barcelona;5;90;B;;619;183;364;454;165;11;1;442;443
8;Barcelona;13;Barcelonès;08019;Barcelona;5;91;U;;1106;302;650;843;263;2;14;827;841
8;Barcelona;13;Barcelonès;08019;Barcelona;5;92;U;;1084;280;536;816;268;4;12;800;812
8;Barcelona;13;Barcelonès;08019;Barcelona;5;93;U;;768;264;492;603;165;1;9;593;602
8;Barcelona;13;Barcelonès;08019;Barcelona;5;94;A;;918;284;567;719;199;4;5;710;715
8;Barcelona;13;Barcelonès;08019;Barcelona;5;94;B;;905;261;564;721;184;4;18;699;717
8;Barcelona;13;Barcelonès;08019;Barcelona;5;95;U;;1162;373;758;898;264;7;14;877;891
8;Barcelona;13;Barcelonès;08019;Barcelona;5;96;U;;808;261;517;630;178;3;9;618;627
8;Barcelona;13;Barcelonès;08019;Barcelona;5;97;U;;1125;350;738;928;197;1;4;923;927
8;Barcelona;13;Barcelonès;08019;Barcelona;5;98;U;;1092;312;685;856;236;5;2;849;851
8;Barcelona;13;Barcelonès;08019;Barcelona;6;1;U;;752;226;431;525;227;3;5;517;522
8;Barcelona;13;Barcelonès;08019;Barcelona;6;10;U;;783;232;509;635;148;13;16;606;622
8;Barcelona;13;Barcelonès;08019;Barcelona;6;11;U;;997;357;661;764;233;4;6;754;760
8;Barcelona;13;Barcelonès;08019;Barcelona;6;12;U;;846;269;521;643;203;4;8;631;639
8;Barcelona;13;Barcelonès;08019;Barcelona;6;13;U;;1184;379;669;848;336;3;6;839;845
8;Barcelona;13;Barcelonès;08019;Barcelona;6;14;U;;1037;271;603;755;282;2;9;744;753
8;Barcelona;13;Barcelonès;08019;Barcelona;6;15;U;;1000;250;532;633;367;2;11;620;631
8;Barcelona;13;Barcelonès;08019;Barcelona;6;16;U;;1081;287;568;755;326;0;15;740;755
8;Barcelona;13;Barcelonès;08019;Barcelona;6;17;U;;939;236;530;649;290;0;3;646;649
8;Barcelona;13;Barcelonès;08019;Barcelona;6;18;U;;932;280;519;643;289;7;5;631;636
8;Barcelona;13;Barcelonès;08019;Barcelona;6;19;U;;1077;344;660;817;260;2;18;797;815
8;Barcelona;13;Barcelonès;08019;Barcelona;6;2;U;;1039;303;648;775;264;5;4;766;770
8;Barcelona;13;Barcelonès;08019;Barcelona;6;20;U;;873;285;530;655;218;0;3;652;655
8;Barcelona;13;Barcelonès;08019;Barcelona;6;21;U;;980;288;592;747;233;2;6;739;745
8;Barcelona;13;Barcelonès;08019;Barcelona;6;22;U;;987;268;507;673;314;3;1;669;670
8;Barcelona;13;Barcelonès;08019;Barcelona;6;23;U;;1112;295;700;898;214;7;10;881;891
8;Barcelona;13;Barcelonès;08019;Barcelona;6;24;U;;1235;334;713;929;306;9;5;915;920
8;Barcelona;13;Barcelonès;08019;Barcelona;6;25;U;;1070;350;651;841;229;3;9;829;838
8;Barcelona;13;Barcelonès;08019;Barcelona;6;26;U;;702;237;399;505;197;1;9;495;504
8;Barcelona;13;Barcelonès;08019;Barcelona;6;27;U;;931;293;533;736;195;1;9;726;735
8;Barcelona;13;Barcelonès;08019;Barcelona;6;28;U;;984;280;559;701;283;1;13;687;700
8;Barcelona;13;Barcelonès;08019;Barcelona;6;29;U;;997;350;601;731;266;7;2;722;724
8;Barcelona;13;Barcelonès;08019;Barcelona;6;3;U;;1136;332;660;856;280;4;15;837;852
8;Barcelona;13;Barcelonès;08019;Barcelona;6;30;U;;972;284;584;685;287;3;11;671;682
8;Barcelona;13;Barcelonès;08019;Barcelona;6;31;U;;860;271;537;641;219;6;5;630;635
8;Barcelona;13;Barcelonès;08019;Barcelona;6;32;U;;835;265;510;623;212;2;9;612;621
8;Barcelona;13;Barcelonès;08019;Barcelona;6;33;U;;979;306;621;761;218;10;8;743;751
8;Barcelona;13;Barcelonès;08019;Barcelona;6;34;U;;937;323;581;717;220;5;6;706;712
8;Barcelona;13;Barcelonès;08019;Barcelona;6;35;U;;760;236;513;618;142;4;5;609;614
8;Barcelona;13;Barcelonès;08019;Barcelona;6;36;U;;963;324;598;730;233;8;7;715;722
8;Barcelona;13;Barcelonès;08019;Barcelona;6;37;U;;762;206;427;543;219;0;6;537;543
8;Barcelona;13;Barcelonès;08019;Barcelona;6;38;U;;1040;304;614;772;268;8;7;757;764
8;Barcelona;13;Barcelonès;08019;Barcelona;6;39;U;;1121;304;632;785;336;3;7;775;782
8;Barcelona;13;Barcelonès;08019;Barcelona;6;4;U;;857;258;445;557;300;3;1;553;554
8;Barcelona;13;Barcelonès;08019;Barcelona;6;40;U;;1182;371;727;903;279;9;13;881;894
8;Barcelona;13;Barcelonès;08019;Barcelona;6;41;U;;1142;345;746;889;253;3;9;877;886
8;Barcelona;13;Barcelonès;08019;Barcelona;6;42;U;;1115;377;718;840;275;6;9;825;834
8;Barcelona;13;Barcelonès;08019;Barcelona;6;43;U;;906;196;559;697;209;9;9;679;688
8;Barcelona;13;Barcelonès;08019;Barcelona;6;44;U;;1068;337;629;783;285;9;6;768;774
8;Barcelona;13;Barcelonès;08019;Barcelona;6;45;U;;867;234;482;608;259;3;7;598;605
8;Barcelona;13;Barcelonès;08019;Barcelona;6;46;U;;735;167;383;525;210;1;5;519;524
8;Barcelona;13;Barcelonès;08019;Barcelona;6;47;U;;963;239;441;584;379;2;4;578;582
8;Barcelona;13;Barcelonès;08019;Barcelona;6;48;U;;927;270;545;655;272;1;4;650;654
8;Barcelona;13;Barcelonès;08019;Barcelona;6;49;U;;775;241;459;587;188;2;2;583;585
8;Barcelona;13;Barcelonès;08019;Barcelona;6;5;U;;735;233;441;551;184;7;10;534;544
8;Barcelona;13;Barcelonès;08019;Barcelona;6;50;U;;802;228;443;548;254;5;4;539;543
8;Barcelona;13;Barcelonès;08019;Barcelona;6;51;U;;867;288;520;630;237;2;3;625;628
8;Barcelona;13;Barcelonès;08019;Barcelona;6;52;U;;1066;320;628;801;265;7;6;788;794
8;Barcelona;13;Barcelonès;08019;Barcelona;6;53;U;;1049;317;612;763;286;1;8;754;762
8;Barcelona;13;Barcelonès;08019;Barcelona;6;54;U;;1153;334;667;829;324;1;8;820;828
8;Barcelona;13;Barcelonès;08019;Barcelona;6;55;U;;1052;282;617;716;336;5;2;709;711
8;Barcelona;13;Barcelonès;08019;Barcelona;6;56;U;;1079;281;604;745;334;6;10;729;739
8;Barcelona;13;Barcelonès;08019;Barcelona;6;57;U;;1090;341;632;778;312;5;13;760;773
8;Barcelona;13;Barcelonès;08019;Barcelona;6;58;U;;1182;358;684;831;351;3;8;820;828
8;Barcelona;13;Barcelonès;08019;Barcelona;6;59;U;;1125;290;655;782;343;4;6;772;778
8;Barcelona;13;Barcelonès;08019;Barcelona;6;6;U;;734;220;453;567;167;2;8;557;565
8;Barcelona;13;Barcelonès;08019;Barcelona;6;60;A;;613;183;366;448;165;3;4;441;445
8;Barcelona;13;Barcelonès;08019;Barcelona;6;60;B;;626;203;376;464;162;4;4;456;460
8;Barcelona;13;Barcelonès;08019;Barcelona;6;61;U;;982;288;584;729;253;5;6;718;724
8;Barcelona;13;Barcelonès;08019;Barcelona;6;62;U;;957;333;611;741;216;5;6;730;736
8;Barcelona;13;Barcelonès;08019;Barcelona;6;63;U;;1061;326;634;727;334;2;3;722;725
8;Barcelona;13;Barcelonès;08019;Barcelona;6;64;A;;739;265;472;565;174;3;3;559;562
8;Barcelona;13;Barcelonès;08019;Barcelona;6;64;B;;654;253;421;509;145;4;2;503;505
8;Barcelona;13;Barcelonès;08019;Barcelona;6;65;U;;825;276;551;663;162;5;7;651;658
8;Barcelona;13;Barcelonès;08019;Barcelona;6;66;U;;782;229;470;576;206;2;8;566;574
8;Barcelona;13;Barcelonès;08019;Barcelona;6;67;A;;661;203;386;491;170;9;3;479;482
8;Barcelona;13;Barcelonès;08019;Barcelona;6;67;B;;633;203;382;470;163;5;3;462;465
8;Barcelona;13;Barcelonès;08019;Barcelona;6;68;U;;1081;328;646;801;280;7;10;784;794
8;Barcelona;13;Barcelonès;08019;Barcelona;6;69;U;;839;298;508;621;218;0;5;616;621
8;Barcelona;13;Barcelonès;08019;Barcelona;6;7;A;;707;204;399;529;178;2;6;521;527
8;Barcelona;13;Barcelonès;08019;Barcelona;6;7;B;;594;164;339;424;170;0;8;416;424
8;Barcelona;13;Barcelonès;08019;Barcelona;6;70;A;;712;233;432;523;189;4;9;510;519
8;Barcelona;13;Barcelonès;08019;Barcelona;6;70;B;;633;203;367;463;170;5;6;452;458
8;Barcelona;13;Barcelonès;08019;Barcelona;6;71;U;;767;255;486;604;163;0;6;598;604
8;Barcelona;13;Barcelonès;08019;Barcelona;6;72;A;;633;220;405;492;141;3;6;483;489
8;Barcelona;13;Barcelonès;08019;Barcelona;6;72;B;;594;210;373;462;132;2;3;457;460
8;Barcelona;13;Barcelonès;08019;Barcelona;6;73;U;;1049;342;649;810;239;3;7;800;807
8;Barcelona;13;Barcelonès;08019;Barcelona;6;74;U;;777;234;483;589;188;1;7;581;588
8;Barcelona;13;Barcelonès;08019;Barcelona;6;75;U;;850;262;570;704;146;2;9;693;702
8;Barcelona;13;Barcelonès;08019;Barcelona;6;76;U;;985;351;702;813;172;4;10;799;809
8;Barcelona;13;Barcelonès;08019;Barcelona;6;77;U;;921;262;533;646;275;3;6;637;643
8;Barcelona;13;Barcelonès;08019;Barcelona;6;78;U;;929;291;559;715;214;15;3;697;700
8;Barcelona;13;Barcelonès;08019;Barcelona;6;79;U;;839;310;517;645;194;1;12;632;644
8;Barcelona;13;Barcelonès;08019;Barcelona;6;8;A;;697;253;457;536;161;4;9;523;532
8;Barcelona;13;Barcelonès;08019;Barcelona;6;8;B;;649;196;370;483;166;5;3;475;478
8;Barcelona;13;Barcelonès;08019;Barcelona;6;80;U;;875;300;555;661;214;6;9;646;655
8;Barcelona;13;Barcelonès;08019;Barcelona;6;81;U;;962;347;601;741;221;9;10;722;732
8;Barcelona;13;Barcelonès;08019;Barcelona;6;82;A;;665;194;414;511;154;4;6;501;507
8;Barcelona;13;Barcelonès;08019;Barcelona;6;82;B;;631;192;394;498;133;6;1;491;492
8;Barcelona;13;Barcelonès;08019;Barcelona;6;83;A;;692;215;438;547;145;2;5;540;545
8;Barcelona;13;Barcelonès;08019;Barcelona;6;83;B;;658;210;390;512;146;2;1;509;510
8;Barcelona;13;Barcelonès;08019;Barcelona;6;84;U;;1092;332;647;815;277;2;2;811;813
8;Barcelona;13;Barcelonès;08019;Barcelona;6;85;U;;956;328;634;748;208;4;3;741;744
8;Barcelona;13;Barcelonès;08019;Barcelona;6;86;U;;784;265;492;648;136;4;3;641;644
8;Barcelona;13;Barcelonès;08019;Barcelona;6;87;A;;777;291;522;631;146;1;5;625;630
8;Barcelona;13;Barcelonès;08019;Barcelona;6;87;B;;782;268;541;643;139;4;11;628;639
8;Barcelona;13;Barcelonès;08019;Barcelona;6;88;U;;949;304;647;771;178;9;9;753;762
8;Barcelona;13;Barcelonès;08019;Barcelona;6;9;U;;864;266;560;674;190;4;15;655;670
8;Barcelona;13;Barcelonès;08019;Barcelona;7;1;A;;688;183;380;468;220;2;1;465;466
8;Barcelona;13;Barcelonès;08019;Barcelona;7;1;B;;624;190;369;439;185;1;2;436;438
8;Barcelona;13;Barcelonès;08019;Barcelona;7;10;U;;950;219;544;662;288;3;11;648;659
8;Barcelona;13;Barcelonès;08019;Barcelona;7;100;U;;949;234;560;683;266;6;9;668;677
8;Barcelona;13;Barcelonès;08019;Barcelona;7;101;U;;1071;299;642;783;288;7;15;761;776
8;Barcelona;13;Barcelonès;08019;Barcelona;7;102;U;;296;72;117;160;136;6;5;149;154
8;Barcelona;13;Barcelonès;08019;Barcelona;7;103;U;;1030;249;523;636;394;3;7;626;633
8;Barcelona;13;Barcelonès;08019;Barcelona;7;104;U;;1220;346;667;790;430;2;12;776;788
8;Barcelona;13;Barcelonès;08019;Barcelona;7;105;U;;875;301;581;666;209;2;8;656;664
8;Barcelona;13;Barcelonès;08019;Barcelona;7;106;U;;909;307;551;659;250;4;10;645;655
8;Barcelona;13;Barcelonès;08019;Barcelona;7;107;U;;992;331;623;765;227;3;7;755;762
8;Barcelona;13;Barcelonès;08019;Barcelona;7;108;U;;998;272;576;729;269;8;6;715;721
8;Barcelona;13;Barcelonès;08019;Barcelona;7;109;A;;678;193;375;485;193;5;5;475;480
8;Barcelona;13;Barcelonès;08019;Barcelona;7;109;B;;661;202;387;484;177;10;8;466;474
8;Barcelona;13;Barcelonès;08019;Barcelona;7;11;U;;792;280;449;534;258;1;3;530;533
8;Barcelona;13;Barcelonès;08019;Barcelona;7;110;U;;845;265;498;598;247;2;5;591;596
8;Barcelona;13;Barcelonès;08019;Barcelona;7;111;U;;764;235;480;586;178;4;4;578;582
8;Barcelona;13;Barcelonès;08019;Barcelona;7;112;U;;1001;330;575;711;290;4;7;700;707
8;Barcelona;13;Barcelonès;08019;Barcelona;7;113;U;;874;300;512;608;266;4;10;594;604
8;Barcelona;13;Barcelonès;08019;Barcelona;7;114;U;;911;306;584;689;222;4;6;679;685
8;Barcelona;13;Barcelonès;08019;Barcelona;7;115;U;;836;276;518;670;166;6;8;656;664
8;Barcelona;13;Barcelonès;08019;Barcelona;7;116;U;;1169;310;687;867;302;5;14;848;862
8;Barcelona;13;Barcelonès;08019;Barcelona;7;117;U;;955;266;556;642;313;9;6;627;633
8;Barcelona;13;Barcelonès;08019;Barcelona;7;118;U;;940;289;546;670;270;8;11;651;662
8;Barcelona;13;Barcelonès;08019;Barcelona;7;119;U;;901;266;468;596;305;7;9;580;589
8;Barcelona;13;Barcelonès;08019;Barcelona;7;12;U;;1172;321;640;806;366;3;5;798;803
8;Barcelona;13;Barcelonès;08019;Barcelona;7;120;U;;948;253;526;654;294;8;8;638;646
8;Barcelona;13;Barcelonès;08019;Barcelona;7;121;U;;868;276;489;588;280;1;5;582;587
8;Barcelona;13;Barcelonès;08019;Barcelona;7;122;U;;1029;312;605;726;303;0;9;717;726
8;Barcelona;13;Barcelonès;08019;Barcelona;7;123;U;;1028;374;629;757;271;7;9;741;750
8;Barcelona;13;Barcelonès;08019;Barcelona;7;13;U;;1030;338;644;789;241;1;14;774;788
8;Barcelona;13;Barcelonès;08019;Barcelona;7;14;U;;680;222;360;446;234;4;9;433;442
8;Barcelona;13;Barcelonès;08019;Barcelona;7;15;U;;1056;366;669;774;282;0;2;772;774
8;Barcelona;13;Barcelonès;08019;Barcelona;7;16;U;;993;361;640;769;224;2;6;761;767
8;Barcelona;13;Barcelonès;08019;Barcelona;7;17;U;;1185;321;657;807;378;4;12;791;803
8;Barcelona;13;Barcelonès;08019;Barcelona;7;18;U;;1125;320;654;783;342;5;4;774;778
8;Barcelona;13;Barcelonès;08019;Barcelona;7;19;U;;1102;363;686;840;262;4;11;825;836
8;Barcelona;13;Barcelonès;08019;Barcelona;7;2;U;;879;276;528;663;216;6;11;646;657
8;Barcelona;13;Barcelonès;08019;Barcelona;7;20;U;;1061;306;636;783;278;4;7;772;779
8;Barcelona;13;Barcelonès;08019;Barcelona;7;21;U;;812;241;451;585;227;4;6;575;581
8;Barcelona;13;Barcelonès;08019;Barcelona;7;22;U;;887;250;468;593;294;4;4;585;589
8;Barcelona;13;Barcelonès;08019;Barcelona;7;23;U;;940;248;477;617;323;9;8;600;608
8;Barcelona;13;Barcelonès;08019;Barcelona;7;24;U;;1074;297;608;729;345;5;11;713;724
8;Barcelona;13;Barcelonès;08019;Barcelona;7;25;U;;997;311;527;666;331;4;9;653;662
8;Barcelona;13;Barcelonès;08019;Barcelona;7;26;U;;876;314;528;621;255;5;12;604;616
8;Barcelona;13;Barcelonès;08019;Barcelona;7;27;A;;723;226;422;510;213;1;5;504;509
8;Barcelona;13;Barcelonès;08019;Barcelona;7;27;B;;655;228;404;475;180;1;3;471;474
8;Barcelona;13;Barcelonès;08019;Barcelona;7;28;U;;994;277;552;684;310;2;13;669;682
8;Barcelona;13;Barcelonès;08019;Barcelona;7;29;U;;987;270;536;672;315;4;7;661;668
8;Barcelona;13;Barcelonès;08019;Barcelona;7;3;U;;924;295;551;699;225;2;9;688;697
8;Barcelona;13;Barcelonès;08019;Barcelona;7;30;U;;962;277;531;638;324;6;7;625;632
8;Barcelona;13;Barcelonès;08019;Barcelona;7;31;U;;1071;307;591;702;369;6;6;690;696
8;Barcelona;13;Barcelonès;08019;Barcelona;7;32;U;;934;268;574;701;233;10;8;683;691
8;Barcelona;13;Barcelonès;08019;Barcelona;7;33;U;;1064;290;645;777;287;5;12;760;772
8;Barcelona;13;Barcelonès;08019;Barcelona;7;34;U;;1093;307;689;822;271;3;8;811;819
8;Barcelona;13;Barcelonès;08019;Barcelona;7;35;A;;667;225;435;549;118;3;3;543;546
8;Barcelona;13;Barcelonès;08019;Barcelona;7;35;B;;615;188;392;484;131;8;7;469;476
8;Barcelona;13;Barcelonès;08019;Barcelona;7;36;U;;1071;326;652;777;294;5;10;762;772
8;Barcelona;13;Barcelonès;08019;Barcelona;7;37;U;;1051;325;632;782;269;5;10;767;777
8;Barcelona;13;Barcelonès;08019;Barcelona;7;38;U;;976;250;592;727;249;5;14;708;722
8;Barcelona;13;Barcelonès;08019;Barcelona;7;39;U;;1121;318;653;795;326;3;11;781;792
8;Barcelona;13;Barcelonès;08019;Barcelona;7;4;U;;1078;289;738;765;313;15;0;750;750
8;Barcelona;13;Barcelonès;08019;Barcelona;7;40;U;;1089;320;618;754;335;4;7;743;750
8;Barcelona;13;Barcelonès;08019;Barcelona;7;41;U;;926;295;483;600;326;6;9;585;594
8;Barcelona;13;Barcelonès;08019;Barcelona;7;42;U;;1099;311;621;788;311;7;9;772;781
8;Barcelona;13;Barcelonès;08019;Barcelona;7;43;U;;990;300;576;711;279;5;8;698;706
8;Barcelona;13;Barcelonès;08019;Barcelona;7;44;U;;1016;354;647;770;246;7;12;751;763
8;Barcelona;13;Barcelonès;08019;Barcelona;7;45;U;;1089;342;635;764;325;3;5;756;761
8;Barcelona;13;Barcelonès;08019;Barcelona;7;46;U;;1024;250;549;694;330;2;7;685;692
8;Barcelona;13;Barcelonès;08019;Barcelona;7;47;U;;1012;276;529;670;342;10;0;660;660
8;Barcelona;13;Barcelonès;08019;Barcelona;7;48;U;;931;273;570;687;244;3;16;668;684
8;Barcelona;13;Barcelonès;08019;Barcelona;7;49;U;;939;290;549;686;253;4;9;673;682
8;Barcelona;13;Barcelonès;08019;Barcelona;7;5;U;;1139;300;627;777;362;1;8;768;776
8;Barcelona;13;Barcelonès;08019;Barcelona;7;50;U;;816;231;441;564;252;4;7;553;560
8;Barcelona;13;Barcelonès;08019;Barcelona;7;51;U;;1237;340;686;823;414;7;8;808;816
8;Barcelona;13;Barcelonès;08019;Barcelona;7;52;U;;1047;340;626;779;268;9;11;759;770
8;Barcelona;13;Barcelonès;08019;Barcelona;7;53;U;;1140;331;670;860;280;5;8;847;855
8;Barcelona;13;Barcelonès;08019;Barcelona;7;54;U;;1144;360;735;925;219;3;16;906;922
8;Barcelona;13;Barcelonès;08019;Barcelona;7;55;U;;943;350;644;784;159;5;9;770;779
8;Barcelona;13;Barcelonès;08019;Barcelona;7;56;U;;915;332;511;635;280;1;12;622;634
8;Barcelona;13;Barcelonès;08019;Barcelona;7;57;U;;1117;380;673;838;279;3;15;820;835
8;Barcelona;13;Barcelonès;08019;Barcelona;7;58;U;;1082;282;632;792;290;0;7;785;792
8;Barcelona;13;Barcelonès;08019;Barcelona;7;59;U;;985;263;464;578;407;7;6;565;571
8;Barcelona;13;Barcelonès;08019;Barcelona;7;6;U;;792;221;488;624;168;11;13;600;613
8;Barcelona;13;Barcelonès;08019;Barcelona;7;60;U;;1407;284;636;786;621;5;8;773;781
8;Barcelona;13;Barcelonès;08019;Barcelona;7;61;U;;990;288;543;659;331;2;14;643;657
8;Barcelona;13;Barcelonès;08019;Barcelona;7;62;U;;922;225;495;639;283;6;9;624;633
8;Barcelona;13;Barcelonès;08019;Barcelona;7;63;U;;1123;311;521;661;462;10;5;646;651
8;Barcelona;13;Barcelonès;08019;Barcelona;7;64;A;;651;174;286;381;270;1;5;375;380
8;Barcelona;13;Barcelonès;08019;Barcelona;7;64;B;;589;164;270;350;239;1;5;344;349
8;Barcelona;13;Barcelonès;08019;Barcelona;7;65;U;;1206;354;571;693;513;5;9;679;688
8;Barcelona;13;Barcelonès;08019;Barcelona;7;66;U;;1261;304;585;753;508;15;12;726;738
8;Barcelona;13;Barcelonès;08019;Barcelona;7;67;U;;1055;250;538;620;435;7;4;609;613
8;Barcelona;13;Barcelonès;08019;Barcelona;7;68;U;;845;197;428;510;335;7;3;500;503
8;Barcelona;13;Barcelonès;08019;Barcelona;7;69;U;;1046;279;568;686;360;6;13;667;680
8;Barcelona;13;Barcelonès;08019;Barcelona;7;7;U;;1094;242;575;715;379;0;5;710;715
8;Barcelona;13;Barcelonès;08019;Barcelona;7;70;U;;1005;287;535;653;352;10;9;634;643
8;Barcelona;13;Barcelonès;08019;Barcelona;7;71;U;;1037;312;565;701;336;5;10;686;696
8;Barcelona;13;Barcelonès;08019;Barcelona;7;72;U;;1007;289;513;622;385;5;9;608;617
8;Barcelona;13;Barcelonès;08019;Barcelona;7;73;U;;842;240;488;587;255;17;16;554;570
8;Barcelona;13;Barcelonès;08019;Barcelona;7;74;U;;1263;320;674;834;429;15;12;807;819
8;Barcelona;13;Barcelonès;08019;Barcelona;7;75;U;;868;242;453;570;298;8;5;557;562
8;Barcelona;13;Barcelonès;08019;Barcelona;7;76;U;;950;265;500;632;318;2;12;618;630
8;Barcelona;13;Barcelonès;08019;Barcelona;7;77;U;;970;278;507;609;361;7;5;597;602
8;Barcelona;13;Barcelonès;08019;Barcelona;7;78;U;;1010;238;496;620;390;4;3;613;616
8;Barcelona;13;Barcelonès;08019;Barcelona;7;79;U;;1114;308;577;731;383;14;11;706;717
8;Barcelona;13;Barcelonès;08019;Barcelona;7;8;U;;1175;313;664;856;319;4;11;841;852
8;Barcelona;13;Barcelonès;08019;Barcelona;7;80;U;;1270;347;695;833;437;4;19;810;829
8;Barcelona;13;Barcelonès;08019;Barcelona;7;81;A;;807;196;439;541;266;4;4;533;537
8;Barcelona;13;Barcelonès;08019;Barcelona;7;81;B;;735;210;395;492;243;9;2;481;483
8;Barcelona;13;Barcelonès;08019;Barcelona;7;82;U;;964;282;486;605;359;2;9;594;603
8;Barcelona;13;Barcelonès;08019;Barcelona;7;83;U;;967;272;509;617;350;10;10;597;607
8;Barcelona;13;Barcelonès;08019;Barcelona;7;84;U;;946;235;487;602;344;5;5;592;597
8;Barcelona;13;Barcelonès;08019;Barcelona;7;85;U;;1016;231;457;623;393;2;10;611;621
8;Barcelona;13;Barcelonès;08019;Barcelona;7;86;U;;1041;281;528;662;379;4;9;649;658
8;Barcelona;13;Barcelonès;08019;Barcelona;7;87;U;;1165;264;614;771;394;7;9;755;764
8;Barcelona;13;Barcelonès;08019;Barcelona;7;88;U;;856;220;466;562;294;12;7;543;550
8;Barcelona;13;Barcelonès;08019;Barcelona;7;89;U;;990;312;622;685;305;2;7;676;683
8;Barcelona;13;Barcelonès;08019;Barcelona;7;9;U;;863;233;480;580;283;3;5;572;577
8;Barcelona;13;Barcelonès;08019;Barcelona;7;90;U;;1091;279;565;706;385;9;15;682;697
8;Barcelona;13;Barcelonès;08019;Barcelona;7;91;U;;887;256;472;566;321;6;14;546;560
8;Barcelona;13;Barcelonès;08019;Barcelona;7;92;U;;1067;316;591;689;378;4;7;678;685
8;Barcelona;13;Barcelonès;08019;Barcelona;7;93;A;;620;188;368;442;178;7;9;426;435
8;Barcelona;13;Barcelonès;08019;Barcelona;7;93;B;;585;176;320;391;194;4;9;378;387
8;Barcelona;13;Barcelonès;08019;Barcelona;7;94;U;;945;345;525;609;336;4;10;595;605
8;Barcelona;13;Barcelonès;08019;Barcelona;7;95;U;;1160;353;663;817;343;10;13;794;807
8;Barcelona;13;Barcelonès;08019;Barcelona;7;96;U;;1054;295;616;759;295;6;11;742;753
8;Barcelona;13;Barcelonès;08019;Barcelona;7;97;U;;754;242;399;419;335;3;6;410;416
8;Barcelona;13;Barcelonès;08019;Barcelona;7;98;A;;731;249;457;552;179;6;7;539;546
8;Barcelona;13;Barcelonès;08019;Barcelona;7;98;B;;622;216;421;502;120;3;6;493;499
8;Barcelona;13;Barcelonès;08019;Barcelona;7;99;U;;882;252;572;722;160;6;10;706;716
8;Barcelona;13;Barcelonès;08019;Barcelona;8;1;U;;1011;280;570;721;290;6;11;704;715
8;Barcelona;13;Barcelonès;08019;Barcelona;8;10;U;;836;235;487;604;232;4;6;594;600
8;Barcelona;13;Barcelonès;08019;Barcelona;8;100;U;;905;251;455;564;341;10;6;548;554
8;Barcelona;13;Barcelonès;08019;Barcelona;8;101;A;;677;215;396;467;210;4;5;458;463
8;Barcelona;13;Barcelonès;08019;Barcelona;8;101;B;;623;181;333;413;210;2;6;405;411
8;Barcelona;13;Barcelonès;08019;Barcelona;8;102;U;;915;263;509;609;306;6;7;596;603
8;Barcelona;13;Barcelonès;08019;Barcelona;8;103;U;;976;209;381;459;517;4;12;443;455
8;Barcelona;13;Barcelonès;08019;Barcelona;8;104;U;;897;215;404;514;383;9;7;498;505
8;Barcelona;13;Barcelonès;08019;Barcelona;8;105;U;;1045;274;487;599;446;8;5;586;591
8;Barcelona;13;Barcelonès;08019;Barcelona;8;106;U;;889;202;373;443;446;5;9;429;438
8;Barcelona;13;Barcelonès;08019;Barcelona;8;107;U;;1366;388;625;639;727;3;6;630;636
8;Barcelona;13;Barcelonès;08019;Barcelona;8;108;U;;824;167;317;389;435;3;7;379;386
8;Barcelona;13;Barcelonès;08019;Barcelona;8;109;U;;723;152;244;295;428;2;3;290;293
8;Barcelona;13;Barcelonès;08019;Barcelona;8;11;U;;898;264;554;671;227;3;10;658;668
8;Barcelona;13;Barcelonès;08019;Barcelona;8;110;U;;993;207;388;481;512;7;6;468;474
8;Barcelona;13;Barcelonès;08019;Barcelona;8;111;U;;909;220;481;551;358;5;6;540;546
8;Barcelona;13;Barcelonès;08019;Barcelona;8;112;U;;882;239;438;520;362;8;10;502;512
8;Barcelona;13;Barcelonès;08019;Barcelona;8;113;U;;965;258;452;537;428;8;7;522;529
8;Barcelona;13;Barcelonès;08019;Barcelona;8;114;U;;1151;304;569;690;461;11;14;665;679
8;Barcelona;13;Barcelonès;08019;Barcelona;8;115;U;;922;280;494;580;342;4;2;574;576
8;Barcelona;13;Barcelonès;08019;Barcelona;8;116;U;;905;201;395;470;435;4;7;459;466
8;Barcelona;13;Barcelonès;08019;Barcelona;8;12;U;;957;353;590;688;269;3;10;675;685
8;Barcelona;13;Barcelonès;08019;Barcelona;8;13;U;;901;288;568;679;222;6;8;665;673
8;Barcelona;13;Barcelonès;08019;Barcelona;8;14;U;;844;225;478;608;236;1;11;596;607
8;Barcelona;13;Barcelonès;08019;Barcelona;8;15;U;;962;247;530;658;304;4;13;641;654
8;Barcelona;13;Barcelonès;08019;Barcelona;8;16;U;;862;232;476;581;281;9;5;567;572
8;Barcelona;13;Barcelonès;08019;Barcelona;8;17;U;;1102;405;694;798;304;7;11;780;791
8;Barcelona;13;Barcelonès;08019;Barcelona;8;18;U;;1174;300;616;819;355;10;11;798;809
8;Barcelona;13;Barcelonès;08019;Barcelona;8;19;U;;1202;274;639;800;402;4;11;785;796
8;Barcelona;13;Barcelonès;08019;Barcelona;8;2;U;;977;337;578;715;262;7;6;702;708
8;Barcelona;13;Barcelonès;08019;Barcelona;8;20;U;;946;259;533;662;284;5;5;652;657
8;Barcelona;13;Barcelonès;08019;Barcelona;8;21;U;;1051;308;613;735;316;7;17;711;728
8;Barcelona;13;Barcelonès;08019;Barcelona;8;22;U;;995;299;571;743;252;6;11;726;737
8;Barcelona;13;Barcelonès;08019;Barcelona;8;23;U;;937;290;536;644;293;9;10;625;635
8;Barcelona;13;Barcelonès;08019;Barcelona;8;24;U;;1024;310;604;732;292;4;6;722;728
8;Barcelona;13;Barcelonès;08019;Barcelona;8;25;U;;859;304;519;615;244;7;8;600;608
8;Barcelona;13;Barcelonès;08019;Barcelona;8;26;U;;928;278;528;631;297;8;6;617;623
8;Barcelona;13;Barcelonès;08019;Barcelona;8;27;U;;1024;280;576;721;303;11;8;702;710
8;Barcelona;13;Barcelonès;08019;Barcelona;8;28;U;;866;265;469;596;270;7;10;579;589
8;Barcelona;13;Barcelonès;08019;Barcelona;8;29;U;;1108;268;521;649;459;3;11;635;646
8;Barcelona;13;Barcelonès;08019;Barcelona;8;3;U;;965;282;574;712;253;0;10;702;712
8;Barcelona;13;Barcelonès;08019;Barcelona;8;30;U;;1005;296;538;686;319;5;8;673;681
8;Barcelona;13;Barcelonès;08019;Barcelona;8;31;U;;1006;303;570;701;305;8;13;680;693
8;Barcelona;13;Barcelonès;08019;Barcelona;8;32;U;;1003;284;548;728;275;5;10;713;723
8;Barcelona;13;Barcelonès;08019;Barcelona;8;33;U;;1011;297;555;677;334;7;12;658;670
8;Barcelona;13;Barcelonès;08019;Barcelona;8;34;U;;861;289;474;556;305;3;5;548;553
8;Barcelona;13;Barcelonès;08019;Barcelona;8;35;U;;1056;311;600;712;344;12;6;694;700
8;Barcelona;13;Barcelonès;08019;Barcelona;8;36;U;;1050;255;598;633;417;12;15;606;621
8;Barcelona;13;Barcelonès;08019;Barcelona;8;37;U;;1104;315;621;765;339;6;7;752;759
8;Barcelona;13;Barcelonès;08019;Barcelona;8;38;U;;1015;255;514;655;360;3;13;639;652
8;Barcelona;13;Barcelonès;08019;Barcelona;8;39;U;;1054;317;512;720;334;6;12;702;714
8;Barcelona;13;Barcelonès;08019;Barcelona;8;4;U;;1010;297;609;740;270;8;11;721;732
8;Barcelona;13;Barcelonès;08019;Barcelona;8;40;U;;1067;250;510;610;457;1;17;592;609
8;Barcelona;13;Barcelonès;08019;Barcelona;8;41;U;;1238;284;514;621;617;5;8;608;616
8;Barcelona;13;Barcelonès;08019;Barcelona;8;42;U;;985;316;636;757;228;4;6;747;753
8;Barcelona;13;Barcelonès;08019;Barcelona;8;43;U;;928;263;503;595;333;10;10;575;585
8;Barcelona;13;Barcelonès;08019;Barcelona;8;44;U;;977;212;449;527;450;3;8;516;524
8;Barcelona;13;Barcelonès;08019;Barcelona;8;45;U;;1035;268;541;641;394;2;6;633;639
8;Barcelona;13;Barcelonès;08019;Barcelona;8;46;U;;1003;288;526;616;387;3;11;602;613
8;Barcelona;13;Barcelonès;08019;Barcelona;8;47;U;;969;258;461;546;423;5;6;535;541
8;Barcelona;13;Barcelonès;08019;Barcelona;8;48;U;;827;175;320;405;422;4;3;398;401
8;Barcelona;13;Barcelonès;08019;Barcelona;8;49;U;;961;281;465;559;402;5;11;543;554
8;Barcelona;13;Barcelonès;08019;Barcelona;8;5;U;;906;245;491;637;269;6;4;627;631
8;Barcelona;13;Barcelonès;08019;Barcelona;8;50;A;;1191;325;678;832;359;4;4;824;828
8;Barcelona;13;Barcelonès;08019;Barcelona;8;50;B;;1002;208;607;691;311;7;12;672;684
8;Barcelona;13;Barcelonès;08019;Barcelona;8;51;U;;989;293;526;723;266;10;11;702;713
8;Barcelona;13;Barcelonès;08019;Barcelona;8;52;U;;749;256;459;540;209;12;12;516;528
8;Barcelona;13;Barcelonès;08019;Barcelona;8;53;U;;868;323;552;681;187;8;13;660;673
8;Barcelona;13;Barcelonès;08019;Barcelona;8;54;A;;684;259;438;508;176;8;3;497;500
8;Barcelona;13;Barcelonès;08019;Barcelona;8;54;B;;666;230;400;482;184;2;4;476;480
8;Barcelona;13;Barcelonès;08019;Barcelona;8;55;A;;784;214;475;603;181;3;6;594;600
8;Barcelona;13;Barcelonès;08019;Barcelona;8;55;B;;773;232;486;610;163;5;5;600;605
8;Barcelona;13;Barcelonès;08019;Barcelona;8;56;U;;1163;336;668;799;364;11;3;785;788
8;Barcelona;13;Barcelonès;08019;Barcelona;8;57;U;;1033;320;565;670;363;5;11;654;665
8;Barcelona;13;Barcelonès;08019;Barcelona;8;58;A;;700;225;410;476;224;3;8;465;473
8;Barcelona;13;Barcelonès;08019;Barcelona;8;58;B;;557;192;337;383;174;4;2;377;379
8;Barcelona;13;Barcelonès;08019;Barcelona;8;59;U;;835;249;448;534;301;3;12;519;531
8;Barcelona;13;Barcelonès;08019;Barcelona;8;6;U;;1076;316;613;757;319;4;8;745;753
8;Barcelona;13;Barcelonès;08019;Barcelona;8;60;U;;1043;307;605;726;317;11;12;703;715
8;Barcelona;13;Barcelonès;08019;Barcelona;8;61;A;;719;214;390;464;255;4;6;454;460
8;Barcelona;13;Barcelonès;08019;Barcelona;8;61;B;;645;198;358;434;211;5;7;422;429
8;Barcelona;13;Barcelonès;08019;Barcelona;8;62;U;;1046;302;608;757;289;7;17;733;750
8;Barcelona;13;Barcelonès;08019;Barcelona;8;63;U;;997;294;612;736;261;5;9;722;731
8;Barcelona;13;Barcelonès;08019;Barcelona;8;64;A;;746;208;381;468;278;3;4;461;465
8;Barcelona;13;Barcelonès;08019;Barcelona;8;64;B;;628;198;338;402;226;7;6;389;395
8;Barcelona;13;Barcelonès;08019;Barcelona;8;65;U;;1063;228;432;549;514;12;9;528;537
8;Barcelona;13;Barcelonès;08019;Barcelona;8;66;U;;1013;234;420;511;502;5;4;502;506
8;Barcelona;13;Barcelonès;08019;Barcelona;8;67;U;;1113;269;581;718;395;11;9;698;707
8;Barcelona;13;Barcelonès;08019;Barcelona;8;68;U;;1174;462;568;680;494;3;12;665;677
8;Barcelona;13;Barcelonès;08019;Barcelona;8;69;U;;1026;235;485;612;414;11;8;593;601
8;Barcelona;13;Barcelonès;08019;Barcelona;8;7;U;;999;306;603;740;259;8;15;717;732
8;Barcelona;13;Barcelonès;08019;Barcelona;8;70;U;;905;225;450;536;369;3;7;526;533
8;Barcelona;13;Barcelonès;08019;Barcelona;8;71;U;;1157;349;607;681;476;9;13;659;672
8;Barcelona;13;Barcelonès;08019;Barcelona;8;72;U;;864;273;485;608;256;3;11;594;605
8;Barcelona;13;Barcelonès;08019;Barcelona;8;73;U;;1131;260;439;556;575;8;7;541;548
8;Barcelona;13;Barcelonès;08019;Barcelona;8;74;U;;948;230;450;555;393;5;12;538;550
8;Barcelona;13;Barcelonès;08019;Barcelona;8;75;U;;1324;332;681;822;502;5;9;808;817
8;Barcelona;13;Barcelonès;08019;Barcelona;8;76;U;;1162;325;582;789;373;9;6;774;780
8;Barcelona;13;Barcelonès;08019;Barcelona;8;77;U;;1117;96;304;493;624;2;8;483;491
8;Barcelona;13;Barcelonès;08019;Barcelona;8;78;U;;1076;313;547;644;432;9;6;629;635
8;Barcelona;13;Barcelonès;08019;Barcelona;8;79;U;;930;295;451;544;386;7;2;535;537
8;Barcelona;13;Barcelonès;08019;Barcelona;8;8;U;;1222;282;676;879;343;5;5;869;874
8;Barcelona;13;Barcelonès;08019;Barcelona;8;80;U;;1051;279;566;692;359;10;9;673;682
8;Barcelona;13;Barcelonès;08019;Barcelona;8;81;U;;982;299;531;615;367;13;7;595;602
8;Barcelona;13;Barcelonès;08019;Barcelona;8;82;U;;1114;270;570;720;394;11;5;704;709
8;Barcelona;13;Barcelonès;08019;Barcelona;8;83;U;;859;233;460;568;291;10;12;546;558
8;Barcelona;13;Barcelonès;08019;Barcelona;8;84;U;;864;230;492;589;275;4;7;578;585
8;Barcelona;13;Barcelonès;08019;Barcelona;8;85;U;;991;277;573;681;310;3;13;665;678
8;Barcelona;13;Barcelonès;08019;Barcelona;8;86;U;;1191;297;626;791;400;14;10;767;777
8;Barcelona;13;Barcelonès;08019;Barcelona;8;87;U;;935;268;502;624;311;1;7;616;623
8;Barcelona;13;Barcelonès;08019;Barcelona;8;88;U;;904;253;476;581;323;8;10;563;573
8;Barcelona;13;Barcelonès;08019;Barcelona;8;89;U;;892;236;473;572;320;7;13;552;565
8;Barcelona;13;Barcelonès;08019;Barcelona;8;9;U;;1220;337;643;805;415;5;16;784;800
8;Barcelona;13;Barcelonès;08019;Barcelona;8;90;U;;904;263;531;620;284;3;12;605;617
8;Barcelona;13;Barcelonès;08019;Barcelona;8;91;U;;899;318;546;640;259;6;6;628;634
8;Barcelona;13;Barcelonès;08019;Barcelona;8;92;U;;810;211;450;567;243;4;8;555;563
8;Barcelona;13;Barcelonès;08019;Barcelona;8;93;U;;909;353;570;603;306;6;9;588;597
8;Barcelona;13;Barcelonès;08019;Barcelona;8;94;U;;1201;284;651;846;355;5;16;825;841
8;Barcelona;13;Barcelonès;08019;Barcelona;8;95;U;;879;280;550;668;211;0;11;657;668
8;Barcelona;13;Barcelonès;08019;Barcelona;8;96;U;;1072;316;575;703;369;0;15;688;703
8;Barcelona;13;Barcelonès;08019;Barcelona;8;97;U;;934;248;469;605;329;0;14;591;605
8;Barcelona;13;Barcelonès;08019;Barcelona;8;98;U;;886;294;483;577;309;2;13;562;575
8;Barcelona;13;Barcelonès;08019;Barcelona;8;99;U;;968;268;510;625;343;3;10;612;622
8;Barcelona;13;Barcelonès;08019;Barcelona;9;1;U;;1232;169;501;612;620;3;9;600;609
8;Barcelona;13;Barcelonès;08019;Barcelona;9;10;U;;1446;367;595;934;512;6;16;912;928
8;Barcelona;13;Barcelonès;08019;Barcelona;9;11;U;;608;128;249;292;316;2;0;290;290
8;Barcelona;13;Barcelonès;08019;Barcelona;9;12;U;;811;201;387;455;356;8;8;439;447
8;Barcelona;13;Barcelonès;08019;Barcelona;9;13;U;;1186;325;560;673;513;8;12;653;665
8;Barcelona;13;Barcelonès;08019;Barcelona;9;14;U;;1149;253;541;652;497;1;4;647;651
8;Barcelona;13;Barcelonès;08019;Barcelona;9;15;U;;1198;323;602;730;468;8;8;714;722
8;Barcelona;13;Barcelonès;08019;Barcelona;9;16;U;;1151;308;678;852;299;5;17;830;847
8;Barcelona;13;Barcelonès;08019;Barcelona;9;17;U;;1090;362;640;786;304;9;18;759;777
8;Barcelona;13;Barcelonès;08019;Barcelona;9;18;U;;1165;310;658;852;313;14;12;826;838
8;Barcelona;13;Barcelonès;08019;Barcelona;9;19;A;;937;230;554;728;209;2;12;714;726
8;Barcelona;13;Barcelonès;08019;Barcelona;9;19;B;;909;231;608;687;222;2;9;676;685
8;Barcelona;13;Barcelonès;08019;Barcelona;9;2;U;;1105;235;522;639;466;3;8;628;636
8;Barcelona;13;Barcelonès;08019;Barcelona;9;20;U;;974;327;623;876;98;5;7;864;871
8;Barcelona;13;Barcelonès;08019;Barcelona;9;21;U;;1128;324;675;764;364;4;10;750;760
8;Barcelona;13;Barcelonès;08019;Barcelona;9;22;U;;973;308;572;745;228;6;7;732;739
8;Barcelona;13;Barcelonès;08019;Barcelona;9;23;U;;920;269;600;724;196;8;9;707;716
8;Barcelona;13;Barcelonès;08019;Barcelona;9;24;U;;927;282;540;701;226;2;10;689;699
8;Barcelona;13;Barcelonès;08019;Barcelona;9;25;U;;907;274;521;659;248;5;4;650;654
8;Barcelona;13;Barcelonès;08019;Barcelona;9;26;U;;1227;305;680;881;346;9;12;860;872
8;Barcelona;13;Barcelonès;08019;Barcelona;9;27;U;;1139;319;676;855;284;4;7;844;851
8;Barcelona;13;Barcelonès;08019;Barcelona;9;28;U;;1122;308;709;899;223;8;17;874;891
8;Barcelona;13;Barcelonès;08019;Barcelona;9;29;U;;956;282;562;704;252;0;0;704;704
8;Barcelona;13;Barcelonès;08019;Barcelona;9;3;U;;1246;326;569;717;529;3;7;707;714
8;Barcelona;13;Barcelonès;08019;Barcelona;9;30;U;;1101;287;676;851;250;9;11;831;842
8;Barcelona;13;Barcelonès;08019;Barcelona;9;31;U;;867;231;509;677;190;4;9;664;673
8;Barcelona;13;Barcelonès;08019;Barcelona;9;32;U;;1070;248;537;680;390;5;10;665;675
8;Barcelona;13;Barcelonès;08019;Barcelona;9;33;A;;1216;326;641;829;387;5;9;815;824
8;Barcelona;13;Barcelonès;08019;Barcelona;9;33;B;;1167;313;643;813;354;9;10;794;804
8;Barcelona;13;Barcelonès;08019;Barcelona;9;34;U;;1124;294;656;813;311;2;8;803;811
8;Barcelona;13;Barcelonès;08019;Barcelona;9;35;U;;1205;259;642;803;402;7;20;776;796
8;Barcelona;13;Barcelonès;08019;Barcelona;9;36;U;;1188;285;626;878;310;7;8;863;871
8;Barcelona;13;Barcelonès;08019;Barcelona;9;37;U;;1117;301;590;719;398;4;9;706;715
8;Barcelona;13;Barcelonès;08019;Barcelona;9;38;U;;1234;371;765;966;268;8;11;947;958
8;Barcelona;13;Barcelonès;08019;Barcelona;9;39;U;;1227;323;734;915;312;12;26;877;903
8;Barcelona;13;Barcelonès;08019;Barcelona;9;4;U;;1025;260;539;596;429;14;7;575;582
8;Barcelona;13;Barcelonès;08019;Barcelona;9;40;U;;1148;333;635;805;343;7;10;788;798
8;Barcelona;13;Barcelonès;08019;Barcelona;9;41;U;;1060;337;675;796;264;6;5;785;790
8;Barcelona;13;Barcelonès;08019;Barcelona;9;42;U;;1027;395;719;756;271;4;8;744;752
8;Barcelona;13;Barcelonès;08019;Barcelona;9;43;U;;1066;303;605;739;327;5;3;731;734
8;Barcelona;13;Barcelonès;08019;Barcelona;9;44;U;;1149;333;675;858;291;3;4;851;855
8;Barcelona;13;Barcelonès;08019;Barcelona;9;45;U;;1074;335;667;787;287;4;10;773;783
8;Barcelona;13;Barcelonès;08019;Barcelona;9;46;U;;1028;300;587;738;290;6;10;722;732
8;Barcelona;13;Barcelonès;08019;Barcelona;9;47;U;;1154;360;665;849;305;1;11;837;848
8;Barcelona;13;Barcelonès;08019;Barcelona;9;48;U;;1068;326;676;821;247;8;9;804;813
8;Barcelona;13;Barcelonès;08019;Barcelona;9;49;U;;968;291;582;700;268;5;4;691;695
8;Barcelona;13;Barcelonès;08019;Barcelona;9;5;U;;1052;261;572;707;345;2;5;700;705
8;Barcelona;13;Barcelonès;08019;Barcelona;9;50;A;;644;210;403;506;138;4;9;493;502
8;Barcelona;13;Barcelonès;08019;Barcelona;9;50;B;;590;210;395;466;124;2;11;453;464
8;Barcelona;13;Barcelonès;08019;Barcelona;9;51;U;;933;293;570;706;227;5;5;696;701
8;Barcelona;13;Barcelonès;08019;Barcelona;9;52;U;;947;302;567;707;240;4;3;700;703
8;Barcelona;13;Barcelonès;08019;Barcelona;9;53;U;;1212;308;573;939;273;13;15;911;926
8;Barcelona;13;Barcelonès;08019;Barcelona;9;54;U;;895;282;545;673;222;4;7;662;669
8;Barcelona;13;Barcelonès;08019;Barcelona;9;55;A;;1159;363;694;812;347;5;6;801;807
8;Barcelona;13;Barcelonès;08019;Barcelona;9;55;B;;1076;344;637;758;318;9;4;745;749
8;Barcelona;13;Barcelonès;08019;Barcelona;9;56;U;;989;300;576;734;255;1;14;719;733
8;Barcelona;13;Barcelonès;08019;Barcelona;9;57;U;;1134;309;653;807;327;7;8;792;800
8;Barcelona;13;Barcelonès;08019;Barcelona;9;58;U;;1013;285;612;760;253;6;14;740;754
8;Barcelona;13;Barcelonès;08019;Barcelona;9;59;U;;1019;324;636;775;244;5;7;763;770
8;Barcelona;13;Barcelonès;08019;Barcelona;9;6;U;;893;164;354;436;457;9;2;425;427
8;Barcelona;13;Barcelonès;08019;Barcelona;9;60;U;;1021;315;596;754;267;8;8;738;746
8;Barcelona;13;Barcelonès;08019;Barcelona;9;61;U;;1225;296;662;893;332;7;7;879;886
8;Barcelona;13;Barcelonès;08019;Barcelona;9;62;U;;767;233;441;530;237;3;3;524;527
8;Barcelona;13;Barcelonès;08019;Barcelona;9;63;U;;904;245;498;645;259;10;21;614;635
8;Barcelona;13;Barcelonès;08019;Barcelona;9;64;U;;1007;313;643;751;256;2;12;737;749
8;Barcelona;13;Barcelonès;08019;Barcelona;9;65;A;;809;292;535;640;169;2;7;631;638
8;Barcelona;13;Barcelonès;08019;Barcelona;9;65;B;;728;252;485;574;154;4;0;570;570
8;Barcelona;13;Barcelonès;08019;Barcelona;9;66;U;;1015;302;633;785;230;6;15;764;779
8;Barcelona;13;Barcelonès;08019;Barcelona;9;67;U;;1042;307;568;718;324;0;15;703;718
8;Barcelona;13;Barcelonès;08019;Barcelona;9;68;U;;1192;329;703;872;320;12;6;854;860
8;Barcelona;13;Barcelonès;08019;Barcelona;9;69;U;;732;291;450;523;209;3;6;514;520
8;Barcelona;13;Barcelonès;08019;Barcelona;9;7;U;;885;196;355;434;451;4;5;425;430
8;Barcelona;13;Barcelonès;08019;Barcelona;9;70;A;;604;168;316;383;221;3;8;372;380
8;Barcelona;13;Barcelonès;08019;Barcelona;9;70;B;;647;181;335;412;235;6;9;397;406
8;Barcelona;13;Barcelonès;08019;Barcelona;9;71;A;;698;208;414;519;179;5;3;511;514
8;Barcelona;13;Barcelonès;08019;Barcelona;9;71;B;;672;210;371;461;211;6;5;450;455
8;Barcelona;13;Barcelonès;08019;Barcelona;9;72;U;;1001;267;534;653;348;7;6;640;646
8;Barcelona;13;Barcelonès;08019;Barcelona;9;73;A;;621;172;371;470;151;2;8;460;468
8;Barcelona;13;Barcelonès;08019;Barcelona;9;73;B;;629;196;392;487;142;4;5;478;483
8;Barcelona;13;Barcelonès;08019;Barcelona;9;74;U;;1213;379;730;859;354;12;8;839;847
8;Barcelona;13;Barcelonès;08019;Barcelona;9;75;U;;1094;332;605;767;327;8;8;751;759
8;Barcelona;13;Barcelonès;08019;Barcelona;9;76;U;;1073;332;619;735;338;12;8;715;723
8;Barcelona;13;Barcelonès;08019;Barcelona;9;77;U;;1139;414;692;820;319;7;18;795;813
8;Barcelona;13;Barcelonès;08019;Barcelona;9;78;U;;1033;329;636;757;276;8;8;741;749
8;Barcelona;13;Barcelonès;08019;Barcelona;9;79;U;;1190;359;703;882;308;9;10;863;873
8;Barcelona;13;Barcelonès;08019;Barcelona;9;8;U;;1131;289;685;894;237;10;19;865;884
8;Barcelona;13;Barcelonès;08019;Barcelona;9;80;U;;1009;355;630;766;243;6;5;755;760
8;Barcelona;13;Barcelonès;08019;Barcelona;9;81;U;;1244;314;713;875;369;6;14;855;869
8;Barcelona;13;Barcelonès;08019;Barcelona;9;82;A;;664;183;366;450;214;2;4;444;448
8;Barcelona;13;Barcelonès;08019;Barcelona;9;82;B;;662;170;354;458;204;7;6;445;451
8;Barcelona;13;Barcelonès;08019;Barcelona;9;83;U;;1233;352;674;857;376;4;9;844;853
8;Barcelona;13;Barcelonès;08019;Barcelona;9;84;U;;1257;402;781;943;314;11;10;922;932
8;Barcelona;13;Barcelonès;08019;Barcelona;9;85;U;;1237;376;737;890;347;8;8;874;882
8;Barcelona;13;Barcelonès;08019;Barcelona;9;86;U;;991;338;604;720;271;8;16;696;712
8;Barcelona;13;Barcelonès;08019;Barcelona;9;87;U;;945;327;641;758;187;6;7;745;752
8;Barcelona;13;Barcelonès;08019;Barcelona;9;88;A;;650;228;379;442;208;3;9;430;439
8;Barcelona;13;Barcelonès;08019;Barcelona;9;88;B;;638;198;372;456;182;3;7;446;453
8;Barcelona;13;Barcelonès;08019;Barcelona;9;89;U;;1109;341;692;841;268;7;13;821;834
8;Barcelona;13;Barcelonès;08019;Barcelona;9;9;U;;1059;367;605;686;373;3;8;675;683
8;Barcelona;13;Barcelonès;08019;Barcelona;9;90;U;;1165;392;714;851;314;5;12;834;846
8;Barcelona;13;Barcelonès;08019;Barcelona;9;91;A;;754;241;454;558;196;3;9;546;555
8;Barcelona;13;Barcelonès;08019;Barcelona;9;91;B;;634;191;365;452;182;1;3;448;451
8;Barcelona;13;Barcelonès;08019;Barcelona;9;92;A;;791;242;476;576;215;2;5;569;574
8;Barcelona;13;Barcelonès;08019;Barcelona;9;92;B;;701;213;422;512;189;8;5;499;504
8;Barcelona;13;Barcelonès;08019;Barcelona;9;93;U;;1057;341;616;760;297;6;19;735;754
8;Barcelona;13;Barcelonès;08019;Barcelona;9;94;A;;757;261;471;566;191;2;5;559;564
8;Barcelona;13;Barcelonès;08019;Barcelona;9;94;B;;673;223;419;493;180;1;3;489;492
8;Barcelona;13;Barcelonès;08019;Barcelona;9;95;A;;797;270;495;598;199;5;6;587;593
8;Barcelona;13;Barcelonès;08019;Barcelona;9;95;B;;712;220;460;549;163;6;3;540;543
25;Lleida;23;Noguera;25042;Baronia de Rialb, la;1;1;U;;208;67;125;159;49;5;2;152;154
17;Girona;2;Alt Empordà;17016;Bàscara;1;1;U;;719;310;481;555;164;3;6;546;552
25;Lleida;4;Alt Urgell;25044;Bassella;1;1;U;;189;61;114;153;36;1;5;147;152
43;Tarragona;37;Terra Alta;43022;Batea;1;1;A;;392;75;204;273;119;3;7;263;270
43;Tarragona;37;Terra Alta;43022;Batea;1;1;B;;457;111;257;345;112;7;6;332;338
43;Tarragona;37;Terra Alta;43022;Batea;1;2;A;;368;92;196;249;119;5;8;236;244
43;Tarragona;37;Terra Alta;43022;Batea;1;2;B;;332;84;180;243;89;2;11;230;241
25;Lleida;39;Consell General d'Aran;25045;Bausen;1;1;U;;50;13;18;28;22;1;3;24;27
8;Barcelona;11;Baix Llobregat;08020;Begues;1;1;A;;782;266;491;591;191;7;7;577;584
8;Barcelona;11;Baix Llobregat;08020;Begues;1;1;B;;869;280;570;693;176;3;7;683;690
8;Barcelona;11;Baix Llobregat;08020;Begues;1;2;A;;683;215;444;529;154;2;3;524;527
8;Barcelona;11;Baix Llobregat;08020;Begues;1;2;B;;693;230;478;567;126;1;6;560;566
8;Barcelona;11;Baix Llobregat;08020;Begues;1;3;A;;799;232;456;581;218;6;12;563;575
8;Barcelona;11;Baix Llobregat;08020;Begues;1;3;B;;844;216;470;604;240;6;15;583;598
17;Girona;10;Baix Empordà;17013;Begur;1;1;A;;610;218;359;419;191;2;4;413;417
17;Girona;10;Baix Empordà;17013;Begur;1;1;B;;607;222;344;421;186;5;13;403;416
17;Girona;10;Baix Empordà;17013;Begur;1;2;U;;605;177;358;433;172;3;5;425;430
17;Girona;10;Baix Empordà;17013;Begur;1;3;A;;496;212;318;372;124;10;5;357;362
17;Girona;10;Baix Empordà;17013;Begur;1;3;B;;476;198;295;362;114;14;6;342;348
25;Lleida;38;Urgell;25046;Belianes;1;1;U;;429;102;276;331;98;1;6;324;330
25;Lleida;18;Garrigues;25170;Bellaguarda;1;1;U;;269;54;135;185;84;0;6;179;185
17;Girona;10;Baix Empordà;17018;Bellcaire d'Empordà;1;1;U;;467;184;319;387;80;1;3;383;386
25;Lleida;23;Noguera;25047;Bellcaire d'Urgell;1;1;A;;490;171;333;375;115;2;7;366;373
25;Lleida;23;Noguera;25047;Bellcaire d'Urgell;1;1;B;;546;264;380;441;105;4;10;427;437
25;Lleida;27;Pla d'Urgell;25048;Bell-lloc d'Urgell;1;1;U;;764;227;447;564;200;4;15;545;560
25;Lleida;27;Pla d'Urgell;25048;Bell-lloc d'Urgell;1;2;U;;889;276;528;646;243;12;15;619;634
25;Lleida;23;Noguera;25049;Bellmunt d'Urgell;1;1;U;;166;55;91;119;47;0;0;119;119
43;Tarragona;29;Priorat;43023;Bellmunt del Priorat;1;1;U;;241;63;140;178;63;2;4;172;176
8;Barcelona;6;Anoia;08021;Bellprat;1;1;U;;78;22;40;52;26;3;1;48;49
25;Lleida;38;Urgell;25050;Bellpuig;1;1;A;;724;217;410;522;202;5;11;506;517
25;Lleida;38;Urgell;25050;Bellpuig;1;1;B;;706;188;382;470;236;3;10;457;467
25;Lleida;38;Urgell;25050;Bellpuig;1;2;A;;480;135;265;353;127;0;5;348;353
25;Lleida;38;Urgell;25050;Bellpuig;1;2;B;;546;170;324;413;133;2;11;400;411
25;Lleida;38;Urgell;25050;Bellpuig;1;3;U;;777;235;463;571;206;3;9;559;568
43;Tarragona;12;Baix Penedès;43024;Bellvei;1;1;A;;631;155;318;383;248;6;10;367;377
43;Tarragona;12;Baix Penedès;43024;Bellvei;1;1;B;;864;246;484;573;291;7;5;561;566
25;Lleida;15;Cerdanya;25051;Bellver de Cerdanya;1;1;A;;741;231;420;549;192;8;7;534;541
25;Lleida;15;Cerdanya;25051;Bellver de Cerdanya;1;1;B;;920;220;449;651;269;6;10;635;645
25;Lleida;27;Pla d'Urgell;25052;Bellvís;1;1;A;;846;259;527;651;195;1;10;640;650
25;Lleida;27;Pla d'Urgell;25052;Bellvís;1;1;B;;761;228;503;604;157;6;11;587;598
25;Lleida;33;Segrià;25053;Benavent de Segrià;1;1;A;;535;144;289;389;146;4;8;377;385
25;Lleida;33;Segrià;25053;Benavent de Segrià;1;1;B;;535;174;323;417;118;3;4;410;414
43;Tarragona;9;Baix Ebre;43025;Benifallet;1;1;U;;631;158;344;453;178;4;11;438;449
43;Tarragona;30;Ribera d'Ebre;43026;Benissanet;1;1;U;;788;175;421;574;214;10;9;555;564
8;Barcelona;14;Berguedà;08022;Berga;1;1;A;;522;155;323;381;141;0;2;379;381
8;Barcelona;14;Berguedà;08022;Berga;1;1;B;;570;182;336;390;180;3;4;383;387
8;Barcelona;14;Berguedà;08022;Berga;1;2;A;;431;172;280;305;126;0;5;300;305
8;Barcelona;14;Berguedà;08022;Berga;1;2;B;;506;182;294;361;145;0;6;355;361
8;Barcelona;14;Berguedà;08022;Berga;1;3;U;;762;283;528;632;130;6;4;622;626
8;Barcelona;14;Berguedà;08022;Berga;1;4;A;;743;275;475;563;180;4;8;551;559
8;Barcelona;14;Berguedà;08022;Berga;1;4;B;;847;297;523;614;233;8;5;601;606
8;Barcelona;14;Berguedà;08022;Berga;1;5;A;;675;260;451;513;162;0;4;509;513
8;Barcelona;14;Berguedà;08022;Berga;1;5;B;;719;262;475;552;167;4;8;540;548
8;Barcelona;14;Berguedà;08022;Berga;1;6;A;;307;99;186;220;87;1;0;219;219
8;Barcelona;14;Berguedà;08022;Berga;1;6;B;;317;96;173;218;99;0;3;215;218
8;Barcelona;14;Berguedà;08022;Berga;2;1;A;;354;107;166;200;154;3;2;195;197
8;Barcelona;14;Berguedà;08022;Berga;2;1;B;;365;103;175;219;146;1;2;216;218
8;Barcelona;14;Berguedà;08022;Berga;2;2;U;;730;205;356;446;284;3;6;437;443
8;Barcelona;14;Berguedà;08022;Berga;2;3;A;;499;168;319;369;130;2;7;360;367
8;Barcelona;14;Berguedà;08022;Berga;2;3;B;;662;228;397;474;188;5;6;463;469
8;Barcelona;14;Berguedà;08022;Berga;2;4;A;;606;206;374;454;152;1;3;450;453
8;Barcelona;14;Berguedà;08022;Berga;2;4;B;;759;349;499;581;178;5;7;569;576
8;Barcelona;14;Berguedà;08022;Berga;2;5;A;;384;128;201;225;159;2;4;219;223
8;Barcelona;14;Berguedà;08022;Berga;2;5;B;;482;129;195;245;237;4;3;238;241
8;Barcelona;14;Berguedà;08022;Berga;3;1;A;;200;5;108;130;70;0;2;128;130
8;Barcelona;14;Berguedà;08022;Berga;3;1;B;;261;95;181;227;34;2;0;225;225
8;Barcelona;14;Berguedà;08022;Berga;4;1;U;;625;196;397;471;154;3;7;461;468
17;Girona;19;Garrotxa;17019;Besalú;1;1;A;;861;295;595;699;162;9;6;684;690
17;Girona;19;Garrotxa;17019;Besalú;1;1;B;;937;321;631;745;192;8;14;723;737
17;Girona;20;Gironès;17020;Bescanó;1;1;A;;431;154;279;336;95;4;3;329;332
17;Girona;20;Gironès;17020;Bescanó;1;1;B;;443;153;283;329;114;2;3;324;327
17;Girona;20;Gironès;17020;Bescanó;1;1;C;;349;136;233;279;70;1;2;276;278
17;Girona;20;Gironès;17020;Bescanó;1;2;A;;456;182;288;336;120;1;4;331;335
17;Girona;20;Gironès;17020;Bescanó;1;2;B;;388;119;248;310;78;0;4;306;310
17;Girona;20;Gironès;17020;Bescanó;1;3;A;;492;182;336;409;83;5;5;399;404
17;Girona;20;Gironès;17020;Bescanó;1;3;B;;526;192;349;408;118;1;3;404;407
17;Girona;20;Gironès;17020;Bescanó;1;3;C;;479;157;334;395;84;5;4;386;390
17;Girona;19;Garrotxa;17021;Beuda;1;1;U;;119;47;78;98;21;0;1;97;98
8;Barcelona;41;Vallès Oriental;08023;Bigues i Riells;1;1;A;;681;221;401;500;181;6;4;490;494
8;Barcelona;41;Vallès Oriental;08023;Bigues i Riells;1;1;B;;722;242;421;500;222;4;9;487;496
8;Barcelona;41;Vallès Oriental;08023;Bigues i Riells;1;2;A;;680;198;409;486;194;7;6;473;479
8;Barcelona;41;Vallès Oriental;08023;Bigues i Riells;1;2;B;;714;197;402;483;231;8;5;470;475
8;Barcelona;41;Vallès Oriental;08023;Bigues i Riells;1;3;A;;664;190;345;426;238;11;16;399;415
8;Barcelona;41;Vallès Oriental;08023;Bigues i Riells;1;3;B;;921;268;475;573;348;7;11;555;566
8;Barcelona;41;Vallès Oriental;08023;Bigues i Riells;1;4;A;;638;217;368;426;212;1;5;420;425
8;Barcelona;41;Vallès Oriental;08023;Bigues i Riells;1;4;B;;799;251;426;513;286;0;5;508;513
8;Barcelona;41;Vallès Oriental;08023;Bigues i Riells;1;5;U;;708;215;415;544;164;2;3;539;542
25;Lleida;32;Segarra;25055;Biosca;1;1;U;;181;51;104;132;49;1;6;125;131
17;Girona;10;Baix Empordà;17022;Bisbal d'Empordà, la;1;2;A;;576;171;340;409;167;2;4;403;407
17;Girona;10;Baix Empordà;17022;Bisbal d'Empordà, la;1;2;B;;521;185;327;386;135;1;0;385;385
17;Girona;10;Baix Empordà;17022;Bisbal d'Empordà, la;1;3;A;;634;205;358;431;203;2;1;428;429
17;Girona;10;Baix Empordà;17022;Bisbal d'Empordà, la;1;3;B;;625;202;354;429;196;3;5;421;426
17;Girona;10;Baix Empordà;17022;Bisbal d'Empordà, la;1;4;A;;757;251;474;566;191;4;4;558;562
17;Girona;10;Baix Empordà;17022;Bisbal d'Empordà, la;1;4;B;;755;234;461;547;208;6;9;532;541
17;Girona;10;Baix Empordà;17022;Bisbal d'Empordà, la;2;1;A;;647;192;383;449;198;3;10;436;446
17;Girona;10;Baix Empordà;17022;Bisbal d'Empordà, la;2;1;B;;576;181;337;393;183;0;4;389;393
17;Girona;10;Baix Empordà;17022;Bisbal d'Empordà, la;2;2;A;;472;145;263;315;157;5;3;307;310
17;Girona;10;Baix Empordà;17022;Bisbal d'Empordà, la;2;2;B;;447;121;249;297;150;1;6;290;296
17;Girona;10;Baix Empordà;17022;Bisbal d'Empordà, la;2;3;U;;800;250;461;533;267;7;7;519;526
43;Tarragona;29;Priorat;43027;Bisbal de Falset, la;1;1;U;;177;46;104;141;36;1;1;139;140
43;Tarragona;12;Baix Penedès;43028;Bisbal del Penedès, la;1;1;A;;615;177;322;412;203;8;2;402;404
43;Tarragona;12;Baix Penedès;43028;Bisbal del Penedès, la;1;1;B;;639;165;353;445;194;5;3;437;440
43;Tarragona;12;Baix Penedès;43028;Bisbal del Penedès, la;1;2;A;;657;169;281;332;325;6;4;322;326
43;Tarragona;12;Baix Penedès;43028;Bisbal del Penedès, la;1;2;B;;773;202;347;411;362;10;5;396;401
17;Girona;2;Alt Empordà;17234;Biure;1;1;U;;183;66;102;126;57;0;4;122;126
43;Tarragona;16;Conca de Barberà;43029;Blancafort;1;1;U;;328;80;208;251;77;2;2;247;249
17;Girona;34;Selva;17023;Blanes;1;1;A;;476;187;319;371;105;4;5;362;367
17;Girona;34;Selva;17023;Blanes;1;1;B;;485;188;314;367;118;5;3;359;362
17;Girona;34;Selva;17023;Blanes;1;2;A;;629;225;397;466;163;3;7;456;463
17;Girona;34;Selva;17023;Blanes;1;2;B;;685;337;413;485;200;4;4;477;481
17;Girona;34;Selva;17023;Blanes;1;4;A;;657;265;378;421;236;4;3;414;417
17;Girona;34;Selva;17023;Blanes;1;4;B;;717;297;410;450;267;3;4;443;447
17;Girona;34;Selva;17023;Blanes;1;6;A;;705;196;324;394;311;8;9;377;386
17;Girona;34;Selva;17023;Blanes;1;6;B;;658;179;307;378;280;3;7;368;375
17;Girona;34;Selva;17023;Blanes;1;7;U;;718;242;432;530;188;3;4;523;527
17;Girona;34;Selva;17023;Blanes;2;1;A;;821;245;449;546;275;2;8;536;544
17;Girona;34;Selva;17023;Blanes;2;1;B;;844;270;462;549;295;5;7;537;544
17;Girona;34;Selva;17023;Blanes;2;10;A;;856;211;362;443;413;5;7;431;438
17;Girona;34;Selva;17023;Blanes;2;10;B;;766;195;326;416;350;5;2;409;411
17;Girona;34;Selva;17023;Blanes;2;11;A;;892;233;471;580;312;5;22;553;575
17;Girona;34;Selva;17023;Blanes;2;11;B;;798;224;422;517;281;4;19;494;513
17;Girona;34;Selva;17023;Blanes;2;12;U;;736;191;361;458;278;3;12;443;455
17;Girona;34;Selva;17023;Blanes;2;2;U;;956;320;535;618;338;8;5;605;610
17;Girona;34;Selva;17023;Blanes;2;3;A;;616;180;306;354;262;4;7;343;350
17;Girona;34;Selva;17023;Blanes;2;3;B;;630;176;288;360;270;2;9;349;358
17;Girona;34;Selva;17023;Blanes;2;4;A;;787;258;460;526;261;3;8;515;523
17;Girona;34;Selva;17023;Blanes;2;4;B;;792;235;425;500;292;9;7;484;491
17;Girona;34;Selva;17023;Blanes;2;5;A;;910;235;478;585;325;7;7;571;578
17;Girona;34;Selva;17023;Blanes;2;5;B;;827;236;450;553;274;7;10;536;546
17;Girona;34;Selva;17023;Blanes;2;6;A;;1002;270;560;703;299;7;12;684;696
17;Girona;34;Selva;17023;Blanes;2;6;B;;895;261;540;641;254;4;11;626;637
17;Girona;34;Selva;17023;Blanes;2;7;A;;819;236;458;548;271;9;6;533;539
17;Girona;34;Selva;17023;Blanes;2;7;B;;855;254;501;583;272;9;10;564;574
17;Girona;34;Selva;17023;Blanes;2;8;U;;904;240;537;651;253;8;15;628;643
17;Girona;34;Selva;17023;Blanes;2;9;U;;648;221;373;432;216;3;7;422;429
17;Girona;34;Selva;17023;Blanes;3;1;A;;546;152;278;329;217;3;5;321;326
17;Girona;34;Selva;17023;Blanes;3;1;B;;533;137;281;325;208;5;6;314;320
17;Girona;34;Selva;17023;Blanes;3;2;A;;438;140;230;267;171;2;7;258;265
17;Girona;34;Selva;17023;Blanes;3;2;B;;428;156;250;289;139;3;6;280;286
17;Girona;34;Selva;17023;Blanes;3;3;A;;563;153;295;356;207;5;15;336;351
17;Girona;34;Selva;17023;Blanes;3;3;B;;587;165;332;381;206;3;8;370;378
17;Girona;34;Selva;17023;Blanes;3;3;C;;258;97;170;191;67;1;0;190;190
17;Girona;34;Selva;17023;Blanes;3;4;A;;590;153;266;321;269;10;8;303;311
17;Girona;34;Selva;17023;Blanes;3;4;B;;1039;302;574;677;362;9;14;654;668
17;Girona;2;Alt Empordà;17029;Boadella i les Escaules;1;1;U;;188;50;125;149;39;0;2;147;149
17;Girona;15;Cerdanya;17024;Bolvir;1;1;U;;301;97;173;227;74;2;1;224;225
43;Tarragona;12;Baix Penedès;43030;Bonastre;1;1;U;;449;148;281;329;120;4;7;318;325
25;Lleida;39;Consell General d'Aran;25057;Bòrdes, es;1;1;U;;205;53;95;126;79;2;1;123;124
17;Girona;20;Gironès;17025;Bordils;1;1;U;;1143;406;806;939;204;11;16;912;928
25;Lleida;18;Garrigues;25058;Borges Blanques, les;1;1;U;;687;157;349;448;239;7;4;437;441
25;Lleida;18;Garrigues;25058;Borges Blanques, les;1;2;A;;511;112;272;362;149;3;1;358;359
25;Lleida;18;Garrigues;25058;Borges Blanques, les;1;2;B;;629;130;329;458;171;4;6;448;454
25;Lleida;18;Garrigues;25058;Borges Blanques, les;2;1;A;;687;161;411;487;200;6;5;476;481
25;Lleida;18;Garrigues;25058;Borges Blanques, les;2;1;B;;782;191;418;559;223;2;6;551;557
25;Lleida;18;Garrigues;25058;Borges Blanques, les;2;2;A;;495;132;274;332;163;3;3;326;329
25;Lleida;18;Garrigues;25058;Borges Blanques, les;2;2;B;;607;125;313;419;188;4;5;410;415
43;Tarragona;8;Baix Camp;43031;Borges del Camp, les;1;1;A;;512;144;311;393;119;3;3;387;390
43;Tarragona;8;Baix Camp;43031;Borges del Camp, les;1;1;B;;480;138;257;346;134;6;4;336;340
43;Tarragona;8;Baix Camp;43031;Borges del Camp, les;1;1;C;;506;157;297;371;135;6;5;360;365
17;Girona;2;Alt Empordà;17026;Borrassà;1;1;U;;532;214;363;419;113;1;5;413;418
8;Barcelona;14;Berguedà;08024;Borredà;1;1;U;;406;139;254;307;99;3;12;292;304
25;Lleida;39;Consell General d'Aran;25059;Bossòst;1;1;U;;794;215;416;549;245;9;15;525;540
43;Tarragona;37;Terra Alta;43032;Bot;1;1;U;;568;147;319;430;138;5;8;417;425
43;Tarragona;8;Baix Camp;43033;Botarell;1;1;U;;776;209;439;548;228;7;15;526;541
25;Lleida;18;Garrigues;25056;Bovera;1;1;U;;267;63;129;176;91;2;2;172;174
43;Tarragona;1;Alt Camp;43034;Bràfim;1;1;U;;479;163;320;377;102;7;3;367;370
17;Girona;34;Selva;17027;Breda;1;1;A;;539;192;362;418;121;3;8;407;415
17;Girona;34;Selva;17027;Breda;1;1;B;;583;164;366;435;148;5;2;428;430
17;Girona;34;Selva;17027;Breda;1;1;C;;449;143;300;352;97;3;2;347;349
17;Girona;34;Selva;17027;Breda;1;2;A;;643;208;414;496;147;2;4;490;494
17;Girona;34;Selva;17027;Breda;1;2;B;;659;225;447;529;130;7;3;519;522
8;Barcelona;6;Anoia;08025;Bruc, el;1;1;A;;672;178;379;490;182;4;4;482;486
8;Barcelona;6;Anoia;08025;Bruc, el;1;1;B;;810;263;467;576;234;6;9;561;570
8;Barcelona;24;Osona;08026;Brull, el;1;1;U;;188;64;133;161;27;0;1;160;161
17;Girona;34;Selva;17028;Brunyola i Sant Martí Sapresa;1;1;U;;315;120;194;238;77;0;0;238;238
43;Tarragona;29;Priorat;43035;Cabacés;1;1;U;;274;78;161;205;69;6;3;196;199
25;Lleida;23;Noguera;25060;Cabanabona;1;1;U;;86;20;44;55;31;0;0;55;55
17;Girona;2;Alt Empordà;17031;Cabanelles;1;1;U;;175;50;92;123;52;0;2;121;123
17;Girona;2;Alt Empordà;17030;Cabanes;1;1;U;;620;183;360;420;200;3;5;412;417
8;Barcelona;3;Alt Penedès;08027;Cabanyes, les;1;1;U;;694;198;462;571;123;11;8;552;560
25;Lleida;4;Alt Urgell;25061;Cabó;1;1;U;;82;20;37;47;35;0;0;47;47
43;Tarragona;1;Alt Camp;43036;Cabra del Camp;1;1;U;;842;221;391;504;338;6;5;493;498
8;Barcelona;6;Anoia;08028;Cabrera d'Anoia;1;1;U;;1047;311;524;658;389;6;15;637;652
8;Barcelona;21;Maresme;08029;Cabrera de Mar;1;1;A;;612;187;386;489;123;2;5;482;487
8;Barcelona;21;Maresme;08029;Cabrera de Mar;1;1;B;;542;184;362;430;112;2;5;423;428
8;Barcelona;21;Maresme;08029;Cabrera de Mar;1;1;C;;652;182;416;524;128;4;8;512;520
8;Barcelona;21;Maresme;08029;Cabrera de Mar;1;2;A;;628;188;414;525;103;2;6;517;523
8;Barcelona;21;Maresme;08029;Cabrera de Mar;1;2;B;;539;191;361;436;103;1;6;429;435
8;Barcelona;21;Maresme;08029;Cabrera de Mar;1;2;C;;460;170;306;371;89;3;3;365;368
8;Barcelona;21;Maresme;08030;Cabrils;1;1;A;;871;272;567;698;173;4;6;688;694
8;Barcelona;21;Maresme;08030;Cabrils;1;1;B;;761;239;464;581;180;4;8;569;577
8;Barcelona;21;Maresme;08030;Cabrils;1;1;C;;790;254;519;636;154;2;9;625;634
8;Barcelona;21;Maresme;08030;Cabrils;1;2;A;;844;272;544;659;185;0;6;653;659
8;Barcelona;21;Maresme;08030;Cabrils;1;2;B;;852;239;528;667;185;1;7;659;666
8;Barcelona;21;Maresme;08030;Cabrils;1;2;C;;775;244;498;615;160;2;5;608;613
17;Girona;2;Alt Empordà;17032;Cadaqués;1;1;A;;821;283;474;574;247;5;2;567;569
17;Girona;2;Alt Empordà;17032;Cadaqués;1;1;B;;804;274;457;548;256;6;3;539;542
8;Barcelona;6;Anoia;08031;Calaf;1;1;U;;505;144;294;378;127;3;4;371;375
8;Barcelona;6;Anoia;08031;Calaf;1;2;A;;590;169;347;457;133;1;9;447;456
8;Barcelona;6;Anoia;08031;Calaf;1;2;B;;529;127;297;385;144;3;11;371;382
8;Barcelona;6;Anoia;08031;Calaf;1;2;C;;659;152;379;515;144;5;8;502;510
43;Tarragona;12;Baix Penedès;43037;Calafell;1;1;A;;582;137;295;378;204;3;8;367;375
43;Tarragona;12;Baix Penedès;43037;Calafell;1;1;B;;548;166;301;377;171;5;7;365;372
43;Tarragona;12;Baix Penedès;43037;Calafell;1;1;C;;818;220;560;588;230;4;8;576;584
43;Tarragona;12;Baix Penedès;43037;Calafell;1;2;A;;559;182;273;316;243;3;11;302;313
43;Tarragona;12;Baix Penedès;43037;Calafell;1;2;B;;661;197;331;399;262;5;5;389;394
43;Tarragona;12;Baix Penedès;43037;Calafell;1;2;C;;675;191;350;414;261;7;8;399;407
43;Tarragona;12;Baix Penedès;43037;Calafell;1;3;A;;573;155;275;350;223;5;4;341;345
43;Tarragona;12;Baix Penedès;43037;Calafell;1;3;B;;699;188;341;426;273;10;10;406;416
43;Tarragona;12;Baix Penedès;43037;Calafell;2;1;A;;703;221;396;464;239;5;10;449;459
43;Tarragona;12;Baix Penedès;43037;Calafell;2;1;B;;952;305;633;636;316;5;8;623;631
43;Tarragona;12;Baix Penedès;43037;Calafell;2;2;A;;716;225;371;450;266;3;5;442;447
43;Tarragona;12;Baix Penedès;43037;Calafell;2;2;B;;800;238;413;492;308;4;11;477;488
43;Tarragona;12;Baix Penedès;43037;Calafell;2;3;U;;711;200;346;431;280;5;10;416;426
43;Tarragona;12;Baix Penedès;43037;Calafell;3;1;A;;507;131;251;306;201;3;6;297;303
43;Tarragona;12;Baix Penedès;43037;Calafell;3;1;B;;626;186;303;362;264;1;2;359;361
43;Tarragona;12;Baix Penedès;43037;Calafell;3;1;C;;615;172;265;343;272;0;4;339;343
43;Tarragona;12;Baix Penedès;43037;Calafell;3;2;A;;561;143;264;336;225;13;3;320;323
43;Tarragona;12;Baix Penedès;43037;Calafell;3;2;B;;590;151;282;333;257;3;0;330;330
43;Tarragona;12;Baix Penedès;43037;Calafell;3;2;C;;628;145;301;377;251;5;11;361;372
43;Tarragona;12;Baix Penedès;43037;Calafell;3;3;A;;772;214;377;440;332;6;7;427;434
43;Tarragona;12;Baix Penedès;43037;Calafell;3;3;B;;897;248;422;500;397;5;5;490;495
43;Tarragona;12;Baix Penedès;43037;Calafell;3;4;A;;532;167;242;279;253;4;2;273;275
43;Tarragona;12;Baix Penedès;43037;Calafell;3;4;B;;668;206;313;361;307;4;7;350;357
43;Tarragona;12;Baix Penedès;43037;Calafell;3;4;C;;650;182;283;325;325;2;4;319;323
43;Tarragona;12;Baix Penedès;43037;Calafell;4;1;U;;765;194;241;362;403;4;9;349;358
8;Barcelona;;;08034;Calders;1;1;U;;746;283;508;577;169;0;1;576;577
8;Barcelona;21;Maresme;08032;Caldes d'Estrac;1;1;A;;941;283;587;684;257;8;3;673;676
8;Barcelona;21;Maresme;08032;Caldes d'Estrac;1;1;B;;1029;269;600;721;308;6;10;705;715
17;Girona;34;Selva;17033;Caldes de Malavella;1;1;A;;727;224;438;533;194;3;4;526;530
17;Girona;34;Selva;17033;Caldes de Malavella;1;1;B;;754;252;431;518;236;2;3;513;516
17;Girona;34;Selva;17033;Caldes de Malavella;1;2;A;;763;242;389;468;295;5;3;460;463
17;Girona;34;Selva;17033;Caldes de Malavella;1;2;B;;837;271;445;532;305;4;7;521;528
17;Girona;34;Selva;17033;Caldes de Malavella;1;3;U;;963;344;643;728;235;0;11;717;728
17;Girona;34;Selva;17033;Caldes de Malavella;1;4;A;;570;175;278;332;238;2;6;324;330
17;Girona;34;Selva;17033;Caldes de Malavella;1;4;B;;571;177;274;337;234;0;5;332;337
8;Barcelona;41;Vallès Oriental;08033;Caldes de Montbui;1;1;A;;534;175;334;389;145;6;3;380;383
8;Barcelona;41;Vallès Oriental;08033;Caldes de Montbui;1;1;B;;670;213;390;493;177;3;1;489;490
8;Barcelona;41;Vallès Oriental;08033;Caldes de Montbui;1;2;A;;564;167;312;392;172;3;7;382;389
8;Barcelona;41;Vallès Oriental;08033;Caldes de Montbui;1;2;B;;627;188;332;418;209;5;12;401;413
8;Barcelona;41;Vallès Oriental;08033;Caldes de Montbui;1;2;C;;567;163;296;372;195;3;13;356;369
8;Barcelona;41;Vallès Oriental;08033;Caldes de Montbui;1;3;U;;717;259;444;517;200;5;6;506;512
8;Barcelona;41;Vallès Oriental;08033;Caldes de Montbui;2;1;A;;563;199;354;428;135;4;5;419;424
8;Barcelona;41;Vallès Oriental;08033;Caldes de Montbui;2;1;B;;591;200;337;426;165;5;10;411;421
8;Barcelona;41;Vallès Oriental;08033;Caldes de Montbui;2;1;C;;566;209;350;420;146;6;5;409;414
8;Barcelona;41;Vallès Oriental;08033;Caldes de Montbui;3;1;A;;621;211;368;465;156;6;6;453;459
8;Barcelona;41;Vallès Oriental;08033;Caldes de Montbui;3;1;B;;773;193;423;534;239;5;9;520;529
8;Barcelona;41;Vallès Oriental;08033;Caldes de Montbui;3;2;U;;665;214;381;460;205;3;6;451;457
8;Barcelona;41;Vallès Oriental;08033;Caldes de Montbui;3;3;A;;801;220;435;538;263;7;4;527;531
8;Barcelona;41;Vallès Oriental;08033;Caldes de Montbui;3;3;B;;799;205;417;540;259;11;4;525;529
8;Barcelona;41;Vallès Oriental;08033;Caldes de Montbui;3;3;C;;750;221;417;510;240;4;8;498;506
8;Barcelona;41;Vallès Oriental;08033;Caldes de Montbui;3;3;D;;820;230;441;554;266;1;11;542;553
8;Barcelona;41;Vallès Oriental;08033;Caldes de Montbui;3;4;A;;606;198;373;460;146;7;8;445;453
8;Barcelona;41;Vallès Oriental;08033;Caldes de Montbui;3;4;B;;686;211;415;508;178;1;8;499;507
8;Barcelona;41;Vallès Oriental;08033;Caldes de Montbui;3;4;C;;645;190;391;491;154;2;4;485;489
8;Barcelona;21;Maresme;08035;Calella;1;1;A;;545;190;300;347;198;0;4;343;347
8;Barcelona;21;Maresme;08035;Calella;1;1;B;;640;211;342;409;231;1;3;405;408
8;Barcelona;21;Maresme;08035;Calella;1;2;A;;384;141;240;289;95;2;2;285;287
8;Barcelona;21;Maresme;08035;Calella;1;2;B;;387;140;245;303;84;1;1;301;302
8;Barcelona;21;Maresme;08035;Calella;1;3;A;;491;173;263;322;169;1;1;320;321
8;Barcelona;21;Maresme;08035;Calella;1;3;B;;490;147;225;284;206;6;3;275;278
8;Barcelona;21;Maresme;08035;Calella;1;3;C;;506;166;256;318;188;3;4;311;315
8;Barcelona;21;Maresme;08035;Calella;2;1;U;;711;238;414;494;217;1;2;491;493
8;Barcelona;21;Maresme;08035;Calella;2;2;A;;477;166;305;351;126;2;2;347;349
8;Barcelona;21;Maresme;08035;Calella;2;2;B;;526;157;307;372;154;4;3;365;368
8;Barcelona;21;Maresme;08035;Calella;2;2;C;;536;192;331;406;130;1;3;402;405
8;Barcelona;21;Maresme;08035;Calella;3;1;A;;561;192;328;384;177;3;3;378;381
8;Barcelona;21;Maresme;08035;Calella;3;1;B;;604;194;346;416;188;8;6;402;408
8;Barcelona;21;Maresme;08035;Calella;3;1;C;;650;228;416;495;155;4;5;486;491
8;Barcelona;21;Maresme;08035;Calella;3;2;A;;494;154;277;333;161;0;5;328;333
8;Barcelona;21;Maresme;08035;Calella;3;2;B;;539;148;266;352;187;3;0;349;349
8;Barcelona;21;Maresme;08035;Calella;3;2;C;;523;194;298;351;172;3;4;344;348
8;Barcelona;21;Maresme;08035;Calella;3;2;D;;519;173;298;351;168;5;3;343;346
8;Barcelona;21;Maresme;08035;Calella;3;3;A;;616;204;369;451;165;0;6;445;451
8;Barcelona;21;Maresme;08035;Calella;3;3;B;;519;150;272;342;177;1;7;334;341
8;Barcelona;21;Maresme;08035;Calella;3;3;C;;554;183;317;385;169;2;6;377;383
8;Barcelona;21;Maresme;08035;Calella;3;3;D;;505;178;302;364;141;3;1;360;361
8;Barcelona;21;Maresme;08035;Calella;3;3;E;;436;155;264;325;111;1;5;319;324
8;Barcelona;24;Osona;08037;Calldetenes;1;1;A;;919;306;585;729;190;3;6;720;726
8;Barcelona;24;Osona;08037;Calldetenes;1;1;B;;927;321;585;761;166;2;6;753;759
8;Barcelona;7;Bages;08038;Callús;1;1;A;;628;155;355;451;177;3;7;441;448
8;Barcelona;7;Bages;08038;Callús;1;1;B;;753;201;431;548;205;5;7;536;543
17;Girona;10;Baix Empordà;17034;Calonge i Sant Antoni;1;1;A;;553;170;301;375;178;7;4;364;368
17;Girona;10;Baix Empordà;17034;Calonge i Sant Antoni;1;1;B;;607;162;295;361;246;3;5;353;358
17;Girona;10;Baix Empordà;17034;Calonge i Sant Antoni;1;1;C;;726;226;410;472;254;1;8;463;471
17;Girona;10;Baix Empordà;17034;Calonge i Sant Antoni;1;2;A;;490;170;300;347;143;6;7;334;341
17;Girona;10;Baix Empordà;17034;Calonge i Sant Antoni;1;2;B;;582;194;342;389;193;2;4;383;387
17;Girona;10;Baix Empordà;17034;Calonge i Sant Antoni;1;3;A;;684;249;408;478;206;3;6;469;475
17;Girona;10;Baix Empordà;17034;Calonge i Sant Antoni;1;3;B;;621;205;364;434;187;3;2;429;431
17;Girona;10;Baix Empordà;17034;Calonge i Sant Antoni;1;4;A;;672;180;366;447;225;1;5;441;446
17;Girona;10;Baix Empordà;17034;Calonge i Sant Antoni;1;4;B;;712;227;407;487;225;0;1;486;487
17;Girona;10;Baix Empordà;17034;Calonge i Sant Antoni;1;5;A;;534;173;286;347;187;3;4;340;344
17;Girona;10;Baix Empordà;17034;Calonge i Sant Antoni;1;5;B;;570;208;310;375;195;2;2;371;373
8;Barcelona;6;Anoia;08036;Calonge de Segarra;1;1;U;;169;53;105;134;35;0;0;134;134
25;Lleida;23;Noguera;25062;Camarasa;1;1;U;;794;238;443;583;211;9;6;568;574
43;Tarragona;9;Baix Ebre;43903;Camarles;1;1;A;;608;177;311;400;208;10;11;379;390
43;Tarragona;9;Baix Ebre;43903;Camarles;1;1;B;;548;164;271;349;199;0;8;341;349
43;Tarragona;9;Baix Ebre;43903;Camarles;1;1;C;;446;121;214;294;152;2;7;285;292
43;Tarragona;9;Baix Ebre;43903;Camarles;1;2;A;;383;85;161;202;181;1;7;194;201
43;Tarragona;9;Baix Ebre;43903;Camarles;1;2;B;;374;87;147;201;173;2;6;193;199
43;Tarragona;8;Baix Camp;43038;Cambrils;1;1;A;;653;166;290;387;266;2;4;381;385
43;Tarragona;8;Baix Camp;43038;Cambrils;1;1;B;;761;217;368;475;286;6;6;463;469
43;Tarragona;8;Baix Camp;43038;Cambrils;1;2;A;;568;142;269;343;225;3;6;334;340
43;Tarragona;8;Baix Camp;43038;Cambrils;1;2;B;;652;174;340;405;247;2;10;393;403
43;Tarragona;8;Baix Camp;43038;Cambrils;1;2;C;;631;158;318;398;233;5;3;390;393
43;Tarragona;8;Baix Camp;43038;Cambrils;1;3;A;;616;182;307;367;249;1;10;356;366
43;Tarragona;8;Baix Camp;43038;Cambrils;1;3;B;;611;163;310;381;230;8;6;367;373
43;Tarragona;8;Baix Camp;43038;Cambrils;1;3;C;;610;177;317;386;224;5;2;379;381
43;Tarragona;8;Baix Camp;43038;Cambrils;1;4;A;;613;150;288;368;245;2;8;358;366
43;Tarragona;8;Baix Camp;43038;Cambrils;1;4;B;;728;172;343;427;301;6;11;410;421
43;Tarragona;8;Baix Camp;43038;Cambrils;1;4;C;;668;157;310;387;281;1;11;375;386
43;Tarragona;8;Baix Camp;43038;Cambrils;1;5;A;;590;169;323;401;189;1;11;389;400
43;Tarragona;8;Baix Camp;43038;Cambrils;1;5;B;;649;161;358;456;193;7;9;440;449
43;Tarragona;8;Baix Camp;43038;Cambrils;2;1;A;;596;204;327;408;188;9;5;394;399
43;Tarragona;8;Baix Camp;43038;Cambrils;2;1;B;;645;207;346;425;220;6;2;417;419
43;Tarragona;8;Baix Camp;43038;Cambrils;2;10;U;;894;253;460;591;303;2;2;587;589
43;Tarragona;8;Baix Camp;43038;Cambrils;2;2;A;;485;143;239;303;182;1;7;295;302
43;Tarragona;8;Baix Camp;43038;Cambrils;2;2;B;;547;191;293;341;206;5;10;326;336
43;Tarragona;8;Baix Camp;43038;Cambrils;2;3;A;;701;203;382;476;225;1;5;470;475
43;Tarragona;8;Baix Camp;43038;Cambrils;2;3;B;;887;228;460;562;325;1;7;554;561
43;Tarragona;8;Baix Camp;43038;Cambrils;2;4;A;;445;125;206;255;190;4;4;247;251
43;Tarragona;8;Baix Camp;43038;Cambrils;2;4;B;;510;136;242;298;212;2;6;290;296
43;Tarragona;8;Baix Camp;43038;Cambrils;2;5;A;;545;147;293;358;187;3;3;352;355
43;Tarragona;8;Baix Camp;43038;Cambrils;2;5;B;;667;168;334;438;229;3;9;426;435
43;Tarragona;8;Baix Camp;43038;Cambrils;2;6;A;;884;237;420;522;362;3;10;509;519
43;Tarragona;8;Baix Camp;43038;Cambrils;2;6;B;;953;230;425;542;411;6;9;527;536
43;Tarragona;8;Baix Camp;43038;Cambrils;2;7;A;;689;210;408;493;196;1;5;487;492
43;Tarragona;8;Baix Camp;43038;Cambrils;2;7;B;;825;224;429;552;273;4;8;540;548
43;Tarragona;8;Baix Camp;43038;Cambrils;2;8;A;;399;121;182;240;159;4;4;232;236
43;Tarragona;8;Baix Camp;43038;Cambrils;2;8;B;;443;108;206;266;177;5;1;260;261
43;Tarragona;8;Baix Camp;43038;Cambrils;2;9;A;;718;194;404;514;204;5;2;507;509
43;Tarragona;8;Baix Camp;43038;Cambrils;2;9;B;;807;191;431;560;247;5;11;544;555
17;Girona;28;Pla de l'Estany;17035;Camós;1;1;U;;550;192;398;458;92;3;3;452;455
17;Girona;31;Ripollès;17036;Campdevànol;1;1;A;;557;146;360;435;122;4;6;425;431
17;Girona;31;Ripollès;17036;Campdevànol;1;1;B;;608;177;413;499;109;7;5;487;492
17;Girona;31;Ripollès;17036;Campdevànol;1;2;U;;832;252;516;612;220;1;5;606;611
17;Girona;31;Ripollès;17036;Campdevànol;1;3;U;;797;209;468;568;229;4;7;557;564
17;Girona;31;Ripollès;17037;Campelles;1;1;U;;109;37;61;84;25;0;2;82;84
8;Barcelona;41;Vallès Oriental;08039;Campins;1;1;U;;375;133;241;303;72;3;3;297;300
17;Girona;20;Gironès;17038;Campllong;1;1;U;;355;119;243;290;65;0;6;284;290
17;Girona;31;Ripollès;17039;Camprodon;1;1;A;;591;217;388;473;118;3;4;466;470
17;Girona;31;Ripollès;17039;Camprodon;1;1;B;;593;200;406;473;120;5;7;461;468
17;Girona;31;Ripollès;17039;Camprodon;1;2;U;;697;217;410;506;191;7;9;490;499
25;Lleida;39;Consell General d'Aran;25063;Canejan;1;1;U;;96;14;38;54;42;1;2;51;53
17;Girona;20;Gironès;17040;Canet d'Adri;1;1;U;;502;200;336;398;104;1;3;394;397
8;Barcelona;21;Maresme;08040;Canet de Mar;1;1;A;;658;211;421;493;165;3;6;484;490
8;Barcelona;21;Maresme;08040;Canet de Mar;1;1;B;;795;269;518;582;213;6;11;565;576
8;Barcelona;21;Maresme;08040;Canet de Mar;1;2;A;;719;237;427;514;205;1;6;507;513
8;Barcelona;21;Maresme;08040;Canet de Mar;1;2;B;;702;235;425;503;199;1;7;495;502
8;Barcelona;21;Maresme;08040;Canet de Mar;1;3;A;;455;127;237;299;156;3;4;292;296
8;Barcelona;21;Maresme;08040;Canet de Mar;1;3;B;;514;154;281;361;153;0;4;357;361
8;Barcelona;21;Maresme;08040;Canet de Mar;1;4;A;;875;264;508;645;230;4;2;639;641
8;Barcelona;21;Maresme;08040;Canet de Mar;1;4;B;;982;263;576;706;276;4;5;697;702
8;Barcelona;21;Maresme;08040;Canet de Mar;1;5;A;;469;172;269;313;156;1;6;306;312
8;Barcelona;21;Maresme;08040;Canet de Mar;1;5;B;;534;181;304;365;169;1;5;359;364
8;Barcelona;21;Maresme;08040;Canet de Mar;1;6;U;;1010;228;443;532;478;5;7;520;527
8;Barcelona;21;Maresme;08040;Canet de Mar;1;7;A;;866;276;529;641;225;6;10;625;635
8;Barcelona;21;Maresme;08040;Canet de Mar;1;7;B;;1071;346;668;792;279;6;9;777;786
8;Barcelona;21;Maresme;08040;Canet de Mar;1;8;A;;395;121;227;283;112;6;8;269;277
8;Barcelona;21;Maresme;08040;Canet de Mar;1;8;B;;522;150;283;345;177;2;4;339;343
43;Tarragona;36;Tarragonès;43907;Canonja, la;1;1;A;;550;141;290;364;186;7;4;353;357
43;Tarragona;36;Tarragonès;43907;Canonja, la;1;1;B;;634;167;316;404;230;10;5;389;394
43;Tarragona;36;Tarragonès;43907;Canonja, la;1;2;U;;1070;287;542;700;370;7;7;686;693
43;Tarragona;36;Tarragonès;43907;Canonja, la;1;3;U;;892;258;474;589;303;6;10;573;583
43;Tarragona;36;Tarragonès;43907;Canonja, la;1;4;U;;1015;275;510;621;394;10;7;604;611
8;Barcelona;41;Vallès Oriental;08041;Canovelles;1;1;A;;657;174;374;466;191;8;9;449;458
8;Barcelona;41;Vallès Oriental;08041;Canovelles;1;1;B;;871;254;516;624;247;15;7;602;609
8;Barcelona;41;Vallès Oriental;08041;Canovelles;1;2;A;;485;170;262;303;182;0;10;293;303
8;Barcelona;41;Vallès Oriental;08041;Canovelles;1;2;B;;623;190;304;365;258;3;8;354;362
8;Barcelona;41;Vallès Oriental;08041;Canovelles;1;3;A;;555;152;247;279;276;4;6;269;275
8;Barcelona;41;Vallès Oriental;08041;Canovelles;1;3;B;;575;178;276;318;257;16;7;295;302
8;Barcelona;41;Vallès Oriental;08041;Canovelles;1;4;U;;1062;289;477;584;478;18;13;553;566
8;Barcelona;41;Vallès Oriental;08041;Canovelles;1;5;A;;357;110;172;213;144;2;5;206;211
8;Barcelona;41;Vallès Oriental;08041;Canovelles;1;5;B;;512;149;252;299;213;4;3;292;295
8;Barcelona;41;Vallès Oriental;08041;Canovelles;1;6;A;;568;176;329;388;180;5;4;379;383
8;Barcelona;41;Vallès Oriental;08041;Canovelles;1;6;B;;799;275;479;581;218;6;11;564;575
8;Barcelona;41;Vallès Oriental;08041;Canovelles;1;7;A;;646;194;392;472;174;8;8;456;464
8;Barcelona;41;Vallès Oriental;08041;Canovelles;1;7;B;;836;217;489;587;249;12;15;560;575
8;Barcelona;41;Vallès Oriental;08041;Canovelles;1;8;A;;658;220;402;483;175;11;10;462;472
8;Barcelona;41;Vallès Oriental;08041;Canovelles;1;8;B;;912;274;546;669;243;11;8;650;658
8;Barcelona;41;Vallès Oriental;08042;Cànoves i Samalús;1;1;A;;734;218;433;533;201;6;8;519;527
8;Barcelona;41;Vallès Oriental;08042;Cànoves i Samalús;1;1;B;;769;250;461;546;223;3;5;538;543
8;Barcelona;41;Vallès Oriental;08042;Cànoves i Samalús;1;1;C;;677;232;403;485;192;6;12;467;479
17;Girona;2;Alt Empordà;17041;Cantallops;1;1;U;;225;79;138;171;54;1;2;168;170
8;Barcelona;17;Garraf;08043;Canyelles;1;1;A;;749;246;431;519;230;8;16;495;511
8;Barcelona;17;Garraf;08043;Canyelles;1;1;B;;907;266;533;630;277;6;5;619;624
8;Barcelona;17;Garraf;08043;Canyelles;1;2;A;;659;216;352;432;227;5;4;423;427
8;Barcelona;17;Garraf;08043;Canyelles;1;2;B;;795;248;413;502;293;9;7;486;493
43;Tarragona;8;Baix Camp;43039;Capafonts;1;1;U;;110;45;73;94;16;0;0;94;94
43;Tarragona;29;Priorat;43040;Capçanes;1;1;U;;338;11;237;283;55;1;1;281;282
8;Barcelona;6;Anoia;08044;Capellades;1;1;A;;583;145;304;375;208;2;4;369;373
8;Barcelona;6;Anoia;08044;Capellades;1;1;B;;666;174;361;450;216;3;5;442;447
8;Barcelona;6;Anoia;08044;Capellades;1;1;C;;578;141;299;379;199;4;2;373;375
8;Barcelona;6;Anoia;08044;Capellades;2;1;A;;487;147;268;363;124;5;5;353;358
8;Barcelona;6;Anoia;08044;Capellades;2;1;B;;612;154;332;434;178;4;14;416;430
8;Barcelona;6;Anoia;08044;Capellades;2;2;A;;590;209;369;440;150;4;6;430;436
8;Barcelona;6;Anoia;08044;Capellades;2;2;B;;715;252;462;552;163;1;14;537;551
17;Girona;2;Alt Empordà;17042;Capmany;1;1;U;;415;148;278;308;107;0;4;304;308
8;Barcelona;14;Berguedà;08045;Capolat;1;1;U;;69;24;41;56;13;0;0;56;56
8;Barcelona;41;Vallès Oriental;08046;Cardedeu;1;1;A;;533;176;335;428;105;4;5;419;424
8;Barcelona;41;Vallès Oriental;08046;Cardedeu;1;1;B;;498;157;304;391;107;5;7;379;386
8;Barcelona;41;Vallès Oriental;08046;Cardedeu;1;2;A;;697;213;460;559;138;2;6;551;557
8;Barcelona;41;Vallès Oriental;08046;Cardedeu;1;2;B;;735;226;468;557;178;9;8;540;548
8;Barcelona;41;Vallès Oriental;08046;Cardedeu;1;3;A;;543;176;330;406;137;0;3;403;406
8;Barcelona;41;Vallès Oriental;08046;Cardedeu;1;3;B;;562;183;341;409;153;3;4;402;406
8;Barcelona;41;Vallès Oriental;08046;Cardedeu;2;1;A;;555;155;299;381;174;4;6;371;377
8;Barcelona;41;Vallès Oriental;08046;Cardedeu;2;1;B;;630;198;366;452;178;4;9;439;448
8;Barcelona;41;Vallès Oriental;08046;Cardedeu;2;1;C;;636;231;403;482;154;1;7;474;481
8;Barcelona;41;Vallès Oriental;08046;Cardedeu;2;2;A;;661;226;403;487;174;4;9;474;483
8;Barcelona;41;Vallès Oriental;08046;Cardedeu;2;2;B;;619;206;381;459;160;6;6;447;453
8;Barcelona;41;Vallès Oriental;08046;Cardedeu;2;3;A;;702;198;444;541;161;2;6;533;539
8;Barcelona;41;Vallès Oriental;08046;Cardedeu;2;3;B;;584;167;351;451;133;0;7;444;451
8;Barcelona;41;Vallès Oriental;08046;Cardedeu;2;4;A;;697;244;470;564;133;4;5;555;560
8;Barcelona;41;Vallès Oriental;08046;Cardedeu;2;4;B;;761;260;486;556;205;4;15;537;552
8;Barcelona;41;Vallès Oriental;08046;Cardedeu;2;4;C;;758;262;479;572;186;7;7;558;565
8;Barcelona;41;Vallès Oriental;08046;Cardedeu;3;1;A;;620;181;352;442;178;4;8;430;438
8;Barcelona;41;Vallès Oriental;08046;Cardedeu;3;1;B;;652;202;372;457;195;4;12;441;453
8;Barcelona;41;Vallès Oriental;08046;Cardedeu;3;1;C;;618;185;360;443;175;5;14;424;438
8;Barcelona;41;Vallès Oriental;08046;Cardedeu;3;1;D;;622;168;359;437;185;6;10;421;431
8;Barcelona;7;Bages;08047;Cardona;1;1;U;;854;223;466;574;280;7;2;565;567
8;Barcelona;7;Bages;08047;Cardona;1;2;A;;728;225;416;502;226;7;11;484;495
8;Barcelona;7;Bages;08047;Cardona;1;2;B;;678;177;379;465;213;10;4;451;455
8;Barcelona;7;Bages;08047;Cardona;1;3;U;;805;159;437;532;273;12;16;504;520
8;Barcelona;7;Bages;08047;Cardona;2;1;U;;565;139;278;370;195;3;9;358;367
8;Barcelona;7;Bages;08047;Cardona;3;1;U;;463;123;232;315;148;2;4;309;313
8;Barcelona;6;Anoia;08048;Carme;1;1;U;;618;134;358;467;151;2;7;458;465
43;Tarragona;37;Terra Alta;43041;Caseres;1;1;U;;235;54;141;183;52;3;13;167;180
17;Girona;20;Gironès;17044;Cassà de la Selva;1;1;A;;757;285;514;620;137;1;8;611;619
17;Girona;20;Gironès;17044;Cassà de la Selva;1;1;B;;738;282;535;614;124;5;7;602;609
17;Girona;20;Gironès;17044;Cassà de la Selva;1;2;A;;539;160;328;379;160;1;3;375;378
17;Girona;20;Gironès;17044;Cassà de la Selva;1;2;B;;581;195;388;443;138;0;6;437;443
17;Girona;20;Gironès;17044;Cassà de la Selva;2;1;A;;908;306;552;658;250;4;7;647;654
17;Girona;20;Gironès;17044;Cassà de la Selva;2;1;B;;935;325;572;677;258;5;6;666;672
17;Girona;20;Gironès;17044;Cassà de la Selva;2;2;A;;803;249;508;596;207;5;2;589;591
17;Girona;20;Gironès;17044;Cassà de la Selva;2;2;B;;756;273;471;572;184;10;5;557;562
17;Girona;20;Gironès;17044;Cassà de la Selva;2;3;U;;669;252;466;529;140;3;7;519;526
8;Barcelona;14;Berguedà;08049;Casserres;1;1;A;;1125;304;715;877;248;10;2;865;867
8;Barcelona;14;Berguedà;08049;Casserres;1;1;B;;210;79;125;141;69;0;1;140;141
25;Lleida;35;Solsonès;25064;Castellar de la Ribera;1;1;U;;126;53;83;111;15;0;3;108;111
8;Barcelona;14;Berguedà;08050;Castellar del Riu;1;1;U;;143;37;82;110;33;0;1;109;110
8;Barcelona;40;Vallès Occidental;08051;Castellar del Vallès;1;1;U;;899;328;561;658;241;3;7;648;655
8;Barcelona;40;Vallès Occidental;08051;Castellar del Vallès;1;10;A;;505;164;327;383;122;4;6;373;379
8;Barcelona;40;Vallès Occidental;08051;Castellar del Vallès;1;10;B;;612;165;369;460;152;4;6;450;456
8;Barcelona;40;Vallès Occidental;08051;Castellar del Vallès;1;11;U;;817;266;501;629;188;3;3;623;626
8;Barcelona;40;Vallès Occidental;08051;Castellar del Vallès;1;12;U;;743;203;398;480;263;7;6;467;473
8;Barcelona;40;Vallès Occidental;08051;Castellar del Vallès;1;13;A;;611;170;346;446;165;4;7;435;442
8;Barcelona;40;Vallès Occidental;08051;Castellar del Vallès;1;13;B;;768;187;417;554;214;4;12;538;550
8;Barcelona;40;Vallès Occidental;08051;Castellar del Vallès;1;2;A;;602;185;366;474;128;3;13;458;471
8;Barcelona;40;Vallès Occidental;08051;Castellar del Vallès;1;2;B;;712;212;426;541;171;5;3;533;536
8;Barcelona;40;Vallès Occidental;08051;Castellar del Vallès;1;2;C;;801;225;492;620;181;2;6;612;618
8;Barcelona;40;Vallès Occidental;08051;Castellar del Vallès;1;3;A;;611;166;326;423;188;1;9;413;422
8;Barcelona;40;Vallès Occidental;08051;Castellar del Vallès;1;3;B;;709;199;398;506;203;5;10;491;501
8;Barcelona;40;Vallès Occidental;08051;Castellar del Vallès;1;4;A;;704;231;435;518;186;2;6;510;516
8;Barcelona;40;Vallès Occidental;08051;Castellar del Vallès;1;4;B;;832;239;478;609;223;2;3;604;607
8;Barcelona;40;Vallès Occidental;08051;Castellar del Vallès;1;5;A;;604;212;385;491;113;1;5;485;490
8;Barcelona;40;Vallès Occidental;08051;Castellar del Vallès;1;5;B;;730;244;494;592;138;7;5;580;585
8;Barcelona;40;Vallès Occidental;08051;Castellar del Vallès;1;6;A;;649;175;326;412;237;4;2;406;408
8;Barcelona;40;Vallès Occidental;08051;Castellar del Vallès;1;6;B;;653;173;343;436;217;0;5;431;436
8;Barcelona;40;Vallès Occidental;08051;Castellar del Vallès;1;7;A;;797;254;468;575;222;8;6;561;567
8;Barcelona;40;Vallès Occidental;08051;Castellar del Vallès;1;7;B;;881;276;486;611;270;4;20;587;607
8;Barcelona;40;Vallès Occidental;08051;Castellar del Vallès;1;8;A;;689;223;396;491;198;8;4;479;483
8;Barcelona;40;Vallès Occidental;08051;Castellar del Vallès;1;8;B;;844;241;468;600;244;6;2;592;594
8;Barcelona;40;Vallès Occidental;08051;Castellar del Vallès;1;9;A;;849;237;512;638;211;8;14;616;630
8;Barcelona;40;Vallès Occidental;08051;Castellar del Vallès;1;9;B;;874;249;512;666;208;2;11;653;664
8;Barcelona;14;Berguedà;08052;Castellar de n'Hug;1;1;U;;140;44;76;108;32;0;0;108;108
8;Barcelona;7;Bages;08053;Castellbell i el Vilar;1;1;A;;629;168;364;433;196;7;6;420;426
8;Barcelona;7;Bages;08053;Castellbell i el Vilar;1;1;B;;812;222;452;545;267;19;10;516;526
8;Barcelona;7;Bages;08053;Castellbell i el Vilar;1;2;A;;668;164;319;383;285;6;2;375;377
8;Barcelona;7;Bages;08053;Castellbell i el Vilar;1;2;B;;737;204;355;439;298;13;9;417;426
8;Barcelona;40;Vallès Occidental;08054;Castellbisbal;1;1;A;;554;147;333;404;150;6;4;394;398
8;Barcelona;40;Vallès Occidental;08054;Castellbisbal;1;1;B;;606;172;369;449;157;5;6;438;444
8;Barcelona;40;Vallès Occidental;08054;Castellbisbal;1;1;C;;674;181;411;504;170;6;4;494;498
8;Barcelona;40;Vallès Occidental;08054;Castellbisbal;1;2;U;;824;214;474;598;226;9;6;583;589
8;Barcelona;40;Vallès Occidental;08054;Castellbisbal;1;3;A;;729;199;434;551;178;8;14;529;543
8;Barcelona;40;Vallès Occidental;08054;Castellbisbal;1;3;B;;710;214;425;526;184;14;6;506;512
8;Barcelona;40;Vallès Occidental;08054;Castellbisbal;1;4;A;;847;207;515;651;196;9;7;635;642
8;Barcelona;40;Vallès Occidental;08054;Castellbisbal;1;4;B;;826;215;522;650;176;7;7;636;643
8;Barcelona;40;Vallès Occidental;08054;Castellbisbal;1;5;A;;846;195;415;584;262;5;11;568;579
8;Barcelona;40;Vallès Occidental;08054;Castellbisbal;1;5;B;;800;234;442;560;240;10;7;543;550
8;Barcelona;40;Vallès Occidental;08054;Castellbisbal;1;6;A;;699;177;350;439;260;6;12;421;433
8;Barcelona;40;Vallès Occidental;08054;Castellbisbal;1;6;B;;659;157;329;426;233;7;12;407;419
8;Barcelona;;;08055;Castellcir;1;1;U;;486;185;301;367;119;1;3;363;366
25;Lleida;18;Garrigues;25067;Castelldans;1;1;U;;762;183;415;534;228;2;11;521;532
8;Barcelona;11;Baix Llobregat;08056;Castelldefels;1;1;U;;680;172;288;368;312;4;3;361;364
8;Barcelona;11;Baix Llobregat;08056;Castelldefels;1;2;A;;689;196;339;428;261;3;12;413;425
8;Barcelona;11;Baix Llobregat;08056;Castelldefels;1;2;B;;724;205;360;444;280;3;15;426;441
8;Barcelona;11;Baix Llobregat;08056;Castelldefels;1;3;A;;608;198;338;411;197;5;10;396;406
8;Barcelona;11;Baix Llobregat;08056;Castelldefels;1;3;B;;810;261;440;544;266;5;8;531;539
8;Barcelona;11;Baix Llobregat;08056;Castelldefels;1;3;C;;642;207;368;449;193;1;9;439;448
8;Barcelona;11;Baix Llobregat;08056;Castelldefels;1;4;A;;745;205;403;486;259;4;6;476;482
8;Barcelona;11;Baix Llobregat;08056;Castelldefels;1;4;B;;773;226;401;491;282;6;8;477;485
8;Barcelona;11;Baix Llobregat;08056;Castelldefels;1;5;A;;590;180;327;399;191;8;7;384;391
8;Barcelona;11;Baix Llobregat;08056;Castelldefels;1;5;B;;706;208;355;426;280;6;8;412;420
8;Barcelona;11;Baix Llobregat;08056;Castelldefels;1;6;A;;561;159;281;360;201;3;8;349;357
8;Barcelona;11;Baix Llobregat;08056;Castelldefels;1;6;B;;741;210;391;487;254;5;13;469;482
8;Barcelona;11;Baix Llobregat;08056;Castelldefels;1;6;C;;596;178;330;403;193;4;8;391;399
8;Barcelona;11;Baix Llobregat;08056;Castelldefels;1;7;A;;686;200;373;475;211;8;12;455;467
8;Barcelona;11;Baix Llobregat;08056;Castelldefels;1;7;B;;862;256;480;597;265;6;12;579;591
8;Barcelona;11;Baix Llobregat;08056;Castelldefels;1;7;C;;736;232;435;535;201;5;13;517;530
8;Barcelona;11;Baix Llobregat;08056;Castelldefels;2;1;A;;585;197;339;423;162;7;7;409;416
8;Barcelona;11;Baix Llobregat;08056;Castelldefels;2;1;B;;649;206;367;431;218;4;8;419;427
8;Barcelona;11;Baix Llobregat;08056;Castelldefels;2;2;A;;552;179;327;400;152;4;4;392;396
8;Barcelona;11;Baix Llobregat;08056;Castelldefels;2;2;B;;626;203;361;444;182;2;6;436;442
8;Barcelona;11;Baix Llobregat;08056;Castelldefels;2;3;A;;542;150;295;376;166;0;11;365;376
8;Barcelona;11;Baix Llobregat;08056;Castelldefels;2;3;B;;622;193;356;434;188;1;7;426;433
8;Barcelona;11;Baix Llobregat;08056;Castelldefels;2;4;A;;856;224;469;590;266;6;5;579;584
8;Barcelona;11;Baix Llobregat;08056;Castelldefels;2;4;B;;940;283;522;642;298;3;10;629;639
8;Barcelona;11;Baix Llobregat;08056;Castelldefels;2;5;A;;558;172;291;384;174;5;6;373;379
8;Barcelona;11;Baix Llobregat;08056;Castelldefels;2;5;B;;630;196;386;477;153;6;6;465;471
8;Barcelona;11;Baix Llobregat;08056;Castelldefels;2;6;A;;488;175;253;318;170;2;5;311;316
8;Barcelona;11;Baix Llobregat;08056;Castelldefels;2;6;B;;595;193;344;416;179;3;7;406;413
8;Barcelona;11;Baix Llobregat;08056;Castelldefels;3;1;U;;758;236;421;513;245;7;12;494;506
8;Barcelona;11;Baix Llobregat;08056;Castelldefels;3;2;A;;696;222;421;516;180;4;3;509;512
8;Barcelona;11;Baix Llobregat;08056;Castelldefels;3;2;B;;681;216;412;515;166;5;5;505;510
8;Barcelona;11;Baix Llobregat;08056;Castelldefels;3;3;A;;561;151;287;359;202;2;13;344;357
8;Barcelona;11;Baix Llobregat;08056;Castelldefels;3;3;B;;701;190;362;461;240;5;6;450;456
8;Barcelona;11;Baix Llobregat;08056;Castelldefels;3;3;C;;614;170;332;398;216;6;10;382;392
8;Barcelona;11;Baix Llobregat;08056;Castelldefels;3;4;A;;776;225;453;572;204;4;10;558;568
8;Barcelona;11;Baix Llobregat;08056;Castelldefels;3;4;B;;873;280;528;661;212;6;5;650;655
8;Barcelona;11;Baix Llobregat;08056;Castelldefels;3;5;U;;815;246;474;627;188;3;11;613;624
8;Barcelona;11;Baix Llobregat;08056;Castelldefels;4;1;A;;758;223;441;553;205;5;7;541;548
8;Barcelona;11;Baix Llobregat;08056;Castelldefels;4;1;B;;810;238;468;576;234;3;10;563;573
8;Barcelona;11;Baix Llobregat;08056;Castelldefels;4;1;C;;763;246;465;560;203;6;7;547;554
8;Barcelona;11;Baix Llobregat;08056;Castelldefels;4;2;A;;666;175;351;439;227;2;10;427;437
8;Barcelona;11;Baix Llobregat;08056;Castelldefels;4;2;B;;734;176;366;463;271;1;7;455;462
8;Barcelona;11;Baix Llobregat;08056;Castelldefels;4;3;A;;750;190;394;490;260;3;11;476;487
8;Barcelona;11;Baix Llobregat;08056;Castelldefels;4;3;B;;877;192;402;514;363;0;15;499;514
8;Barcelona;11;Baix Llobregat;08056;Castelldefels;4;4;A;;901;247;460;552;349;7;11;534;545
8;Barcelona;11;Baix Llobregat;08056;Castelldefels;4;4;B;;998;255;464;585;413;2;7;576;583
8;Barcelona;11;Baix Llobregat;08056;Castelldefels;5;1;A;;624;173;364;439;185;3;3;433;436
8;Barcelona;11;Baix Llobregat;08056;Castelldefels;5;1;B;;769;193;422;521;248;2;7;512;519
8;Barcelona;11;Baix Llobregat;08056;Castelldefels;5;1;C;;603;170;332;409;194;3;9;397;406
8;Barcelona;11;Baix Llobregat;08056;Castelldefels;5;2;A;;877;226;453;560;317;2;5;553;558
8;Barcelona;11;Baix Llobregat;08056;Castelldefels;5;2;B;;945;238;462;580;365;2;5;573;578
8;Barcelona;11;Baix Llobregat;08056;Castelldefels;5;3;A;;799;208;383;477;322;2;7;468;475
8;Barcelona;11;Baix Llobregat;08056;Castelldefels;5;3;B;;854;227;400;489;365;4;6;479;485
8;Barcelona;11;Baix Llobregat;08056;Castelldefels;5;4;A;;831;242;492;608;223;5;16;587;603
8;Barcelona;11;Baix Llobregat;08056;Castelldefels;5;4;B;;932;281;557;690;242;7;6;677;683
8;Barcelona;14;Berguedà;08057;Castell de l'Areny;1;1;U;;59;23;41;54;5;0;1;53;54
25;Lleida;25;Pallars Jussà;25904;Castell de Mur;1;1;U;;142;50;86;116;26;2;1;113;114
8;Barcelona;3;Alt Penedès;08058;Castellet i la Gornal;1;1;U;;426;138;277;331;95;3;4;324;328
8;Barcelona;3;Alt Penedès;08058;Castellet i la Gornal;1;2;A;;576;150;296;348;228;8;4;336;340
8;Barcelona;3;Alt Penedès;08058;Castellet i la Gornal;1;2;B;;726;193;367;437;289;10;5;422;427
17;Girona;19;Garrotxa;17046;Castellfollit de la Roca;1;1;U;;742;297;502;569;173;8;10;551;561
8;Barcelona;7;Bages;08059;Castellfollit del Boix;1;1;U;;328;80;179;236;92;3;4;229;233
8;Barcelona;6;Anoia;08060;Castellfollit de Riubregós;1;1;U;;164;42;113;139;25;3;1;135;136
8;Barcelona;7;Bages;08061;Castellgalí;1;1;A;;705;202;401;482;223;0;4;478;482
8;Barcelona;7;Bages;08061;Castellgalí;1;1;B;;789;214;421;547;242;1;9;537;546
8;Barcelona;7;Bages;08062;Castellnou de Bages;1;1;U;;906;222;539;669;237;5;8;656;664
25;Lleida;27;Pla d'Urgell;25068;Castellnou de Seana;1;1;U;;576;151;341;416;160;0;5;411;416
17;Girona;2;Alt Empordà;17047;Castelló d'Empúries;1;1;A;;655;186;360;440;215;4;7;429;436
17;Girona;2;Alt Empordà;17047;Castelló d'Empúries;1;1;B;;697;201;403;469;228;0;7;462;469
17;Girona;2;Alt Empordà;17047;Castelló d'Empúries;1;2;A;;616;238;397;467;149;2;6;459;465
17;Girona;2;Alt Empordà;17047;Castelló d'Empúries;1;2;B;;591;209;376;436;155;3;4;429;433
17;Girona;2;Alt Empordà;17047;Castelló d'Empúries;1;3;A;;570;142;288;330;240;3;2;325;327
17;Girona;2;Alt Empordà;17047;Castelló d'Empúries;1;3;B;;616;154;273;316;300;3;5;308;313
17;Girona;2;Alt Empordà;17047;Castelló d'Empúries;1;4;A;;529;120;210;271;258;0;5;266;271
17;Girona;2;Alt Empordà;17047;Castelló d'Empúries;1;4;B;;509;113;214;266;243;4;7;255;262
25;Lleida;23;Noguera;25069;Castelló de Farfanya;1;1;U;;465;119;235;320;145;1;3;316;319
8;Barcelona;6;Anoia;08063;Castellolí;1;1;U;;432;125;302;367;65;2;3;362;365
17;Girona;10;Baix Empordà;17048;Castell-Platja d'Aro;1;1;A;;598;194;353;426;172;2;5;419;424
17;Girona;10;Baix Empordà;17048;Castell-Platja d'Aro;1;1;B;;574;190;367;433;141;2;4;427;431
17;Girona;10;Baix Empordà;17048;Castell-Platja d'Aro;1;2;A;;548;150;282;336;212;6;3;327;330
17;Girona;10;Baix Empordà;17048;Castell-Platja d'Aro;1;2;B;;528;139;234;302;226;2;3;297;300
17;Girona;10;Baix Empordà;17048;Castell-Platja d'Aro;1;2;C;;583;160;300;365;218;2;3;360;363
17;Girona;10;Baix Empordà;17048;Castell-Platja d'Aro;1;3;A;;492;153;277;332;160;6;3;323;326
17;Girona;10;Baix Empordà;17048;Castell-Platja d'Aro;1;3;B;;592;185;339;393;199;3;4;386;390
17;Girona;10;Baix Empordà;17048;Castell-Platja d'Aro;1;3;C;;548;172;306;370;178;3;4;363;367
17;Girona;10;Baix Empordà;17048;Castell-Platja d'Aro;1;4;U;;839;259;432;541;298;2;8;531;539
17;Girona;10;Baix Empordà;17048;Castell-Platja d'Aro;1;5;U;;925;309;512;610;315;2;0;608;608
25;Lleida;38;Urgell;25070;Castellserà;1;1;U;;870;245;537;681;189;3;21;657;678
8;Barcelona;;;08064;Castellterçol;1;1;A;;748;245;505;605;143;6;4;595;599
8;Barcelona;;;08064;Castellterçol;1;1;B;;497;149;301;363;134;0;4;359;363
8;Barcelona;;;08064;Castellterçol;1;1;C;;616;207;405;488;128;3;5;480;485
43;Tarragona;8;Baix Camp;43042;Castellvell del Camp;1;1;A;;457;135;284;356;101;3;6;347;353
43;Tarragona;8;Baix Camp;43042;Castellvell del Camp;1;1;B;;425;120;242;296;129;3;2;291;293
43;Tarragona;8;Baix Camp;43042;Castellvell del Camp;1;1;C;;469;134;271;347;122;2;4;341;345
43;Tarragona;8;Baix Camp;43042;Castellvell del Camp;1;1;D;;346;102;198;263;83;4;3;256;259
43;Tarragona;8;Baix Camp;43042;Castellvell del Camp;1;1;E;;388;125;252;313;75;5;1;307;308
8;Barcelona;3;Alt Penedès;08065;Castellví de la Marca;1;1;U;;1211;323;716;913;298;11;8;894;902
8;Barcelona;11;Baix Llobregat;08066;Castellví de Rosanes;1;1;A;;458;124;278;351;107;4;4;343;347
8;Barcelona;11;Baix Llobregat;08066;Castellví de Rosanes;1;1;B;;528;129;277;360;168;5;4;351;355
8;Barcelona;11;Baix Llobregat;08066;Castellví de Rosanes;1;1;C;;323;105;193;253;70;3;2;248;250
43;Tarragona;36;Tarragonès;43043;Catllar, el;1;1;A;;501;151;263;330;171;1;3;326;329
43;Tarragona;36;Tarragonès;43043;Catllar, el;1;1;B;;510;146;260;303;207;0;4;299;303
43;Tarragona;36;Tarragonès;43043;Catllar, el;1;1;C;;608;173;324;398;210;1;6;391;397
43;Tarragona;36;Tarragonès;43043;Catllar, el;1;2;A;;445;127;249;323;122;0;12;311;323
43;Tarragona;36;Tarragonès;43043;Catllar, el;1;2;B;;503;174;280;354;149;5;7;342;349
43;Tarragona;36;Tarragonès;43043;Catllar, el;1;2;C;;491;151;297;356;135;1;6;349;355
25;Lleida;4;Alt Urgell;25071;Cava;1;1;U;;55;19;24;45;10;0;0;45;45
17;Girona;34;Selva;17189;Cellera de Ter, la;1;1;U;;821;290;558;677;144;7;8;662;670
17;Girona;34;Selva;17189;Cellera de Ter, la;1;2;U;;698;250;464;566;132;4;1;561;562
17;Girona;20;Gironès;17049;Celrà;1;1;A;;600;207;406;483;117;4;3;476;479
17;Girona;20;Gironès;17049;Celrà;1;1;B;;612;207;405;489;123;2;5;482;487
17;Girona;20;Gironès;17049;Celrà;1;2;A;;654;244;417;484;170;8;5;471;476
17;Girona;20;Gironès;17049;Celrà;1;2;B;;578;173;328;393;185;5;5;383;388
17;Girona;20;Gironès;17049;Celrà;1;2;C;;643;212;388;473;170;4;5;464;469
8;Barcelona;24;Osona;08067;Centelles;1;1;A;;624;210;414;484;140;7;3;474;477
8;Barcelona;24;Osona;08067;Centelles;1;1;B;;664;208;406;501;163;5;2;494;496
8;Barcelona;24;Osona;08067;Centelles;1;2;A;;510;164;311;375;135;5;4;366;370
8;Barcelona;24;Osona;08067;Centelles;1;2;B;;531;168;328;397;134;5;7;385;392
8;Barcelona;24;Osona;08067;Centelles;1;3;A;;606;175;348;433;173;4;4;425;429
8;Barcelona;24;Osona;08067;Centelles;1;3;B;;760;244;479;594;166;7;3;584;587
8;Barcelona;24;Osona;08067;Centelles;1;4;A;;732;191;397;493;239;6;6;481;487
8;Barcelona;24;Osona;08067;Centelles;1;4;B;;660;189;379;486;174;3;7;476;483
8;Barcelona;24;Osona;08067;Centelles;1;4;C;;559;168;321;421;138;2;6;413;419
8;Barcelona;14;Berguedà;08268;Cercs;1;1;A;;267;89;178;198;69;2;4;192;196
8;Barcelona;14;Berguedà;08268;Cercs;1;1;B;;259;83;136;175;84;0;0;175;175
8;Barcelona;14;Berguedà;08268;Cercs;1;2;U;;571;216;363;437;134;2;10;425;435
8;Barcelona;40;Vallès Occidental;08266;Cerdanyola del Vallès;1;1;A;;809;196;436;533;276;8;11;514;525
8;Barcelona;40;Vallès Occidental;08266;Cerdanyola del Vallès;1;1;B;;962;235;544;671;291;6;8;657;665
8;Barcelona;40;Vallès Occidental;08266;Cerdanyola del Vallès;1;1;C;;938;229;498;635;303;5;12;618;630
8;Barcelona;40;Vallès Occidental;08266;Cerdanyola del Vallès;1;10;A;;726;187;416;527;199;3;9;515;524
8;Barcelona;40;Vallès Occidental;08266;Cerdanyola del Vallès;1;10;B;;790;222;434;552;238;1;9;542;551
8;Barcelona;40;Vallès Occidental;08266;Cerdanyola del Vallès;1;10;C;;774;221;423;557;217;2;7;548;555
8;Barcelona;40;Vallès Occidental;08266;Cerdanyola del Vallès;1;11;A;;535;133;259;326;209;6;9;311;320
8;Barcelona;40;Vallès Occidental;08266;Cerdanyola del Vallès;1;11;B;;610;166;271;349;261;3;5;341;346
8;Barcelona;40;Vallès Occidental;08266;Cerdanyola del Vallès;1;12;A;;519;193;321;374;145;2;2;370;372
8;Barcelona;40;Vallès Occidental;08266;Cerdanyola del Vallès;1;12;B;;670;212;390;478;192;7;6;465;471
8;Barcelona;40;Vallès Occidental;08266;Cerdanyola del Vallès;1;12;C;;562;190;341;404;158;7;7;390;397
8;Barcelona;40;Vallès Occidental;08266;Cerdanyola del Vallès;1;13;U;;891;262;510;659;232;6;11;642;653
8;Barcelona;40;Vallès Occidental;08266;Cerdanyola del Vallès;1;14;A;;786;210;438;588;198;10;19;559;578
8;Barcelona;40;Vallès Occidental;08266;Cerdanyola del Vallès;1;14;B;;830;193;476;626;204;5;18;603;621
8;Barcelona;40;Vallès Occidental;08266;Cerdanyola del Vallès;1;15;A;;472;160;277;342;130;6;11;325;336
8;Barcelona;40;Vallès Occidental;08266;Cerdanyola del Vallès;1;15;B;;592;172;325;406;186;5;8;393;401
8;Barcelona;40;Vallès Occidental;08266;Cerdanyola del Vallès;1;15;C;;529;141;285;356;173;1;5;350;355
8;Barcelona;40;Vallès Occidental;08266;Cerdanyola del Vallès;1;16;A;;630;177;330;429;201;4;11;414;425
8;Barcelona;40;Vallès Occidental;08266;Cerdanyola del Vallès;1;16;B;;659;211;383;482;177;4;4;474;478
8;Barcelona;40;Vallès Occidental;08266;Cerdanyola del Vallès;1;17;A;;462;150;255;314;148;6;4;304;308
8;Barcelona;40;Vallès Occidental;08266;Cerdanyola del Vallès;1;17;B;;556;208;319;375;181;3;5;367;372
8;Barcelona;40;Vallès Occidental;08266;Cerdanyola del Vallès;1;17;C;;569;168;286;361;208;0;5;356;361
8;Barcelona;40;Vallès Occidental;08266;Cerdanyola del Vallès;1;18;A;;621;185;363;457;164;7;7;443;450
8;Barcelona;40;Vallès Occidental;08266;Cerdanyola del Vallès;1;18;B;;730;216;425;538;192;7;6;525;531
8;Barcelona;40;Vallès Occidental;08266;Cerdanyola del Vallès;1;18;C;;616;197;373;454;162;9;9;436;445
8;Barcelona;40;Vallès Occidental;08266;Cerdanyola del Vallès;1;19;A;;544;184;318;400;144;2;5;393;398
8;Barcelona;40;Vallès Occidental;08266;Cerdanyola del Vallès;1;19;B;;600;200;340;426;174;3;8;415;423
8;Barcelona;40;Vallès Occidental;08266;Cerdanyola del Vallès;1;19;C;;569;206;334;415;154;3;4;408;412
8;Barcelona;40;Vallès Occidental;08266;Cerdanyola del Vallès;1;2;A;;657;181;374;448;209;12;3;433;436
8;Barcelona;40;Vallès Occidental;08266;Cerdanyola del Vallès;1;2;B;;883;247;490;597;286;3;11;583;594
8;Barcelona;40;Vallès Occidental;08266;Cerdanyola del Vallès;1;20;A;;676;212;454;567;109;3;4;560;564
8;Barcelona;40;Vallès Occidental;08266;Cerdanyola del Vallès;1;20;B;;546;183;345;446;100;0;8;438;446
8;Barcelona;40;Vallès Occidental;08266;Cerdanyola del Vallès;1;20;C;;778;233;527;649;129;3;4;642;646
8;Barcelona;40;Vallès Occidental;08266;Cerdanyola del Vallès;1;27;A;;620;171;307;372;248;5;12;355;367
8;Barcelona;40;Vallès Occidental;08266;Cerdanyola del Vallès;1;27;B;;654;173;337;415;239;6;10;399;409
8;Barcelona;40;Vallès Occidental;08266;Cerdanyola del Vallès;1;28;A;;595;174;363;473;122;1;9;463;472
8;Barcelona;40;Vallès Occidental;08266;Cerdanyola del Vallès;1;28;B;;754;245;441;586;168;3;8;575;583
8;Barcelona;40;Vallès Occidental;08266;Cerdanyola del Vallès;1;29;A;;736;202;415;559;177;9;7;543;550
8;Barcelona;40;Vallès Occidental;08266;Cerdanyola del Vallès;1;29;B;;814;217;482;619;195;9;13;597;610
8;Barcelona;40;Vallès Occidental;08266;Cerdanyola del Vallès;1;29;C;;754;208;437;571;183;4;7;560;567
8;Barcelona;40;Vallès Occidental;08266;Cerdanyola del Vallès;1;3;A;;570;170;320;403;167;3;3;397;400
8;Barcelona;40;Vallès Occidental;08266;Cerdanyola del Vallès;1;3;B;;636;190;380;450;186;3;3;444;447
8;Barcelona;40;Vallès Occidental;08266;Cerdanyola del Vallès;1;30;A;;478;151;290;354;124;1;5;348;353
8;Barcelona;40;Vallès Occidental;08266;Cerdanyola del Vallès;1;30;B;;671;217;406;506;165;1;3;502;505
8;Barcelona;40;Vallès Occidental;08266;Cerdanyola del Vallès;1;31;A;;426;127;244;305;121;1;7;297;304
8;Barcelona;40;Vallès Occidental;08266;Cerdanyola del Vallès;1;31;B;;508;183;314;386;122;5;10;371;381
8;Barcelona;40;Vallès Occidental;08266;Cerdanyola del Vallès;1;32;U;;644;186;396;502;142;7;5;490;495
8;Barcelona;40;Vallès Occidental;08266;Cerdanyola del Vallès;1;33;A;;543;148;305;380;163;7;6;367;373
8;Barcelona;40;Vallès Occidental;08266;Cerdanyola del Vallès;1;33;B;;613;159;341;425;188;4;9;412;421
8;Barcelona;40;Vallès Occidental;08266;Cerdanyola del Vallès;1;34;A;;667;170;372;488;179;1;9;478;487
8;Barcelona;40;Vallès Occidental;08266;Cerdanyola del Vallès;1;34;B;;734;183;390;524;210;3;14;507;521
8;Barcelona;40;Vallès Occidental;08266;Cerdanyola del Vallès;1;35;A;;806;214;475;597;209;7;9;581;590
8;Barcelona;40;Vallès Occidental;08266;Cerdanyola del Vallès;1;35;B;;846;221;463;604;242;12;6;586;592
8;Barcelona;40;Vallès Occidental;08266;Cerdanyola del Vallès;1;35;C;;891;252;500;651;240;4;16;631;647
8;Barcelona;40;Vallès Occidental;08266;Cerdanyola del Vallès;1;4;A;;561;177;320;375;186;5;8;362;370
8;Barcelona;40;Vallès Occidental;08266;Cerdanyola del Vallès;1;4;B;;654;189;354;424;230;9;4;411;415
8;Barcelona;40;Vallès Occidental;08266;Cerdanyola del Vallès;1;5;A;;366;107;226;266;100;4;4;258;262
8;Barcelona;40;Vallès Occidental;08266;Cerdanyola del Vallès;1;5;B;;407;126;229;279;128;2;4;273;277
8;Barcelona;40;Vallès Occidental;08266;Cerdanyola del Vallès;1;6;A;;695;184;383;492;203;3;11;478;489
8;Barcelona;40;Vallès Occidental;08266;Cerdanyola del Vallès;1;6;B;;757;208;436;547;210;8;10;529;539
8;Barcelona;40;Vallès Occidental;08266;Cerdanyola del Vallès;1;7;U;;632;217;375;466;166;6;3;457;460
8;Barcelona;40;Vallès Occidental;08266;Cerdanyola del Vallès;1;8;A;;566;181;312;372;194;5;7;360;367
8;Barcelona;40;Vallès Occidental;08266;Cerdanyola del Vallès;1;8;B;;721;214;402;504;217;5;6;493;499
8;Barcelona;40;Vallès Occidental;08266;Cerdanyola del Vallès;1;9;A;;606;192;343;435;171;2;6;427;433
8;Barcelona;40;Vallès Occidental;08266;Cerdanyola del Vallès;1;9;B;;730;219;416;512;218;0;10;502;512
8;Barcelona;11;Baix Llobregat;08068;Cervelló;1;1;A;;624;163;340;431;193;6;10;415;425
8;Barcelona;11;Baix Llobregat;08068;Cervelló;1;1;B;;620;174;347;415;205;9;7;399;406
8;Barcelona;11;Baix Llobregat;08068;Cervelló;1;1;C;;644;210;377;454;190;5;2;447;449
8;Barcelona;11;Baix Llobregat;08068;Cervelló;1;2;A;;705;200;392;461;244;2;2;457;459
8;Barcelona;11;Baix Llobregat;08068;Cervelló;1;2;B;;824;202;451;544;280;5;7;532;539
8;Barcelona;11;Baix Llobregat;08068;Cervelló;1;3;U;;767;232;444;554;213;7;10;537;547
8;Barcelona;11;Baix Llobregat;08068;Cervelló;1;4;A;;599;173;333;400;199;4;3;393;396
8;Barcelona;11;Baix Llobregat;08068;Cervelló;1;4;B;;670;192;356;443;227;3;11;429;440
8;Barcelona;11;Baix Llobregat;08068;Cervelló;1;4;C;;575;169;319;395;180;2;5;388;393
8;Barcelona;11;Baix Llobregat;08068;Cervelló;1;5;U;;604;146;282;364;240;4;3;357;360
25;Lleida;32;Segarra;25072;Cervera;1;1;A;;368;116;199;233;135;3;2;228;230
25;Lleida;32;Segarra;25072;Cervera;1;1;B;;538;160;292;346;192;3;10;333;343
25;Lleida;32;Segarra;25072;Cervera;2;1;A;;534;144;298;392;142;0;5;387;392
25;Lleida;32;Segarra;25072;Cervera;2;1;B;;589;178;375;443;146;1;2;440;442
25;Lleida;32;Segarra;25072;Cervera;2;2;A;;697;168;340;454;243;9;4;441;445
25;Lleida;32;Segarra;25072;Cervera;2;2;B;;682;193;374;474;208;12;9;453;462
25;Lleida;32;Segarra;25072;Cervera;2;3;A;;386;107;226;313;73;5;5;303;308
25;Lleida;32;Segarra;25072;Cervera;2;3;B;;470;114;245;346;124;3;9;334;343
25;Lleida;32;Segarra;25072;Cervera;3;1;A;;770;193;403;493;277;4;10;479;489
25;Lleida;32;Segarra;25072;Cervera;3;1;B;;882;252;471;598;284;9;15;574;589
25;Lleida;18;Garrigues;25073;Cervià de les Garrigues;1;1;U;;624;176;335;434;190;3;9;422;431
17;Girona;20;Gironès;17050;Cervià de Ter;1;1;U;;649;282;466;550;99;5;8;537;545
17;Girona;2;Alt Empordà;17051;Cistella;1;1;U;;214;68;142;176;38;0;3;173;176
25;Lleida;38;Urgell;25074;Ciutadilla;1;1;U;;179;35;106;146;33;2;2;142;144
25;Lleida;35;Solsonès;25075;Clariana de Cardener;1;1;U;;117;40;71;92;25;1;0;91;91
25;Lleida;18;Garrigues;25076;Cogul, el;1;1;U;;159;35;73;96;63;0;2;94;96
17;Girona;2;Alt Empordà;17054;Colera;1;1;U;;381;148;216;266;115;6;1;259;260
8;Barcelona;11;Baix Llobregat;08069;Collbató;1;1;A;;822;254;526;638;184;7;6;625;631
8;Barcelona;11;Baix Llobregat;08069;Collbató;1;1;B;;856;229;511;643;213;7;15;621;636
8;Barcelona;11;Baix Llobregat;08069;Collbató;1;3;A;;580;186;333;406;174;1;16;389;405
8;Barcelona;11;Baix Llobregat;08069;Collbató;1;3;B;;777;221;428;520;257;5;9;506;515
43;Tarragona;8;Baix Camp;43045;Colldejou;1;1;U;;149;43;92;124;25;1;1;122;123
25;Lleida;4;Alt Urgell;25077;Coll de Nargó;1;1;U;;466;121;242;329;137;7;6;316;322
8;Barcelona;;;08070;Collsuspina;1;1;U;;273;92;163;217;56;4;2;211;213
17;Girona;10;Baix Empordà;17055;Colomers;1;1;U;;159;57;109;138;21;5;1;132;133
25;Lleida;35;Solsonès;25163;Coma i la Pedra, la;1;1;U;;230;81;137;166;64;4;0;162;162
25;Lleida;25;Pallars Jussà;25161;Conca de Dalt;1;1;U;;363;110;195;265;98;0;4;261;265
43;Tarragona;16;Conca de Barberà;43046;Conesa;1;1;U;;111;41;69;88;23;1;4;83;87
43;Tarragona;36;Tarragonès;43047;Constantí;1;1;A;;659;170;348;409;250;7;6;396;402
43;Tarragona;36;Tarragonès;43047;Constantí;1;1;B;;699;195;366;443;256;6;10;427;437
43;Tarragona;36;Tarragonès;43047;Constantí;1;2;A;;422;73;158;184;238;1;4;179;183
43;Tarragona;36;Tarragonès;43047;Constantí;1;2;B;;433;96;159;187;246;1;4;182;186
43;Tarragona;36;Tarragonès;43047;Constantí;2;1;A;;595;149;295;376;219;9;8;359;367
43;Tarragona;36;Tarragonès;43047;Constantí;2;1;B;;572;154;274;342;230;6;6;330;336
43;Tarragona;36;Tarragonès;43047;Constantí;2;1;C;;690;200;363;447;243;5;11;431;442
8;Barcelona;6;Anoia;08071;Copons;1;1;U;;246;71;161;195;51;6;2;187;189
43;Tarragona;37;Terra Alta;43048;Corbera d'Ebre;1;1;U;;820;187;421;555;265;11;12;532;544
8;Barcelona;11;Baix Llobregat;08072;Corbera de Llobregat;1;1;U;;882;257;483;572;310;4;13;555;568
8;Barcelona;11;Baix Llobregat;08072;Corbera de Llobregat;1;10;A;;537;142;268;339;198;5;6;328;334
8;Barcelona;11;Baix Llobregat;08072;Corbera de Llobregat;1;10;B;;507;141;280;334;173;3;1;330;331
8;Barcelona;11;Baix Llobregat;08072;Corbera de Llobregat;1;11;U;;821;204;450;546;275;1;4;541;545
8;Barcelona;11;Baix Llobregat;08072;Corbera de Llobregat;1;2;A;;550;155;302;388;162;3;6;379;385
8;Barcelona;11;Baix Llobregat;08072;Corbera de Llobregat;1;2;B;;614;184;332;411;203;0;4;407;411
8;Barcelona;11;Baix Llobregat;08072;Corbera de Llobregat;1;2;C;;524;172;310;372;152;3;3;366;369
8;Barcelona;11;Baix Llobregat;08072;Corbera de Llobregat;1;3;A;;501;123;259;311;190;4;9;298;307
8;Barcelona;11;Baix Llobregat;08072;Corbera de Llobregat;1;3;B;;528;130;277;341;187;1;2;338;340
8;Barcelona;11;Baix Llobregat;08072;Corbera de Llobregat;1;4;U;;636;186;374;474;162;3;8;463;471
8;Barcelona;11;Baix Llobregat;08072;Corbera de Llobregat;1;5;U;;759;215;373;475;284;5;7;463;470
8;Barcelona;11;Baix Llobregat;08072;Corbera de Llobregat;1;6;U;;833;191;423;539;294;3;7;529;536
8;Barcelona;11;Baix Llobregat;08072;Corbera de Llobregat;1;7;U;;783;238;404;530;253;3;8;519;527
8;Barcelona;11;Baix Llobregat;08072;Corbera de Llobregat;1;8;U;;865;301;496;616;249;2;8;606;614
8;Barcelona;11;Baix Llobregat;08072;Corbera de Llobregat;1;9;U;;561;168;321;391;170;8;6;377;383
25;Lleida;33;Segrià;25078;Corbins;1;1;U;;1017;296;612;766;251;13;10;743;753
17;Girona;10;Baix Empordà;17057;Corçà;1;1;A;;504;195;334;380;124;0;5;375;380
17;Girona;10;Baix Empordà;17057;Corçà;1;1;B;;479;175;300;380;99;1;4;375;379
8;Barcelona;11;Baix Llobregat;08073;Cornellà de Llobregat;1;1;A;;794;199;452;577;217;3;16;558;574
8;Barcelona;11;Baix Llobregat;08073;Cornellà de Llobregat;1;1;B;;901;254;521;666;235;2;14;650;664
8;Barcelona;11;Baix Llobregat;08073;Cornellà de Llobregat;1;10;A;;460;133;265;342;118;6;3;333;336
8;Barcelona;11;Baix Llobregat;08073;Cornellà de Llobregat;1;10;B;;560;140;300;408;152;6;3;399;402
8;Barcelona;11;Baix Llobregat;08073;Cornellà de Llobregat;1;11;A;;407;116;214;274;133;2;2;270;272
8;Barcelona;11;Baix Llobregat;08073;Cornellà de Llobregat;1;11;B;;426;112;226;297;129;5;8;284;292
8;Barcelona;11;Baix Llobregat;08073;Cornellà de Llobregat;1;12;U;;714;160;352;470;244;5;1;464;465
8;Barcelona;11;Baix Llobregat;08073;Cornellà de Llobregat;1;13;A;;538;131;279;367;171;8;7;352;359
8;Barcelona;11;Baix Llobregat;08073;Cornellà de Llobregat;1;13;B;;549;147;284;363;186;4;2;357;359
8;Barcelona;11;Baix Llobregat;08073;Cornellà de Llobregat;1;14;U;;986;280;543;709;277;10;17;682;699
8;Barcelona;11;Baix Llobregat;08073;Cornellà de Llobregat;1;2;A;;653;182;386;501;152;0;14;487;501
8;Barcelona;11;Baix Llobregat;08073;Cornellà de Llobregat;1;2;B;;733;180;421;541;192;1;6;534;540
8;Barcelona;11;Baix Llobregat;08073;Cornellà de Llobregat;1;3;A;;483;138;244;315;168;8;2;305;307
8;Barcelona;11;Baix Llobregat;08073;Cornellà de Llobregat;1;3;B;;547;142;275;352;195;2;3;347;350
8;Barcelona;11;Baix Llobregat;08073;Cornellà de Llobregat;1;4;A;;708;166;383;500;208;3;8;489;497
8;Barcelona;11;Baix Llobregat;08073;Cornellà de Llobregat;1;4;B;;795;190;403;560;235;5;7;548;555
8;Barcelona;11;Baix Llobregat;08073;Cornellà de Llobregat;1;5;U;;897;223;434;591;306;2;7;582;589
8;Barcelona;11;Baix Llobregat;08073;Cornellà de Llobregat;1;6;U;;573;151;323;404;169;3;1;400;401
8;Barcelona;11;Baix Llobregat;08073;Cornellà de Llobregat;1;7;A;;642;163;372;465;177;5;4;456;460
8;Barcelona;11;Baix Llobregat;08073;Cornellà de Llobregat;1;7;B;;772;203;456;583;189;12;7;564;571
8;Barcelona;11;Baix Llobregat;08073;Cornellà de Llobregat;1;8;A;;661;177;350;450;211;4;6;440;446
8;Barcelona;11;Baix Llobregat;08073;Cornellà de Llobregat;1;8;B;;711;169;394;499;212;1;9;489;498
8;Barcelona;11;Baix Llobregat;08073;Cornellà de Llobregat;1;9;A;;361;112;231;274;87;1;8;265;273
8;Barcelona;11;Baix Llobregat;08073;Cornellà de Llobregat;1;9;B;;382;118;217;272;110;3;3;266;269
8;Barcelona;11;Baix Llobregat;08073;Cornellà de Llobregat;2;1;A;;696;152;356;472;224;3;10;459;469
8;Barcelona;11;Baix Llobregat;08073;Cornellà de Llobregat;2;1;B;;733;156;396;502;231;7;7;488;495
8;Barcelona;11;Baix Llobregat;08073;Cornellà de Llobregat;2;1;C;;752;196;378;498;254;4;12;482;494
8;Barcelona;11;Baix Llobregat;08073;Cornellà de Llobregat;2;2;A;;597;155;340;431;166;3;17;411;428
8;Barcelona;11;Baix Llobregat;08073;Cornellà de Llobregat;2;2;B;;565;123;305;399;166;2;6;391;397
8;Barcelona;11;Baix Llobregat;08073;Cornellà de Llobregat;2;2;C;;587;134;291;399;188;6;5;388;393
8;Barcelona;11;Baix Llobregat;08073;Cornellà de Llobregat;3;1;A;;389;133;225;280;109;5;7;268;275
8;Barcelona;11;Baix Llobregat;08073;Cornellà de Llobregat;3;1;B;;447;126;253;329;118;2;5;322;327
8;Barcelona;11;Baix Llobregat;08073;Cornellà de Llobregat;3;2;A;;367;96;190;225;142;0;3;222;225
8;Barcelona;11;Baix Llobregat;08073;Cornellà de Llobregat;3;2;B;;340;118;187;231;109;1;4;226;230
8;Barcelona;11;Baix Llobregat;08073;Cornellà de Llobregat;3;3;U;;662;165;331;435;227;5;9;421;430
8;Barcelona;11;Baix Llobregat;08073;Cornellà de Llobregat;3;4;A;;875;192;497;657;218;11;8;638;646
8;Barcelona;11;Baix Llobregat;08073;Cornellà de Llobregat;3;4;B;;962;177;525;722;240;7;12;703;715
8;Barcelona;11;Baix Llobregat;08073;Cornellà de Llobregat;3;4;C;;906;181;488;656;250;6;14;636;650
8;Barcelona;11;Baix Llobregat;08073;Cornellà de Llobregat;3;5;U;;1276;270;684;915;361;7;17;891;908
8;Barcelona;11;Baix Llobregat;08073;Cornellà de Llobregat;3;6;U;;707;226;418;519;188;12;4;503;507
8;Barcelona;11;Baix Llobregat;08073;Cornellà de Llobregat;3;7;A;;431;123;224;294;137;2;3;289;292
8;Barcelona;11;Baix Llobregat;08073;Cornellà de Llobregat;3;7;B;;531;179;289;359;172;4;6;349;355
8;Barcelona;11;Baix Llobregat;08073;Cornellà de Llobregat;3;8;U;;1060;236;536;708;352;12;15;681;696
8;Barcelona;11;Baix Llobregat;08073;Cornellà de Llobregat;3;9;A;;322;90;171;207;115;2;6;199;205
8;Barcelona;11;Baix Llobregat;08073;Cornellà de Llobregat;3;9;B;;385;113;201;238;147;2;2;234;236
8;Barcelona;11;Baix Llobregat;08073;Cornellà de Llobregat;4;1;A;;473;125;254;341;132;3;4;334;338
8;Barcelona;11;Baix Llobregat;08073;Cornellà de Llobregat;4;1;B;;545;156;307;392;153;2;2;388;390
8;Barcelona;11;Baix Llobregat;08073;Cornellà de Llobregat;4;10;A;;388;108;203;263;125;0;2;261;263
8;Barcelona;11;Baix Llobregat;08073;Cornellà de Llobregat;4;10;B;;412;108;220;294;118;7;0;287;287
8;Barcelona;11;Baix Llobregat;08073;Cornellà de Llobregat;4;11;A;;377;107;188;254;123;2;5;247;252
8;Barcelona;11;Baix Llobregat;08073;Cornellà de Llobregat;4;11;B;;386;115;222;275;111;5;5;265;270
8;Barcelona;11;Baix Llobregat;08073;Cornellà de Llobregat;4;12;A;;463;128;225;289;174;0;2;287;289
8;Barcelona;11;Baix Llobregat;08073;Cornellà de Llobregat;4;12;B;;521;146;270;345;176;2;9;334;343
8;Barcelona;11;Baix Llobregat;08073;Cornellà de Llobregat;4;13;A;;539;183;318;398;141;2;9;387;396
8;Barcelona;11;Baix Llobregat;08073;Cornellà de Llobregat;4;13;B;;583;194;320;397;186;5;9;383;392
8;Barcelona;11;Baix Llobregat;08073;Cornellà de Llobregat;4;14;A;;394;117;210;287;107;3;1;283;284
8;Barcelona;11;Baix Llobregat;08073;Cornellà de Llobregat;4;14;B;;462;125;245;337;125;4;4;329;333
8;Barcelona;11;Baix Llobregat;08073;Cornellà de Llobregat;4;15;A;;302;89;170;216;86;4;1;211;212
8;Barcelona;11;Baix Llobregat;08073;Cornellà de Llobregat;4;15;B;;395;112;201;265;130;2;2;261;263
8;Barcelona;11;Baix Llobregat;08073;Cornellà de Llobregat;4;16;A;;419;102;229;297;122;4;5;288;293
8;Barcelona;11;Baix Llobregat;08073;Cornellà de Llobregat;4;16;B;;498;122;270;359;139;2;6;351;357
8;Barcelona;11;Baix Llobregat;08073;Cornellà de Llobregat;4;17;A;;424;133;240;308;116;4;4;300;304
8;Barcelona;11;Baix Llobregat;08073;Cornellà de Llobregat;4;17;B;;488;136;268;328;160;2;6;320;326
8;Barcelona;11;Baix Llobregat;08073;Cornellà de Llobregat;4;18;U;;647;164;363;464;183;2;5;457;462
8;Barcelona;11;Baix Llobregat;08073;Cornellà de Llobregat;4;19;U;;626;160;305;396;230;3;11;382;393
8;Barcelona;11;Baix Llobregat;08073;Cornellà de Llobregat;4;2;U;;547;168;307;394;153;2;2;390;392
8;Barcelona;11;Baix Llobregat;08073;Cornellà de Llobregat;4;3;A;;532;124;289;370;162;4;1;365;366
8;Barcelona;11;Baix Llobregat;08073;Cornellà de Llobregat;4;3;B;;602;148;339;424;178;3;3;418;421
8;Barcelona;11;Baix Llobregat;08073;Cornellà de Llobregat;4;4;A;;341;93;184;240;101;1;7;232;239
8;Barcelona;11;Baix Llobregat;08073;Cornellà de Llobregat;4;4;B;;406;101;196;260;146;1;5;254;259
8;Barcelona;11;Baix Llobregat;08073;Cornellà de Llobregat;4;5;A;;295;91;171;209;86;2;1;206;207
8;Barcelona;11;Baix Llobregat;08073;Cornellà de Llobregat;4;5;B;;351;109;212;270;81;5;2;263;265
8;Barcelona;11;Baix Llobregat;08073;Cornellà de Llobregat;4;6;A;;445;135;252;308;137;2;5;301;306
8;Barcelona;11;Baix Llobregat;08073;Cornellà de Llobregat;4;6;B;;525;158;285;356;169;0;4;352;356
8;Barcelona;11;Baix Llobregat;08073;Cornellà de Llobregat;4;7;A;;370;93;180;245;125;3;2;240;242
8;Barcelona;11;Baix Llobregat;08073;Cornellà de Llobregat;4;7;B;;447;132;256;303;144;3;4;296;300
8;Barcelona;11;Baix Llobregat;08073;Cornellà de Llobregat;4;8;A;;516;130;258;345;171;1;8;336;344
8;Barcelona;11;Baix Llobregat;08073;Cornellà de Llobregat;4;8;B;;580;181;320;402;178;3;3;396;399
8;Barcelona;11;Baix Llobregat;08073;Cornellà de Llobregat;4;9;U;;638;187;399;443;195;2;10;431;441
8;Barcelona;11;Baix Llobregat;08073;Cornellà de Llobregat;5;1;U;;535;164;271;328;207;0;0;328;328
8;Barcelona;11;Baix Llobregat;08073;Cornellà de Llobregat;5;10;A;;393;90;188;244;149;1;2;241;243
8;Barcelona;11;Baix Llobregat;08073;Cornellà de Llobregat;5;10;B;;399;100;218;280;119;5;2;273;275
8;Barcelona;11;Baix Llobregat;08073;Cornellà de Llobregat;5;2;U;;534;139;254;316;218;3;5;308;313
8;Barcelona;11;Baix Llobregat;08073;Cornellà de Llobregat;5;3;A;;334;96;156;194;140;0;1;193;194
8;Barcelona;11;Baix Llobregat;08073;Cornellà de Llobregat;5;3;B;;355;95;156;200;155;0;2;198;200
8;Barcelona;11;Baix Llobregat;08073;Cornellà de Llobregat;5;4;U;;499;136;283;323;176;2;5;316;321
8;Barcelona;11;Baix Llobregat;08073;Cornellà de Llobregat;5;5;U;;608;169;315;369;239;0;3;366;369
8;Barcelona;11;Baix Llobregat;08073;Cornellà de Llobregat;5;6;A;;338;83;171;225;113;5;2;218;220
8;Barcelona;11;Baix Llobregat;08073;Cornellà de Llobregat;5;6;B;;383;95;195;252;131;5;4;243;247
8;Barcelona;11;Baix Llobregat;08073;Cornellà de Llobregat;5;7;A;;321;71;153;186;135;5;3;178;181
8;Barcelona;11;Baix Llobregat;08073;Cornellà de Llobregat;5;7;B;;387;107;183;227;160;5;1;221;222
8;Barcelona;11;Baix Llobregat;08073;Cornellà de Llobregat;5;8;A;;306;86;152;175;131;1;0;174;174
8;Barcelona;11;Baix Llobregat;08073;Cornellà de Llobregat;5;8;B;;342;86;156;203;139;1;1;201;202
8;Barcelona;11;Baix Llobregat;08073;Cornellà de Llobregat;5;9;U;;676;205;425;524;152;1;13;510;523
8;Barcelona;11;Baix Llobregat;08073;Cornellà de Llobregat;6;1;U;;423;91;174;223;200;1;5;217;222
8;Barcelona;11;Baix Llobregat;08073;Cornellà de Llobregat;6;10;U;;571;156;313;387;184;2;3;382;385
8;Barcelona;11;Baix Llobregat;08073;Cornellà de Llobregat;6;11;U;;375;94;166;205;170;7;2;196;198
8;Barcelona;11;Baix Llobregat;08073;Cornellà de Llobregat;6;12;U;;588;150;292;368;220;4;7;357;364
8;Barcelona;11;Baix Llobregat;08073;Cornellà de Llobregat;6;13;U;;470;118;244;301;169;2;1;298;299
8;Barcelona;11;Baix Llobregat;08073;Cornellà de Llobregat;6;14;U;;590;183;316;381;209;7;7;367;374
8;Barcelona;11;Baix Llobregat;08073;Cornellà de Llobregat;6;15;U;;867;15;476;643;224;9;5;629;634
8;Barcelona;11;Baix Llobregat;08073;Cornellà de Llobregat;6;16;U;;447;124;232;297;150;8;3;286;289
8;Barcelona;11;Baix Llobregat;08073;Cornellà de Llobregat;6;2;A;;329;110;182;215;114;0;0;215;215
8;Barcelona;11;Baix Llobregat;08073;Cornellà de Llobregat;6;2;B;;363;118;196;233;130;2;0;231;231
8;Barcelona;11;Baix Llobregat;08073;Cornellà de Llobregat;6;3;U;;389;126;193;223;166;1;8;214;222
8;Barcelona;11;Baix Llobregat;08073;Cornellà de Llobregat;6;4;U;;398;118;192;239;159;6;2;231;233
8;Barcelona;11;Baix Llobregat;08073;Cornellà de Llobregat;6;5;U;;521;205;263;306;215;6;4;296;300
8;Barcelona;11;Baix Llobregat;08073;Cornellà de Llobregat;6;6;U;;415;115;211;243;172;1;1;241;242
8;Barcelona;11;Baix Llobregat;08073;Cornellà de Llobregat;6;7;A;;316;104;190;225;91;2;10;213;223
8;Barcelona;11;Baix Llobregat;08073;Cornellà de Llobregat;6;7;B;;341;119;193;227;114;6;4;217;221
8;Barcelona;11;Baix Llobregat;08073;Cornellà de Llobregat;6;8;U;;417;112;206;245;172;6;2;237;239
8;Barcelona;11;Baix Llobregat;08073;Cornellà de Llobregat;6;9;A;;450;146;240;325;125;0;5;320;325
8;Barcelona;11;Baix Llobregat;08073;Cornellà de Llobregat;6;9;B;;546;171;300;394;152;3;2;389;391
8;Barcelona;11;Baix Llobregat;08073;Cornellà de Llobregat;6;9;C;;517;162;322;376;141;5;2;369;371
17;Girona;28;Pla de l'Estany;17056;Cornellà del Terri;1;1;A;;855;301;579;693;162;2;14;677;691
17;Girona;28;Pla de l'Estany;17056;Cornellà del Terri;1;1;B;;865;321;573;677;188;6;11;660;671
43;Tarragona;29;Priorat;43049;Cornudella de Montsant;1;1;U;;789;257;531;635;154;6;6;623;629
43;Tarragona;36;Tarragonès;43050;Creixell;1;1;A;;606;188;314;380;226;1;10;369;379
43;Tarragona;36;Tarragonès;43050;Creixell;1;1;B;;621;220;345;406;215;3;12;391;403
43;Tarragona;36;Tarragonès;43050;Creixell;1;2;A;;570;185;302;348;222;3;5;340;345
43;Tarragona;36;Tarragonès;43050;Creixell;1;2;B;;622;190;298;373;249;4;3;366;369
17;Girona;28;Pla de l'Estany;17058;Crespià;1;1;U;;171;41;105;122;49;1;0;121;121
17;Girona;10;Baix Empordà;17901;Cruïlles, Monells i Sant Sadurní;1;1;A;;522;167;348;400;122;2;12;386;398
17;Girona;10;Baix Empordà;17901;Cruïlles, Monells i Sant Sadurní;1;1;B;;217;56;122;162;55;2;2;158;160
17;Girona;10;Baix Empordà;17901;Cruïlles, Monells i Sant Sadurní;1;1;C;;231;89;147;187;44;0;7;180;187
8;Barcelona;17;Garraf;08074;Cubelles;1;1;U;;641;201;325;417;224;6;13;398;411
8;Barcelona;17;Garraf;08074;Cubelles;1;2;A;;615;174;342;425;190;5;14;406;420
8;Barcelona;17;Garraf;08074;Cubelles;1;2;B;;730;213;401;485;245;9;8;468;476
8;Barcelona;17;Garraf;08074;Cubelles;1;2;C;;573;169;315;376;197;2;3;371;374
8;Barcelona;17;Garraf;08074;Cubelles;1;3;A;;584;197;313;365;219;2;4;359;363
8;Barcelona;17;Garraf;08074;Cubelles;1;3;B;;655;215;372;430;225;6;7;417;424
8;Barcelona;17;Garraf;08074;Cubelles;1;3;C;;575;200;342;402;173;2;6;394;400
8;Barcelona;17;Garraf;08074;Cubelles;1;4;A;;626;197;339;416;210;5;7;404;411
8;Barcelona;17;Garraf;08074;Cubelles;1;4;B;;766;240;429;504;262;4;14;486;500
8;Barcelona;17;Garraf;08074;Cubelles;1;5;A;;790;239;409;524;266;2;10;512;522
8;Barcelona;17;Garraf;08074;Cubelles;1;5;B;;910;285;504;599;311;5;8;586;594
8;Barcelona;17;Garraf;08074;Cubelles;1;6;A;;745;220;389;468;277;6;7;455;462
8;Barcelona;17;Garraf;08074;Cubelles;1;6;B;;915;237;454;544;371;5;8;531;539
8;Barcelona;17;Garraf;08074;Cubelles;1;7;A;;561;169;259;297;264;1;9;287;296
8;Barcelona;17;Garraf;08074;Cubelles;1;7;B;;677;211;337;391;286;3;8;380;388
25;Lleida;23;Noguera;25079;Cubells;1;1;U;;307;91;190;245;62;1;3;241;244
43;Tarragona;12;Baix Penedès;43051;Cunit;1;1;A;;515;164;272;322;193;4;8;310;318
43;Tarragona;12;Baix Penedès;43051;Cunit;1;1;B;;654;192;346;421;233;1;3;417;420
43;Tarragona;12;Baix Penedès;43051;Cunit;1;1;C;;632;201;318;386;246;3;5;378;383
43;Tarragona;12;Baix Penedès;43051;Cunit;1;2;A;;556;185;297;352;204;2;9;341;350
43;Tarragona;12;Baix Penedès;43051;Cunit;1;2;B;;576;186;327;368;208;4;4;360;364
43;Tarragona;12;Baix Penedès;43051;Cunit;1;2;C;;592;212;333;402;190;9;2;391;393
43;Tarragona;12;Baix Penedès;43051;Cunit;1;3;A;;571;194;301;347;224;6;4;337;341
43;Tarragona;12;Baix Penedès;43051;Cunit;1;3;B;;561;185;270;323;238;5;3;315;318
43;Tarragona;12;Baix Penedès;43051;Cunit;1;3;C;;626;186;298;358;268;5;5;348;353
43;Tarragona;12;Baix Penedès;43051;Cunit;1;4;A;;477;136;220;269;208;3;2;264;266
43;Tarragona;12;Baix Penedès;43051;Cunit;1;4;B;;528;165;254;315;213;9;9;297;306
43;Tarragona;12;Baix Penedès;43051;Cunit;1;4;C;;514;185;274;321;193;1;4;316;320
43;Tarragona;12;Baix Penedès;43051;Cunit;1;5;A;;635;217;319;392;243;8;7;377;384
43;Tarragona;12;Baix Penedès;43051;Cunit;1;5;B;;637;209;325;401;236;7;5;389;394
43;Tarragona;12;Baix Penedès;43051;Cunit;1;5;C;;653;201;347;404;249;5;7;392;399
17;Girona;2;Alt Empordà;17060;Darnius;1;1;U;;393;141;217;285;108;2;1;282;283
17;Girona;15;Cerdanya;17061;Das;1;1;U;;173;49;101;143;30;1;4;138;142
43;Tarragona;9;Baix Ebre;43901;Deltebre;1;1;A;;863;198;375;461;402;18;13;430;443
43;Tarragona;9;Baix Ebre;43901;Deltebre;1;1;B;;705;167;291;377;328;19;9;349;358
43;Tarragona;9;Baix Ebre;43901;Deltebre;1;2;A;;678;142;290;379;299;7;7;365;372
43;Tarragona;9;Baix Ebre;43901;Deltebre;1;2;B;;559;123;243;320;239;9;10;301;311
43;Tarragona;9;Baix Ebre;43901;Deltebre;1;2;C;;559;130;230;307;252;13;7;287;294
43;Tarragona;9;Baix Ebre;43901;Deltebre;1;3;A;;569;155;281;359;210;5;16;338;354
43;Tarragona;9;Baix Ebre;43901;Deltebre;1;3;B;;463;117;229;283;180;2;11;270;281
43;Tarragona;9;Baix Ebre;43901;Deltebre;1;4;A;;883;213;402;532;351;13;22;497;519
43;Tarragona;9;Baix Ebre;43901;Deltebre;1;4;B;;613;157;275;349;264;5;8;336;344
43;Tarragona;9;Baix Ebre;43901;Deltebre;1;5;A;;665;159;311;401;264;3;22;376;398
43;Tarragona;9;Baix Ebre;43901;Deltebre;1;5;B;;624;140;261;342;282;9;20;313;333
43;Tarragona;9;Baix Ebre;43901;Deltebre;1;6;A;;921;262;485;562;359;11;30;521;551
43;Tarragona;9;Baix Ebre;43901;Deltebre;1;6;B;;743;195;365;431;312;8;19;404;423
8;Barcelona;21;Maresme;08075;Dosrius;1;1;A;;504;156;292;338;166;2;6;330;336
8;Barcelona;21;Maresme;08075;Dosrius;1;1;B;;605;207;363;427;178;3;9;415;424
8;Barcelona;21;Maresme;08075;Dosrius;1;1;C;;892;276;525;625;267;8;3;614;617
8;Barcelona;21;Maresme;08075;Dosrius;1;2;A;;890;242;456;538;352;4;8;526;534
8;Barcelona;21;Maresme;08075;Dosrius;1;2;B;;982;295;536;613;369;8;5;600;605
43;Tarragona;8;Baix Camp;43053;Duesaigües;1;1;U;;205;46;131;158;47;0;2;156;158
17;Girona;2;Alt Empordà;17062;Escala, l';1;1;U;;795;249;441;544;251;4;7;533;540
17;Girona;2;Alt Empordà;17062;Escala, l';1;2;A;;916;278;490;582;334;1;8;573;581
17;Girona;2;Alt Empordà;17062;Escala, l';1;2;B;;812;243;443;531;281;1;10;520;530
17;Girona;2;Alt Empordà;17062;Escala, l';1;3;A;;618;225;361;437;181;1;5;431;436
17;Girona;2;Alt Empordà;17062;Escala, l';1;3;B;;611;215;347;427;184;5;7;415;422
17;Girona;2;Alt Empordà;17062;Escala, l';1;4;U;;1077;402;618;739;338;2;8;729;737
17;Girona;2;Alt Empordà;17062;Escala, l';1;5;A;;597;191;299;361;236;1;2;358;360
17;Girona;2;Alt Empordà;17062;Escala, l';1;5;B;;572;165;282;353;219;1;4;348;352
8;Barcelona;11;Baix Llobregat;08076;Esparreguera;1;1;A;;621;171;326;404;217;1;11;392;403
8;Barcelona;11;Baix Llobregat;08076;Esparreguera;1;1;B;;701;181;337;414;287;6;5;403;408
8;Barcelona;11;Baix Llobregat;08076;Esparreguera;1;1;C;;569;154;289;365;204;6;7;352;359
8;Barcelona;11;Baix Llobregat;08076;Esparreguera;1;2;A;;718;196;366;473;245;1;11;461;472
8;Barcelona;11;Baix Llobregat;08076;Esparreguera;1;2;B;;818;250;465;601;217;7;3;591;594
8;Barcelona;11;Baix Llobregat;08076;Esparreguera;1;3;A;;581;171;329;421;160;2;6;413;419
8;Barcelona;11;Baix Llobregat;08076;Esparreguera;1;3;B;;763;258;464;569;194;3;10;556;566
8;Barcelona;11;Baix Llobregat;08076;Esparreguera;1;4;A;;818;216;446;568;250;2;9;557;566
8;Barcelona;11;Baix Llobregat;08076;Esparreguera;1;4;B;;963;269;526;673;290;4;11;658;669
8;Barcelona;11;Baix Llobregat;08076;Esparreguera;1;5;U;;670;203;362;436;234;3;3;430;433
8;Barcelona;11;Baix Llobregat;08076;Esparreguera;1;6;A;;639;167;353;477;162;5;7;465;472
8;Barcelona;11;Baix Llobregat;08076;Esparreguera;1;6;B;;692;188;380;517;175;7;15;495;510
8;Barcelona;11;Baix Llobregat;08076;Esparreguera;2;1;A;;803;225;396;511;292;10;4;497;501
8;Barcelona;11;Baix Llobregat;08076;Esparreguera;2;1;B;;906;236;436;555;351;7;8;540;548
8;Barcelona;11;Baix Llobregat;08076;Esparreguera;2;2;A;;588;172;314;393;195;3;7;383;390
8;Barcelona;11;Baix Llobregat;08076;Esparreguera;2;2;B;;671;177;359;440;231;3;8;429;437
8;Barcelona;11;Baix Llobregat;08076;Esparreguera;2;3;A;;711;193;394;508;203;9;5;494;499
8;Barcelona;11;Baix Llobregat;08076;Esparreguera;2;3;B;;842;252;507;621;221;6;9;606;615
8;Barcelona;11;Baix Llobregat;08076;Esparreguera;2;4;A;;711;184;354;471;240;1;8;462;470
8;Barcelona;11;Baix Llobregat;08076;Esparreguera;2;4;B;;788;188;389;512;276;3;9;500;509
8;Barcelona;11;Baix Llobregat;08076;Esparreguera;2;5;A;;706;161;307;385;321;6;6;373;379
8;Barcelona;11;Baix Llobregat;08076;Esparreguera;2;5;B;;712;181;323;402;310;6;8;388;396
17;Girona;24;Osona;17063;Espinelves;1;1;U;;164;77;120;139;25;0;3;136;139
25;Lleida;18;Garrigues;25081;Espluga Calba, l';1;1;U;;337;52;192;238;99;2;4;232;236
43;Tarragona;16;Conca de Barberà;43054;Espluga de Francolí, l';1;1;A;;606;147;308;439;167;6;7;426;433
43;Tarragona;16;Conca de Barberà;43054;Espluga de Francolí, l';1;1;B;;423;110;210;299;124;4;3;292;295
43;Tarragona;16;Conca de Barberà;43054;Espluga de Francolí, l';1;1;C;;654;141;348;490;164;8;5;477;482
43;Tarragona;16;Conca de Barberà;43054;Espluga de Francolí, l';2;1;A;;519;100;244;375;144;2;5;368;373
43;Tarragona;16;Conca de Barberà;43054;Espluga de Francolí, l';2;1;B;;625;129;314;442;183;4;4;434;438
8;Barcelona;11;Baix Llobregat;08077;Esplugues de Llobregat;1;1;A;;758;239;457;609;149;3;6;600;606
8;Barcelona;11;Baix Llobregat;08077;Esplugues de Llobregat;1;1;B;;782;230;472;607;175;3;6;598;604
8;Barcelona;11;Baix Llobregat;08077;Esplugues de Llobregat;1;2;A;;440;152;261;335;105;3;5;327;332
8;Barcelona;11;Baix Llobregat;08077;Esplugues de Llobregat;1;2;B;;510;161;297;388;122;0;5;383;388
8;Barcelona;11;Baix Llobregat;08077;Esplugues de Llobregat;1;3;A;;624;173;363;461;163;2;6;453;459
8;Barcelona;11;Baix Llobregat;08077;Esplugues de Llobregat;1;3;B;;672;202;407;501;171;3;6;492;498
8;Barcelona;11;Baix Llobregat;08077;Esplugues de Llobregat;1;4;A;;491;155;277;340;151;3;3;334;337
8;Barcelona;11;Baix Llobregat;08077;Esplugues de Llobregat;1;4;B;;529;140;286;363;166;5;6;352;358
8;Barcelona;11;Baix Llobregat;08077;Esplugues de Llobregat;1;5;A;;626;186;373;469;157;4;7;458;465
8;Barcelona;11;Baix Llobregat;08077;Esplugues de Llobregat;1;5;B;;684;228;403;511;173;7;13;491;504
8;Barcelona;11;Baix Llobregat;08077;Esplugues de Llobregat;10;1;A;;439;170;279;340;99;4;3;333;336
8;Barcelona;11;Baix Llobregat;08077;Esplugues de Llobregat;10;1;B;;559;200;340;412;147;5;4;403;407
8;Barcelona;11;Baix Llobregat;08077;Esplugues de Llobregat;10;1;C;;603;187;348;434;169;10;1;423;424
8;Barcelona;11;Baix Llobregat;08077;Esplugues de Llobregat;10;2;A;;487;144;270;357;130;7;2;348;350
8;Barcelona;11;Baix Llobregat;08077;Esplugues de Llobregat;10;2;B;;636;218;400;476;160;10;0;466;466
8;Barcelona;11;Baix Llobregat;08077;Esplugues de Llobregat;10;3;A;;509;160;305;362;147;5;6;351;357
8;Barcelona;11;Baix Llobregat;08077;Esplugues de Llobregat;10;3;B;;559;200;329;387;172;3;6;378;384
8;Barcelona;11;Baix Llobregat;08077;Esplugues de Llobregat;10;3;C;;567;188;321;403;164;10;2;391;393
8;Barcelona;11;Baix Llobregat;08077;Esplugues de Llobregat;10;4;A;;375;92;167;219;156;4;2;213;215
8;Barcelona;11;Baix Llobregat;08077;Esplugues de Llobregat;10;4;B;;472;149;239;284;188;3;2;279;281
8;Barcelona;11;Baix Llobregat;08077;Esplugues de Llobregat;10;5;A;;377;109;194;232;145;0;5;227;232
8;Barcelona;11;Baix Llobregat;08077;Esplugues de Llobregat;10;5;B;;424;107;209;258;166;0;9;249;258
8;Barcelona;11;Baix Llobregat;08077;Esplugues de Llobregat;10;6;A;;574;207;352;423;151;6;2;415;417
8;Barcelona;11;Baix Llobregat;08077;Esplugues de Llobregat;10;6;B;;628;181;339;441;187;2;5;434;439
8;Barcelona;11;Baix Llobregat;08077;Esplugues de Llobregat;10;7;A;;602;185;347;422;180;7;6;409;415
8;Barcelona;11;Baix Llobregat;08077;Esplugues de Llobregat;10;7;B;;631;192;369;458;173;5;4;449;453
8;Barcelona;11;Baix Llobregat;08077;Esplugues de Llobregat;10;8;A;;608;146;282;362;246;3;0;359;359
8;Barcelona;11;Baix Llobregat;08077;Esplugues de Llobregat;10;8;B;;739;160;326;430;309;5;7;418;425
8;Barcelona;11;Baix Llobregat;08077;Esplugues de Llobregat;2;1;A;;534;159;318;404;130;3;5;396;401
8;Barcelona;11;Baix Llobregat;08077;Esplugues de Llobregat;2;1;B;;576;161;333;425;151;2;5;418;423
8;Barcelona;11;Baix Llobregat;08077;Esplugues de Llobregat;2;2;A;;488;110;242;318;170;3;1;314;315
8;Barcelona;11;Baix Llobregat;08077;Esplugues de Llobregat;2;2;B;;575;145;287;389;186;4;2;383;385
8;Barcelona;11;Baix Llobregat;08077;Esplugues de Llobregat;2;3;A;;613;174;350;441;172;8;15;418;433
8;Barcelona;11;Baix Llobregat;08077;Esplugues de Llobregat;2;3;B;;714;183;370;497;217;12;7;478;485
8;Barcelona;11;Baix Llobregat;08077;Esplugues de Llobregat;2;4;A;;528;157;307;377;151;0;0;377;377
8;Barcelona;11;Baix Llobregat;08077;Esplugues de Llobregat;2;4;B;;589;171;311;407;182;8;4;395;399
8;Barcelona;11;Baix Llobregat;08077;Esplugues de Llobregat;2;5;A;;611;170;353;437;174;0;9;428;437
8;Barcelona;11;Baix Llobregat;08077;Esplugues de Llobregat;2;5;B;;635;198;367;449;186;2;5;442;447
8;Barcelona;11;Baix Llobregat;08077;Esplugues de Llobregat;2;6;A;;583;157;327;444;139;10;3;431;434
8;Barcelona;11;Baix Llobregat;08077;Esplugues de Llobregat;2;6;B;;658;149;350;481;177;2;10;469;479
8;Barcelona;11;Baix Llobregat;08077;Esplugues de Llobregat;3;1;A;;500;172;299;371;129;6;3;362;365
8;Barcelona;11;Baix Llobregat;08077;Esplugues de Llobregat;3;1;B;;608;196;347;433;175;3;7;423;430
8;Barcelona;11;Baix Llobregat;08077;Esplugues de Llobregat;3;2;A;;527;161;305;390;137;5;4;381;385
8;Barcelona;11;Baix Llobregat;08077;Esplugues de Llobregat;3;2;B;;585;177;338;409;176;1;7;401;408
8;Barcelona;11;Baix Llobregat;08077;Esplugues de Llobregat;3;2;C;;541;173;317;380;161;2;8;370;378
8;Barcelona;11;Baix Llobregat;08077;Esplugues de Llobregat;4;1;U;;557;152;331;440;117;1;4;435;439
8;Barcelona;11;Baix Llobregat;08077;Esplugues de Llobregat;5;1;U;;587;144;326;389;198;1;2;386;388
8;Barcelona;11;Baix Llobregat;08077;Esplugues de Llobregat;6;1;U;;609;159;308;395;214;0;3;392;395
8;Barcelona;11;Baix Llobregat;08077;Esplugues de Llobregat;7;1;U;;834;203;500;657;177;2;10;645;655
8;Barcelona;11;Baix Llobregat;08077;Esplugues de Llobregat;8;1;A;;655;184;389;472;183;4;1;467;468
8;Barcelona;11;Baix Llobregat;08077;Esplugues de Llobregat;8;1;B;;792;249;504;604;188;3;4;597;601
8;Barcelona;11;Baix Llobregat;08077;Esplugues de Llobregat;8;2;A;;729;225;418;521;208;6;5;510;515
8;Barcelona;11;Baix Llobregat;08077;Esplugues de Llobregat;8;2;B;;877;231;504;639;238;4;11;624;635
8;Barcelona;11;Baix Llobregat;08077;Esplugues de Llobregat;9;1;A;;558;154;331;419;139;4;4;411;415
8;Barcelona;11;Baix Llobregat;08077;Esplugues de Llobregat;9;1;B;;581;152;304;402;179;4;8;390;398
8;Barcelona;11;Baix Llobregat;08077;Esplugues de Llobregat;9;2;A;;703;183;405;538;165;4;5;529;534
8;Barcelona;11;Baix Llobregat;08077;Esplugues de Llobregat;9;2;B;;780;193;445;612;168;4;9;599;608
17;Girona;2;Alt Empordà;17064;Espolla;1;1;U;;335;123;238;283;52;0;7;276;283
17;Girona;28;Pla de l'Estany;17065;Esponellà;1;1;U;;321;122;225;263;58;5;1;257;258
25;Lleida;26;Pallars Sobirà;25082;Espot;1;1;U;;267;79;141;200;67;3;7;190;197
8;Barcelona;14;Berguedà;08078;Espunyola, l';1;1;U;;217;50;134;169;48;0;6;163;169
8;Barcelona;24;Osona;08254;Esquirol, l';1;1;A;;617;204;413;526;91;0;1;525;526
8;Barcelona;24;Osona;08254;Esquirol, l';1;1;B;;683;260;478;574;109;0;4;570;574
8;Barcelona;24;Osona;08254;Esquirol, l';1;1;C;;151;63;94;123;28;1;1;121;122
8;Barcelona;24;Osona;08254;Esquirol, l';1;1;D;;276;105;203;239;37;2;1;236;237
25;Lleida;4;Alt Urgell;25088;Estamariu;1;1;U;;104;22;65;77;27;1;0;76;76
8;Barcelona;;;08079;Estany, l';1;1;U;;345;125;260;301;44;3;5;293;298
25;Lleida;32;Segarra;25085;Estaràs;1;1;U;;152;52;101;123;29;1;0;122;122
25;Lleida;26;Pallars Sobirà;25086;Esterri d'Àneu;1;1;U;;559;192;337;449;110;3;3;443;446
25;Lleida;26;Pallars Sobirà;25087;Esterri de Cardós;1;1;U;;65;14;24;49;16;0;0;49;49
43;Tarragona;29;Priorat;43055;Falset;1;1;A;;367;106;224;283;84;0;3;280;283
43;Tarragona;29;Priorat;43055;Falset;1;1;B;;453;113;249;337;116;2;4;331;335
43;Tarragona;29;Priorat;43055;Falset;2;1;A;;418;124;252;334;84;4;2;328;330
43;Tarragona;29;Priorat;43055;Falset;2;1;B;;308;92;174;235;73;4;3;228;231
43;Tarragona;29;Priorat;43055;Falset;2;1;C;;426;115;235;328;98;2;4;322;326
17;Girona;2;Alt Empordà;17005;Far d'Empordà, el;1;1;U;;405;114;223;265;140;1;0;264;264
25;Lleida;26;Pallars Sobirà;25089;Farrera;1;1;U;;104;18;34;69;35;0;0;69;69
43;Tarragona;37;Terra Alta;43056;Fatarella, la;1;1;A;;522;103;244;348;174;4;12;332;344
43;Tarragona;37;Terra Alta;43056;Fatarella, la;1;1;B;;389;64;164;230;159;6;5;219;224
43;Tarragona;8;Baix Camp;43057;Febró, la;1;1;U;;45;10;20;35;10;0;1;34;35
8;Barcelona;41;Vallès Oriental;08134;Figaró-Montmany;1;1;U;;787;318;503;586;201;7;10;569;579
8;Barcelona;14;Berguedà;08080;Fígols;1;1;U;;38;22;26;33;5;0;0;33;33
25;Lleida;4;Alt Urgell;25908;Fígols i Alinyà;1;1;U;;237;81;137;178;59;2;3;173;176
43;Tarragona;29;Priorat;43058;Figuera, la;1;1;U;;95;16;43;70;25;1;1;68;69
17;Girona;2;Alt Empordà;17066;Figueres;1;1;U;;658;190;364;433;225;1;4;428;432
17;Girona;2;Alt Empordà;17066;Figueres;1;2;U;;827;275;495;580;247;3;9;568;577
17;Girona;2;Alt Empordà;17066;Figueres;1;3;A;;835;220;407;546;289;3;15;528;543
17;Girona;2;Alt Empordà;17066;Figueres;1;3;B;;750;248;472;478;272;3;6;469;475
17;Girona;2;Alt Empordà;17066;Figueres;1;4;U;;793;244;415;497;296;0;8;489;497
17;Girona;2;Alt Empordà;17066;Figueres;1;5;U;;857;136;247;295;562;0;4;291;295
17;Girona;2;Alt Empordà;17066;Figueres;1;6;A;;735;184;315;364;371;1;6;357;363
17;Girona;2;Alt Empordà;17066;Figueres;1;6;B;;636;178;306;353;283;4;8;341;349
17;Girona;2;Alt Empordà;17066;Figueres;1;7;U;;1008;284;494;586;422;6;7;573;580
17;Girona;2;Alt Empordà;17066;Figueres;1;8;U;;608;177;314;375;233;3;6;366;372
17;Girona;2;Alt Empordà;17066;Figueres;2;1;U;;467;153;248;291;176;1;6;284;290
17;Girona;2;Alt Empordà;17066;Figueres;2;2;U;;912;281;495;590;322;9;4;577;581
17;Girona;2;Alt Empordà;17066;Figueres;2;3;U;;767;255;458;533;234;5;4;524;528
17;Girona;2;Alt Empordà;17066;Figueres;2;4;A;;736;215;391;463;273;4;8;451;459
17;Girona;2;Alt Empordà;17066;Figueres;2;4;B;;711;242;390;450;261;1;1;448;449
17;Girona;2;Alt Empordà;17066;Figueres;2;5;U;;540;176;295;356;184;2;7;347;354
17;Girona;2;Alt Empordà;17066;Figueres;3;1;U;;572;193;298;379;193;2;4;373;377
17;Girona;2;Alt Empordà;17066;Figueres;3;2;A;;740;227;377;452;288;7;9;436;445
17;Girona;2;Alt Empordà;17066;Figueres;3;2;B;;388;128;217;263;125;2;4;257;261
17;Girona;2;Alt Empordà;17066;Figueres;3;3;A;;679;220;369;448;231;2;6;440;446
17;Girona;2;Alt Empordà;17066;Figueres;3;3;B;;762;215;399;485;277;4;13;468;481
17;Girona;2;Alt Empordà;17066;Figueres;3;4;U;;739;157;297;368;371;4;4;360;364
17;Girona;2;Alt Empordà;17066;Figueres;3;5;A;;690;250;410;482;208;5;1;476;477
17;Girona;2;Alt Empordà;17066;Figueres;3;5;B;;804;251;441;538;266;3;11;524;535
17;Girona;2;Alt Empordà;17066;Figueres;4;1;U;;892;263;488;593;299;4;8;581;589
17;Girona;2;Alt Empordà;17066;Figueres;4;2;A;;556;252;361;416;140;0;5;411;416
17;Girona;2;Alt Empordà;17066;Figueres;4;2;B;;634;254;382;444;190;1;3;440;443
17;Girona;2;Alt Empordà;17066;Figueres;4;3;A;;647;215;367;429;218;5;2;422;424
17;Girona;2;Alt Empordà;17066;Figueres;4;3;B;;663;223;371;433;230;4;6;423;429
17;Girona;2;Alt Empordà;17066;Figueres;4;4;A;;843;265;482;571;272;5;9;557;566
17;Girona;2;Alt Empordà;17066;Figueres;4;4;B;;884;283;492;582;302;11;6;565;571
17;Girona;2;Alt Empordà;17066;Figueres;4;5;A;;984;306;526;653;331;3;10;640;650
17;Girona;2;Alt Empordà;17066;Figueres;4;5;B;;953;299;529;658;295;3;8;647;655
17;Girona;2;Alt Empordà;17066;Figueres;4;7;U;;710;243;419;509;201;1;7;501;508
17;Girona;2;Alt Empordà;17066;Figueres;4;8;U;;722;290;400;459;263;1;11;447;458
43;Tarragona;1;Alt Camp;43059;Figuerola del Camp;1;1;U;;265;90;175;217;48;1;4;212;216
17;Girona;20;Gironès;17067;Flaçà;1;1;U;;740;302;486;564;176;3;7;554;561
43;Tarragona;30;Ribera d'Ebre;43060;Flix;1;1;A;;430;135;253;318;112;2;7;309;316
43;Tarragona;30;Ribera d'Ebre;43060;Flix;1;1;B;;486;129;263;347;139;2;5;340;345
43;Tarragona;30;Ribera d'Ebre;43060;Flix;1;2;A;;555;172;301;398;157;1;5;392;397
43;Tarragona;30;Ribera d'Ebre;43060;Flix;1;2;B;;601;173;337;430;171;5;3;422;425
43;Tarragona;30;Ribera d'Ebre;43060;Flix;2;1;A;;437;107;241;305;132;4;4;297;301
43;Tarragona;30;Ribera d'Ebre;43060;Flix;2;1;B;;520;134;284;335;185;4;1;330;331
25;Lleida;18;Garrigues;25092;Floresta, la;1;1;U;;136;41;83;112;24;1;2;109;111
8;Barcelona;34;Selva;08082;Fogars de la Selva;1;1;A;;523;163;297;342;181;6;5;331;336
8;Barcelona;34;Selva;08082;Fogars de la Selva;1;1;B;;612;175;322;380;232;6;3;371;374
8;Barcelona;41;Vallès Oriental;08081;Fogars de Montclús;1;1;U;;344;116;205;262;82;4;2;256;258
17;Girona;10;Baix Empordà;17068;Foixà;1;1;U;;251;92;165;202;49;2;2;198;200
8;Barcelona;24;Osona;08083;Folgueroles;1;1;A;;788;262;571;686;102;3;6;677;683
8;Barcelona;24;Osona;08083;Folgueroles;1;1;B;;849;310;623;756;93;1;5;750;755
25;Lleida;27;Pla d'Urgell;25093;Fondarella;1;1;U;;651;210;415;490;161;13;10;467;477
8;Barcelona;7;Bages;08084;Fonollosa;1;1;A;;284;83;194;243;41;0;1;242;243
8;Barcelona;7;Bages;08084;Fonollosa;1;1;B;;265;87;158;217;48;0;1;216;217
8;Barcelona;7;Bages;08084;Fonollosa;1;1;C;;592;151;305;386;206;8;11;367;378
17;Girona;15;Cerdanya;17069;Fontanals de Cerdanya;1;1;U;;392;126;227;299;93;4;2;293;295
17;Girona;10;Baix Empordà;17070;Fontanilles;1;1;U;;109;25;64;85;24;2;1;82;83
17;Girona;28;Pla de l'Estany;17071;Fontcoberta;1;1;A;;525;157;335;430;95;5;5;420;425
17;Girona;28;Pla de l'Estany;17071;Fontcoberta;1;1;B;;584;190;377;482;102;1;3;478;481
8;Barcelona;3;Alt Penedès;08085;Font-rubí;1;1;U;;1021;302;629;801;220;7;7;787;794
25;Lleida;23;Noguera;25094;Foradada;1;1;U;;160;49;84;120;40;1;2;117;119
17;Girona;10;Baix Empordà;17902;Forallac;1;1;U;;739;285;509;592;147;7;1;584;585
17;Girona;10;Baix Empordà;17902;Forallac;1;2;A;;241;94;163;190;51;2;3;185;188
17;Girona;10;Baix Empordà;17902;Forallac;1;2;B;;344;109;219;260;84;5;5;250;255
43;Tarragona;16;Conca de Barberà;43061;Forès;1;1;U;;50;12;21;34;16;0;1;33;34
17;Girona;20;Gironès;17073;Fornells de la Selva;1;1;A;;878;307;646;747;131;4;12;731;743
17;Girona;20;Gironès;17073;Fornells de la Selva;1;1;B;;899;310;624;765;134;3;8;754;762
17;Girona;2;Alt Empordà;17074;Fortià;1;1;U;;494;147;321;365;129;2;3;360;363
8;Barcelona;41;Vallès Oriental;08086;Franqueses del Vallès, les;1;1;A;;1021;282;622;736;285;8;10;718;728
8;Barcelona;41;Vallès Oriental;08086;Franqueses del Vallès, les;1;1;B;;972;273;590;724;248;6;11;707;718
8;Barcelona;41;Vallès Oriental;08086;Franqueses del Vallès, les;1;1;C;;1103;316;669;831;272;3;10;818;828
8;Barcelona;41;Vallès Oriental;08086;Franqueses del Vallès, les;1;1;D;;125;48;83;99;26;5;1;93;94
8;Barcelona;41;Vallès Oriental;08086;Franqueses del Vallès, les;1;2;A;;411;110;196;232;179;11;6;215;221
8;Barcelona;41;Vallès Oriental;08086;Franqueses del Vallès, les;1;2;B;;510;152;239;292;218;2;8;282;290
8;Barcelona;41;Vallès Oriental;08086;Franqueses del Vallès, les;1;2;C;;503;126;238;281;222;2;7;272;279
8;Barcelona;41;Vallès Oriental;08086;Franqueses del Vallès, les;1;3;A;;651;151;303;375;276;5;1;369;370
8;Barcelona;41;Vallès Oriental;08086;Franqueses del Vallès, les;1;3;B;;561;137;270;337;224;3;8;326;334
8;Barcelona;41;Vallès Oriental;08086;Franqueses del Vallès, les;1;3;C;;632;157;280;334;298;12;8;314;322
8;Barcelona;41;Vallès Oriental;08086;Franqueses del Vallès, les;1;4;A;;466;132;235;270;196;1;6;263;269
8;Barcelona;41;Vallès Oriental;08086;Franqueses del Vallès, les;1;4;B;;845;243;503;629;216;5;14;610;624
8;Barcelona;41;Vallès Oriental;08086;Franqueses del Vallès, les;1;4;C;;940;240;499;637;303;9;13;615;628
8;Barcelona;41;Vallès Oriental;08086;Franqueses del Vallès, les;1;4;D;;981;276;539;681;300;7;27;647;674
8;Barcelona;41;Vallès Oriental;08086;Franqueses del Vallès, les;1;5;A;;909;233;469;574;335;12;17;545;562
8;Barcelona;41;Vallès Oriental;08086;Franqueses del Vallès, les;1;5;B;;1155;268;607;750;405;22;8;720;728
8;Barcelona;41;Vallès Oriental;08086;Franqueses del Vallès, les;2;1;A;;1045;275;622;771;274;15;19;737;756
8;Barcelona;41;Vallès Oriental;08086;Franqueses del Vallès, les;2;1;B;;459;160;331;374;85;4;6;364;370
43;Tarragona;22;Montsià;43062;Freginals;1;1;U;;288;122;200;226;62;4;7;215;222
25;Lleida;38;Urgell;25096;Fuliola, la;1;1;U;;962;252;541;672;290;4;12;656;668
25;Lleida;18;Garrigues;25097;Fulleda;1;1;U;;99;42;65;75;24;0;2;73;75
8;Barcelona;7;Bages;08090;Gaià;1;1;U;;125;60;78;97;28;1;0;96;96
43;Tarragona;22;Montsià;43063;Galera, la;1;1;U;;578;145;286;366;212;10;17;339;356
8;Barcelona;40;Vallès Occidental;08087;Gallifa;1;1;U;;157;55;105;134;23;2;4;128;132
43;Tarragona;37;Terra Alta;43064;Gandesa;1;1;A;;596;175;319;427;169;7;12;408;420
43;Tarragona;37;Terra Alta;43064;Gandesa;1;1;B;;610;180;352;456;154;7;11;438;449
43;Tarragona;37;Terra Alta;43064;Gandesa;2;1;A;;393;117;231;305;88;7;2;296;298
43;Tarragona;37;Terra Alta;43064;Gandesa;2;1;B;;436;118;234;317;119;7;9;301;310
43;Tarragona;30;Ribera d'Ebre;43065;Garcia;1;1;U;;422;104;232;311;111;5;7;299;306
43;Tarragona;1;Alt Camp;43066;Garidells, els;1;1;U;;166;45;93;119;47;0;0;119;119
8;Barcelona;41;Vallès Oriental;08088;Garriga, la;1;1;A;;799;262;501;599;200;0;5;594;599
8;Barcelona;41;Vallès Oriental;08088;Garriga, la;1;1;B;;886;332;586;701;185;2;4;695;699
8;Barcelona;41;Vallès Oriental;08088;Garriga, la;1;2;A;;699;219;422;497;202;2;5;490;495
8;Barcelona;41;Vallès Oriental;08088;Garriga, la;1;2;B;;680;204;421;492;188;3;13;476;489
8;Barcelona;41;Vallès Oriental;08088;Garriga, la;1;3;A;;923;248;558;679;244;5;12;662;674
8;Barcelona;41;Vallès Oriental;08088;Garriga, la;1;3;B;;1010;300;597;726;284;8;17;701;718
8;Barcelona;41;Vallès Oriental;08088;Garriga, la;2;1;A;;711;292;515;569;142;3;4;562;566
8;Barcelona;41;Vallès Oriental;08088;Garriga, la;2;1;B;;574;203;383;472;102;3;2;467;469
8;Barcelona;41;Vallès Oriental;08088;Garriga, la;2;1;C;;653;233;437;529;124;4;3;522;525
8;Barcelona;41;Vallès Oriental;08088;Garriga, la;2;2;A;;905;302;575;706;199;7;6;693;699
8;Barcelona;41;Vallès Oriental;08088;Garriga, la;2;2;B;;991;306;580;717;274;8;5;704;709
8;Barcelona;41;Vallès Oriental;08088;Garriga, la;2;3;A;;642;215;411;514;128;8;7;499;506
8;Barcelona;41;Vallès Oriental;08088;Garriga, la;2;3;B;;640;194;391;479;161;3;5;471;476
8;Barcelona;41;Vallès Oriental;08088;Garriga, la;2;3;C;;604;184;377;480;124;5;8;467;475
8;Barcelona;41;Vallès Oriental;08088;Garriga, la;2;4;U;;606;191;370;487;119;2;14;471;485
17;Girona;2;Alt Empordà;17075;Garrigàs;1;1;U;;304;106;194;233;71;1;1;231;232
17;Girona;10;Baix Empordà;17076;Garrigoles;1;1;U;;120;47;78;96;24;0;4;92;96
17;Girona;2;Alt Empordà;17077;Garriguella;1;1;U;;559;174;357;417;142;4;0;413;413
8;Barcelona;11;Baix Llobregat;08089;Gavà;1;1;A;;616;190;345;434;182;4;5;425;430
8;Barcelona;11;Baix Llobregat;08089;Gavà;1;1;B;;716;202;422;528;188;4;9;515;524
8;Barcelona;11;Baix Llobregat;08089;Gavà;1;2;A;;554;164;314;393;161;7;9;377;386
8;Barcelona;11;Baix Llobregat;08089;Gavà;1;2;B;;662;223;411;497;165;9;7;481;488
8;Barcelona;11;Baix Llobregat;08089;Gavà;1;3;A;;472;176;277;329;143;0;4;325;329
8;Barcelona;11;Baix Llobregat;08089;Gavà;1;3;B;;493;189;308;358;135;2;2;354;356
8;Barcelona;11;Baix Llobregat;08089;Gavà;1;3;C;;448;165;269;313;135;4;6;303;309
8;Barcelona;11;Baix Llobregat;08089;Gavà;1;4;A;;744;252;418;518;226;6;8;504;512
8;Barcelona;11;Baix Llobregat;08089;Gavà;1;4;B;;870;269;507;632;238;3;10;619;629
8;Barcelona;11;Baix Llobregat;08089;Gavà;1;5;A;;451;139;235;294;157;4;3;287;290
8;Barcelona;11;Baix Llobregat;08089;Gavà;1;5;B;;491;155;263;322;169;7;5;310;315
8;Barcelona;11;Baix Llobregat;08089;Gavà;1;6;U;;465;143;223;268;197;5;3;260;263
8;Barcelona;11;Baix Llobregat;08089;Gavà;1;7;A;;684;173;347;423;261;4;5;414;419
8;Barcelona;11;Baix Llobregat;08089;Gavà;1;7;B;;769;188;408;509;260;0;16;493;509
8;Barcelona;11;Baix Llobregat;08089;Gavà;1;8;A;;700;203;429;521;179;2;8;511;519
8;Barcelona;11;Baix Llobregat;08089;Gavà;1;8;B;;854;224;497;630;224;2;15;613;628
8;Barcelona;11;Baix Llobregat;08089;Gavà;2;1;A;;512;153;298;356;156;2;4;350;354
8;Barcelona;11;Baix Llobregat;08089;Gavà;2;1;B;;600;189;358;447;153;2;5;440;445
8;Barcelona;11;Baix Llobregat;08089;Gavà;2;1;C;;522;183;313;392;130;1;10;381;391
8;Barcelona;11;Baix Llobregat;08089;Gavà;2;10;U;;580;184;283;339;241;4;4;331;335
8;Barcelona;11;Baix Llobregat;08089;Gavà;2;2;U;;875;221;435;595;280;8;12;575;587
8;Barcelona;11;Baix Llobregat;08089;Gavà;2;3;U;;754;207;433;537;217;5;7;525;532
8;Barcelona;11;Baix Llobregat;08089;Gavà;2;4;A;;613;208;334;412;201;3;3;406;409
8;Barcelona;11;Baix Llobregat;08089;Gavà;2;4;B;;746;230;387;474;272;8;13;453;466
8;Barcelona;11;Baix Llobregat;08089;Gavà;2;5;U;;805;172;349;466;339;3;12;451;463
8;Barcelona;11;Baix Llobregat;08089;Gavà;2;6;A;;600;169;302;381;219;3;6;372;378
8;Barcelona;11;Baix Llobregat;08089;Gavà;2;6;B;;769;219;392;483;286;4;9;470;479
8;Barcelona;11;Baix Llobregat;08089;Gavà;2;7;U;;720;239;392;479;241;5;13;461;474
8;Barcelona;11;Baix Llobregat;08089;Gavà;2;8;A;;583;161;310;395;188;10;4;381;385
8;Barcelona;11;Baix Llobregat;08089;Gavà;2;8;B;;714;190;392;498;216;2;19;477;496
8;Barcelona;11;Baix Llobregat;08089;Gavà;2;9;A;;616;160;314;418;198;6;7;405;412
8;Barcelona;11;Baix Llobregat;08089;Gavà;2;9;B;;714;177;373;481;233;4;8;469;477
8;Barcelona;11;Baix Llobregat;08089;Gavà;3;1;A;;446;113;240;301;145;4;6;291;297
8;Barcelona;11;Baix Llobregat;08089;Gavà;3;1;B;;528;147;288;355;173;2;12;341;353
8;Barcelona;11;Baix Llobregat;08089;Gavà;3;2;U;;868;302;520;615;253;2;15;598;613
8;Barcelona;11;Baix Llobregat;08089;Gavà;3;3;A;;503;122;251;343;160;7;8;328;336
8;Barcelona;11;Baix Llobregat;08089;Gavà;3;3;B;;600;167;300;388;212;9;7;372;379
8;Barcelona;11;Baix Llobregat;08089;Gavà;3;3;C;;507;137;290;361;146;1;5;355;360
8;Barcelona;11;Baix Llobregat;08089;Gavà;3;4;A;;542;148;262;322;220;4;4;314;318
8;Barcelona;11;Baix Llobregat;08089;Gavà;3;4;B;;622;187;319;373;249;3;3;367;370
8;Barcelona;11;Baix Llobregat;08089;Gavà;3;5;A;;784;165;310;386;398;5;5;376;381
8;Barcelona;11;Baix Llobregat;08089;Gavà;3;5;B;;736;197;341;429;307;4;6;419;425
8;Barcelona;11;Baix Llobregat;08089;Gavà;3;6;A;;423;116;224;284;139;0;3;281;284
8;Barcelona;11;Baix Llobregat;08089;Gavà;3;6;B;;493;140;270;336;157;6;4;326;330
8;Barcelona;11;Baix Llobregat;08089;Gavà;3;7;U;;741;192;431;562;179;9;10;543;553
8;Barcelona;11;Baix Llobregat;08089;Gavà;3;8;A;;607;164;337;430;177;3;8;419;427
8;Barcelona;11;Baix Llobregat;08089;Gavà;3;8;B;;760;215;434;563;197;6;13;544;557
8;Barcelona;11;Baix Llobregat;08089;Gavà;3;8;C;;579;170;323;420;159;2;3;415;418
8;Barcelona;11;Baix Llobregat;08089;Gavà;4;1;A;;503;148;266;352;151;1;0;351;351
8;Barcelona;11;Baix Llobregat;08089;Gavà;4;1;B;;671;185;358;451;220;4;6;441;447
8;Barcelona;11;Baix Llobregat;08089;Gavà;4;1;C;;541;171;278;382;159;2;9;371;380
8;Barcelona;11;Baix Llobregat;08089;Gavà;4;2;A;;608;162;296;366;242;1;9;356;365
8;Barcelona;11;Baix Llobregat;08089;Gavà;4;2;B;;656;180;339;404;252;4;7;393;400
25;Lleida;25;Pallars Jussà;25098;Gavet de la Conca;1;1;U;;255;70;140;188;67;1;2;185;187
8;Barcelona;3;Alt Penedès;08091;Gelida;1;1;A;;770;183;440;555;215;0;11;544;555
8;Barcelona;3;Alt Penedès;08091;Gelida;1;1;B;;861;199;494;612;249;4;9;599;608
8;Barcelona;3;Alt Penedès;08091;Gelida;1;2;A;;758;174;414;549;209;8;4;537;541
8;Barcelona;3;Alt Penedès;08091;Gelida;1;2;B;;879;228;471;606;273;9;7;590;597
8;Barcelona;3;Alt Penedès;08091;Gelida;2;1;A;;854;242;499;604;250;6;3;595;598
8;Barcelona;3;Alt Penedès;08091;Gelida;2;1;B;;987;287;577;726;261;9;4;713;717
17;Girona;15;Cerdanya;17078;Ger;1;1;U;;334;113;209;271;63;2;0;269;269
25;Lleida;33;Segrià;25912;Gimenells i el Pla de la Font;1;1;A;;613;163;353;415;198;4;8;403;411
25;Lleida;33;Segrià;25912;Gimenells i el Pla de la Font;1;1;B;;277;60;152;193;84;6;3;184;187
43;Tarragona;30;Ribera d'Ebre;43067;Ginestar;1;1;U;;602;132;322;468;134;5;13;450;463
17;Girona;20;Gironès;17079;Girona;1;1;U;;721;244;441;538;183;2;5;531;536
17;Girona;20;Gironès;17079;Girona;1;2;U;;656;227;399;465;191;11;3;451;454
17;Girona;20;Gironès;17079;Girona;1;3;U;;859;282;531;645;214;2;13;630;643
17;Girona;20;Gironès;17079;Girona;1;4;U;;772;238;417;507;265;6;6;495;501
17;Girona;20;Gironès;17079;Girona;1;5;U;;1016;173;311;381;635;2;6;373;379
17;Girona;20;Gironès;17079;Girona;1;6;A;;508;179;281;316;192;5;3;308;311
17;Girona;20;Gironès;17079;Girona;1;6;B;;488;168;279;310;178;3;7;300;307
17;Girona;20;Gironès;17079;Girona;2;1;U;;561;237;383;450;111;4;1;445;446
17;Girona;20;Gironès;17079;Girona;2;10;A;;531;185;348;425;106;4;5;416;421
17;Girona;20;Gironès;17079;Girona;2;10;B;;488;170;313;371;117;4;8;359;367
17;Girona;20;Gironès;17079;Girona;2;10;C;;558;188;373;452;106;2;2;448;450
17;Girona;20;Gironès;17079;Girona;2;11;A;;682;225;396;495;187;4;4;487;491
17;Girona;20;Gironès;17079;Girona;2;11;B;;704;228;427;497;207;3;7;487;494
17;Girona;20;Gironès;17079;Girona;2;12;A;;517;195;350;417;100;1;6;410;416
17;Girona;20;Gironès;17079;Girona;2;12;B;;494;192;329;395;99;4;2;389;391
17;Girona;20;Gironès;17079;Girona;2;13;U;;744;270;473;578;166;2;10;566;576
17;Girona;20;Gironès;17079;Girona;2;14;U;;622;205;349;411;211;6;9;396;405
17;Girona;20;Gironès;17079;Girona;2;15;A;;592;202;387;459;133;3;5;451;456
17;Girona;20;Gironès;17079;Girona;2;15;B;;576;206;369;432;144;1;5;426;431
17;Girona;20;Gironès;17079;Girona;2;15;C;;610;195;376;459;151;1;6;452;458
17;Girona;20;Gironès;17079;Girona;2;16;A;;506;160;309;410;96;1;5;404;409
17;Girona;20;Gironès;17079;Girona;2;16;B;;414;168;295;355;59;1;1;353;354
17;Girona;20;Gironès;17079;Girona;2;17;A;;474;186;333;392;82;2;3;387;390
17;Girona;20;Gironès;17079;Girona;2;17;B;;469;164;316;376;93;2;1;373;374
17;Girona;20;Gironès;17079;Girona;2;18;A;;492;208;342;395;97;0;5;390;395
17;Girona;20;Gironès;17079;Girona;2;18;B;;553;215;381;458;95;1;1;456;457
17;Girona;20;Gironès;17079;Girona;2;19;A;;538;187;351;436;102;3;6;427;433
17;Girona;20;Gironès;17079;Girona;2;19;B;;490;165;321;399;91;5;8;386;394
17;Girona;20;Gironès;17079;Girona;2;19;C;;564;211;381;457;107;2;9;446;455
17;Girona;20;Gironès;17079;Girona;2;2;U;;645;231;408;498;147;4;4;490;494
17;Girona;20;Gironès;17079;Girona;2;20;A;;422;180;320;343;79;1;3;339;342
17;Girona;20;Gironès;17079;Girona;2;20;B;;459;168;288;366;93;5;5;356;361
17;Girona;20;Gironès;17079;Girona;2;21;A;;505;192;343;394;111;2;4;388;392
17;Girona;20;Gironès;17079;Girona;2;21;B;;463;166;316;369;94;2;7;360;367
17;Girona;20;Gironès;17079;Girona;2;22;U;;785;231;438;539;246;10;11;518;529
17;Girona;20;Gironès;17079;Girona;2;3;A;;410;158;289;333;77;0;2;331;333
17;Girona;20;Gironès;17079;Girona;2;3;B;;498;168;325;403;95;1;0;402;402
17;Girona;20;Gironès;17079;Girona;2;4;A;;647;251;438;516;131;2;1;513;514
17;Girona;20;Gironès;17079;Girona;2;4;B;;563;196;367;447;116;3;1;443;444
17;Girona;20;Gironès;17079;Girona;2;5;U;;691;237;454;542;149;4;8;530;538
17;Girona;20;Gironès;17079;Girona;2;6;A;;725;270;490;550;175;6;2;542;544
17;Girona;20;Gironès;17079;Girona;2;6;B;;669;230;421;497;172;6;7;484;491
17;Girona;20;Gironès;17079;Girona;2;7;A;;658;248;444;542;116;0;9;533;542
17;Girona;20;Gironès;17079;Girona;2;7;B;;525;195;330;406;119;2;12;392;404
17;Girona;20;Gironès;17079;Girona;2;8;A;;485;167;327;412;73;2;4;406;410
17;Girona;20;Gironès;17079;Girona;2;8;B;;447;164;305;360;87;2;2;356;358
17;Girona;20;Gironès;17079;Girona;2;8;C;;546;182;370;439;107;0;1;438;439
17;Girona;20;Gironès;17079;Girona;2;9;A;;476;123;284;333;143;3;7;323;330
17;Girona;20;Gironès;17079;Girona;2;9;B;;499;182;287;368;131;4;4;360;364
17;Girona;20;Gironès;17079;Girona;3;1;U;;701;275;469;573;128;0;9;564;573
17;Girona;20;Gironès;17079;Girona;3;10;A;;565;173;318;375;190;6;7;362;369
17;Girona;20;Gironès;17079;Girona;3;10;B;;604;199;354;417;187;7;5;405;410
17;Girona;20;Gironès;17079;Girona;3;11;A;;576;193;341;396;180;1;7;388;395
17;Girona;20;Gironès;17079;Girona;3;11;B;;514;140;257;322;192;3;11;308;319
17;Girona;20;Gironès;17079;Girona;3;11;C;;552;186;320;368;184;4;3;361;364
17;Girona;20;Gironès;17079;Girona;3;12;A;;750;197;379;470;280;3;7;460;467
17;Girona;20;Gironès;17079;Girona;3;12;B;;712;223;395;463;249;4;10;449;459
17;Girona;20;Gironès;17079;Girona;3;13;A;;497;128;240;299;198;4;2;293;295
17;Girona;20;Gironès;17079;Girona;3;13;B;;446;133;229;285;161;7;2;276;278
17;Girona;20;Gironès;17079;Girona;3;14;A;;661;180;323;402;259;5;4;393;397
17;Girona;20;Gironès;17079;Girona;3;14;B;;592;187;360;380;212;1;5;374;379
17;Girona;20;Gironès;17079;Girona;3;15;A;;551;182;296;374;177;2;8;364;372
17;Girona;20;Gironès;17079;Girona;3;15;B;;571;164;313;393;178;4;6;383;389
17;Girona;20;Gironès;17079;Girona;3;16;A;;501;168;294;367;134;7;10;350;360
17;Girona;20;Gironès;17079;Girona;3;16;B;;561;205;339;409;152;1;3;405;408
17;Girona;20;Gironès;17079;Girona;3;17;A;;617;191;315;402;215;1;2;399;401
17;Girona;20;Gironès;17079;Girona;3;17;B;;553;160;286;364;189;8;4;352;356
17;Girona;20;Gironès;17079;Girona;3;18;A;;508;145;256;338;170;7;4;327;331
17;Girona;20;Gironès;17079;Girona;3;18;B;;472;141;263;322;150;2;3;317;320
17;Girona;20;Gironès;17079;Girona;3;2;U;;767;271;478;601;166;5;2;594;596
17;Girona;20;Gironès;17079;Girona;3;3;A;;656;226;400;494;162;3;8;483;491
17;Girona;20;Gironès;17079;Girona;3;3;B;;671;223;407;516;155;2;6;508;514
17;Girona;20;Gironès;17079;Girona;3;4;A;;604;232;439;516;88;5;3;508;511
17;Girona;20;Gironès;17079;Girona;3;4;B;;502;179;334;403;99;0;5;398;403
17;Girona;20;Gironès;17079;Girona;3;4;C;;630;230;431;506;124;1;4;501;505
17;Girona;20;Gironès;17079;Girona;3;5;A;;655;201;406;532;123;0;7;525;532
17;Girona;20;Gironès;17079;Girona;3;5;B;;494;176;313;389;105;1;5;383;388
17;Girona;20;Gironès;17079;Girona;3;5;C;;677;224;444;544;133;1;5;538;543
17;Girona;20;Gironès;17079;Girona;3;6;U;;666;235;425;499;167;4;5;490;495
17;Girona;20;Gironès;17079;Girona;3;7;A;;636;215;350;409;227;6;5;398;403
17;Girona;20;Gironès;17079;Girona;3;7;B;;633;218;345;417;216;2;1;414;415
17;Girona;20;Gironès;17079;Girona;3;8;A;;583;182;340;426;157;1;6;419;425
17;Girona;20;Gironès;17079;Girona;3;8;B;;576;166;304;396;180;5;10;381;391
17;Girona;20;Gironès;17079;Girona;3;8;C;;621;195;346;438;183;2;6;430;436
17;Girona;20;Gironès;17079;Girona;3;9;U;;768;203;378;441;327;14;4;423;427
17;Girona;20;Gironès;17079;Girona;4;1;U;;723;212;381;477;246;7;6;464;470
17;Girona;20;Gironès;17079;Girona;4;2;U;;623;207;324;390;233;2;2;386;388
17;Girona;20;Gironès;17079;Girona;5;1;A;;567;204;401;483;84;1;2;480;482
17;Girona;20;Gironès;17079;Girona;5;1;B;;574;235;417;490;84;5;3;482;485
17;Girona;20;Gironès;17079;Girona;5;2;U;;578;161;306;370;208;4;1;365;366
17;Girona;20;Gironès;17079;Girona;5;3;A;;616;170;305;373;243;5;5;363;368
17;Girona;20;Gironès;17079;Girona;5;3;B;;538;168;293;340;198;0;5;335;340
17;Girona;20;Gironès;17079;Girona;5;4;U;;648;286;433;489;159;1;7;481;488
17;Girona;20;Gironès;17079;Girona;5;5;U;;741;211;354;411;330;2;7;402;409
17;Girona;20;Gironès;17079;Girona;5;6;U;;877;275;566;689;188;3;2;684;686
17;Girona;20;Gironès;17079;Girona;6;1;A;;750;232;475;561;189;6;5;550;555
17;Girona;20;Gironès;17079;Girona;6;1;B;;684;207;421;501;183;7;7;487;494
17;Girona;20;Gironès;17079;Girona;6;2;A;;478;161;279;336;142;6;8;322;330
17;Girona;20;Gironès;17079;Girona;6;2;B;;650;208;362;449;201;3;8;438;446
17;Girona;20;Gironès;17079;Girona;6;2;C;;556;162;304;376;180;9;4;363;367
17;Girona;20;Gironès;17079;Girona;6;3;A;;686;217;379;464;222;3;4;457;461
17;Girona;20;Gironès;17079;Girona;6;3;B;;729;220;409;492;237;5;8;479;487
17;Girona;20;Gironès;17079;Girona;6;4;A;;609;184;351;445;164;8;0;437;437
17;Girona;20;Gironès;17079;Girona;6;4;B;;557;176;317;384;173;0;6;378;384
17;Girona;20;Gironès;17079;Girona;6;5;U;;568;170;281;329;239;2;5;322;327
8;Barcelona;14;Berguedà;08092;Gironella;1;1;A;;597;170;376;449;148;4;3;442;445
8;Barcelona;14;Berguedà;08092;Gironella;1;1;B;;739;224;463;559;180;4;8;547;555
8;Barcelona;14;Berguedà;08092;Gironella;2;1;U;;359;106;199;243;116;4;3;236;239
8;Barcelona;14;Berguedà;08092;Gironella;2;2;A;;507;165;327;469;38;6;4;459;463
8;Barcelona;14;Berguedà;08092;Gironella;2;2;B;;607;170;359;448;159;3;7;438;445
8;Barcelona;14;Berguedà;08092;Gironella;2;3;A;;506;142;311;366;140;6;4;356;360
8;Barcelona;14;Berguedà;08092;Gironella;2;3;B;;587;180;362;436;151;4;4;428;432
8;Barcelona;14;Berguedà;08093;Gisclareny;1;1;U;;30;12;18;25;5;0;0;25;25
43;Tarragona;22;Montsià;43068;Godall;1;1;U;;567;130;289;360;207;21;11;328;339
25;Lleida;27;Pla d'Urgell;25099;Golmés;1;1;A;;600;142;345;414;186;1;8;405;413
25;Lleida;27;Pla d'Urgell;25099;Golmés;1;1;B;;615;151;370;448;167;5;11;432;443
17;Girona;31;Ripollès;17080;Gombrèn;1;1;U;;154;39;98;117;37;0;1;116;117
25;Lleida;14;Berguedà;25100;Gósol;1;1;U;;201;64;124;158;43;2;4;152;156
8;Barcelona;3;Alt Penedès;08094;Granada, la;1;1;A;;702;164;416;556;146;3;4;549;553
8;Barcelona;3;Alt Penedès;08094;Granada, la;1;1;B;;815;217;483;636;179;3;5;628;633
25;Lleida;18;Garrigues;25101;Granadella, la;1;1;U;;580;146;308;430;150;4;7;419;426
8;Barcelona;;;08095;Granera;1;1;U;;70;28;48;61;9;0;0;61;61
25;Lleida;33;Segrià;25102;Granja d'Escarp, la;1;1;U;;723;182;397;472;251;13;13;446;459
8;Barcelona;41;Vallès Oriental;08096;Granollers;1;1;U;;495;196;338;398;97;1;4;393;397
8;Barcelona;41;Vallès Oriental;08096;Granollers;1;10;A;;504;5;265;322;182;0;4;318;322
8;Barcelona;41;Vallès Oriental;08096;Granollers;1;10;B;;627;200;350;420;207;1;4;415;419
8;Barcelona;41;Vallès Oriental;08096;Granollers;1;11;A;;566;182;315;376;190;2;5;369;374
8;Barcelona;41;Vallès Oriental;08096;Granollers;1;11;B;;583;182;328;381;202;3;8;370;378
8;Barcelona;41;Vallès Oriental;08096;Granollers;1;2;A;;456;193;322;360;96;2;4;354;358
8;Barcelona;41;Vallès Oriental;08096;Granollers;1;2;B;;559;217;367;435;124;1;7;427;434
8;Barcelona;41;Vallès Oriental;08096;Granollers;1;3;A;;586;204;372;438;148;3;2;433;435
8;Barcelona;41;Vallès Oriental;08096;Granollers;1;3;B;;750;262;459;537;213;4;5;528;533
8;Barcelona;41;Vallès Oriental;08096;Granollers;1;4;U;;497;195;282;350;147;3;4;343;347
8;Barcelona;41;Vallès Oriental;08096;Granollers;1;5;A;;412;144;244;312;100;1;5;306;311
8;Barcelona;41;Vallès Oriental;08096;Granollers;1;5;B;;479;175;296;368;111;7;6;355;361
8;Barcelona;41;Vallès Oriental;08096;Granollers;1;5;C;;488;177;315;392;96;3;4;385;389
8;Barcelona;41;Vallès Oriental;08096;Granollers;1;6;U;;784;242;398;467;317;9;8;450;458
8;Barcelona;41;Vallès Oriental;08096;Granollers;1;7;A;;529;200;339;420;109;6;3;411;414
8;Barcelona;41;Vallès Oriental;08096;Granollers;1;7;B;;670;258;453;528;142;2;1;525;526
8;Barcelona;41;Vallès Oriental;08096;Granollers;1;8;U;;491;160;237;295;196;3;12;280;292
8;Barcelona;41;Vallès Oriental;08096;Granollers;1;9;U;;823;225;407;506;317;8;6;492;498
8;Barcelona;41;Vallès Oriental;08096;Granollers;2;1;A;;623;230;403;485;138;2;3;480;483
8;Barcelona;41;Vallès Oriental;08096;Granollers;2;1;B;;697;276;434;514;183;2;9;503;512
8;Barcelona;41;Vallès Oriental;08096;Granollers;2;2;U;;421;170;260;329;92;1;3;325;328
8;Barcelona;41;Vallès Oriental;08096;Granollers;2;3;U;;515;179;325;405;110;2;3;400;403
8;Barcelona;41;Vallès Oriental;08096;Granollers;2;4;A;;535;164;296;364;171;1;6;357;363
8;Barcelona;41;Vallès Oriental;08096;Granollers;2;4;B;;653;195;375;455;198;4;2;449;451
8;Barcelona;41;Vallès Oriental;08096;Granollers;2;4;C;;610;213;364;425;185;4;1;420;421
8;Barcelona;41;Vallès Oriental;08096;Granollers;2;5;A;;474;159;275;330;144;2;6;322;328
8;Barcelona;41;Vallès Oriental;08096;Granollers;2;5;B;;601;191;345;416;185;1;5;410;415
8;Barcelona;41;Vallès Oriental;08096;Granollers;2;6;A;;500;219;317;374;126;0;11;363;374
8;Barcelona;41;Vallès Oriental;08096;Granollers;2;6;B;;647;163;403;466;181;4;9;453;462
8;Barcelona;41;Vallès Oriental;08096;Granollers;2;7;A;;457;157;269;314;143;7;1;306;307
8;Barcelona;41;Vallès Oriental;08096;Granollers;2;7;B;;520;129;269;333;187;2;10;321;331
8;Barcelona;41;Vallès Oriental;08096;Granollers;3;1;A;;478;187;308;371;107;0;6;365;371
8;Barcelona;41;Vallès Oriental;08096;Granollers;3;1;B;;459;182;313;367;92;2;5;360;365
8;Barcelona;41;Vallès Oriental;08096;Granollers;3;1;C;;520;223;349;412;108;1;3;408;411
8;Barcelona;41;Vallès Oriental;08096;Granollers;3;2;A;;591;178;319;419;172;3;8;408;416
8;Barcelona;41;Vallès Oriental;08096;Granollers;3;2;B;;771;222;419;518;253;4;7;507;514
8;Barcelona;41;Vallès Oriental;08096;Granollers;3;3;A;;473;162;251;304;169;3;4;297;301
8;Barcelona;41;Vallès Oriental;08096;Granollers;3;3;B;;506;186;288;359;147;5;2;352;354
8;Barcelona;41;Vallès Oriental;08096;Granollers;3;4;A;;654;206;430;506;148;6;9;491;500
8;Barcelona;41;Vallès Oriental;08096;Granollers;3;4;B;;782;232;480;572;210;3;11;558;569
8;Barcelona;41;Vallès Oriental;08096;Granollers;3;5;A;;628;196;348;434;194;4;9;421;430
8;Barcelona;41;Vallès Oriental;08096;Granollers;3;5;B;;680;205;384;478;202;7;10;461;471
8;Barcelona;41;Vallès Oriental;08096;Granollers;3;6;A;;583;185;347;423;160;2;6;415;421
8;Barcelona;41;Vallès Oriental;08096;Granollers;3;6;B;;677;180;366;454;223;9;6;439;445
8;Barcelona;41;Vallès Oriental;08096;Granollers;3;6;C;;667;191;396;476;191;4;10;462;472
8;Barcelona;41;Vallès Oriental;08096;Granollers;3;7;U;;687;265;422;462;225;4;2;456;458
8;Barcelona;41;Vallès Oriental;08096;Granollers;3;8;A;;420;100;189;239;181;3;1;235;236
8;Barcelona;41;Vallès Oriental;08096;Granollers;3;8;B;;491;109;221;272;219;2;6;264;270
8;Barcelona;41;Vallès Oriental;08096;Granollers;3;9;U;;765;233;483;572;193;1;8;563;571
8;Barcelona;41;Vallès Oriental;08096;Granollers;4;1;A;;576;196;361;448;128;0;7;441;448
8;Barcelona;41;Vallès Oriental;08096;Granollers;4;1;B;;528;173;339;411;117;1;3;407;410
8;Barcelona;41;Vallès Oriental;08096;Granollers;4;1;C;;534;177;336;405;129;4;4;397;401
8;Barcelona;41;Vallès Oriental;08096;Granollers;4;10;A;;504;156;319;408;96;5;5;398;403
8;Barcelona;41;Vallès Oriental;08096;Granollers;4;10;B;;690;205;437;543;147;7;11;525;536
8;Barcelona;41;Vallès Oriental;08096;Granollers;4;10;C;;570;164;349;440;130;3;7;430;437
8;Barcelona;41;Vallès Oriental;08096;Granollers;4;11;A;;555;173;357;439;116;2;4;433;437
8;Barcelona;41;Vallès Oriental;08096;Granollers;4;11;B;;687;235;442;531;156;6;3;522;525
8;Barcelona;41;Vallès Oriental;08096;Granollers;4;12;U;;437;181;300;336;101;2;0;334;334
8;Barcelona;41;Vallès Oriental;08096;Granollers;4;2;A;;501;155;308;349;152;3;1;345;346
8;Barcelona;41;Vallès Oriental;08096;Granollers;4;2;B;;562;201;333;409;153;1;6;402;408
8;Barcelona;41;Vallès Oriental;08096;Granollers;4;2;C;;469;136;255;329;140;3;5;321;326
8;Barcelona;41;Vallès Oriental;08096;Granollers;4;3;U;;631;191;336;401;230;0;2;399;401
8;Barcelona;41;Vallès Oriental;08096;Granollers;4;4;U;;644;192;348;414;230;3;4;407;411
8;Barcelona;41;Vallès Oriental;08096;Granollers;4;5;U;;435;139;238;289;146;2;3;284;287
8;Barcelona;41;Vallès Oriental;08096;Granollers;4;6;U;;760;242;440;522;238;9;5;508;513
8;Barcelona;41;Vallès Oriental;08096;Granollers;4;7;A;;525;154;286;376;149;2;7;367;374
8;Barcelona;41;Vallès Oriental;08096;Granollers;4;7;B;;685;195;408;509;176;4;5;500;505
8;Barcelona;41;Vallès Oriental;08096;Granollers;4;7;C;;563;174;337;430;133;9;7;414;421
8;Barcelona;41;Vallès Oriental;08096;Granollers;4;8;U;;842;279;505;591;251;6;13;572;585
8;Barcelona;41;Vallès Oriental;08096;Granollers;4;9;U;;816;295;467;545;271;4;3;538;541
25;Lleida;32;Segarra;25103;Granyanella;1;1;U;;125;31;60;88;37;0;1;87;88
25;Lleida;18;Garrigues;25105;Granyena de les Garrigues;1;1;U;;141;46;85;111;30;1;4;106;110
25;Lleida;32;Segarra;25104;Granyena de Segarra;1;1;U;;126;30;69;90;36;1;5;84;89
43;Tarragona;29;Priorat;43069;Gratallops;1;1;U;;185;66;114;160;25;1;3;156;159
8;Barcelona;41;Vallès Oriental;08097;Gualba;1;1;A;;460;139;285;348;112;1;6;341;347
8;Barcelona;41;Vallès Oriental;08097;Gualba;1;1;B;;548;157;347;402;146;2;4;396;400
17;Girona;10;Baix Empordà;17081;Gualta;1;1;U;;240;90;166;194;46;2;2;190;192
8;Barcelona;14;Berguedà;08099;Guardiola de Berguedà;1;1;U;;797;263;464;577;220;5;10;562;572
43;Tarragona;29;Priorat;43070;Guiamets, els;1;1;U;;254;80;159;209;45;1;1;207;208
17;Girona;15;Cerdanya;17082;Guils de Cerdanya;1;1;U;;436;108;240;328;108;3;7;318;325
25;Lleida;38;Urgell;25109;Guimerà;1;1;U;;265;51;155;212;53;0;2;210;212
25;Lleida;26;Pallars Sobirà;25903;Guingueta d'Àneu, la;1;1;U;;246;72;109;180;66;0;1;179;180
25;Lleida;32;Segarra;25110;Guissona;1;1;U;;677;188;417;511;166;2;15;494;509
25;Lleida;32;Segarra;25110;Guissona;1;2;A;;562;140;292;390;172;5;0;385;385
25;Lleida;32;Segarra;25110;Guissona;1;2;B;;616;132;337;454;162;0;8;446;454
25;Lleida;32;Segarra;25110;Guissona;1;3;U;;821;192;443;589;232;3;21;565;586
25;Lleida;35;Solsonès;25111;Guixers;1;1;U;;115;46;69;90;25;0;1;89;90
8;Barcelona;24;Osona;08100;Gurb;1;1;A;;736;205;469;630;106;0;11;619;630
8;Barcelona;24;Osona;08100;Gurb;1;1;B;;627;188;410;537;90;2;11;524;535
8;Barcelona;24;Osona;08100;Gurb;1;1;C;;589;181;377;522;67;2;9;511;520
43;Tarragona;37;Terra Alta;43071;Horta de Sant Joan;1;1;U;;956;263;570;727;229;23;16;688;704
8;Barcelona;13;Barcelonès;08101;Hospitalet de Llobregat, l';1;1;A;;590;172;306;430;160;2;5;423;428
8;Barcelona;13;Barcelonès;08101;Hospitalet de Llobregat, l';1;1;B;;698;180;375;505;193;7;6;492;498
8;Barcelona;13;Barcelonès;08101;Hospitalet de Llobregat, l';1;10;U;;900;289;554;668;232;4;8;656;664
8;Barcelona;13;Barcelonès;08101;Hospitalet de Llobregat, l';1;11;U;;641;236;389;473;168;3;13;457;470
8;Barcelona;13;Barcelonès;08101;Hospitalet de Llobregat, l';1;12;A;;586;182;341;438;148;1;12;425;437
8;Barcelona;13;Barcelonès;08101;Hospitalet de Llobregat, l';1;12;B;;581;178;382;429;152;2;11;416;427
8;Barcelona;13;Barcelonès;08101;Hospitalet de Llobregat, l';1;13;A;;545;164;307;401;144;11;5;385;390
8;Barcelona;13;Barcelonès;08101;Hospitalet de Llobregat, l';1;13;B;;699;196;390;520;179;8;9;503;512
8;Barcelona;13;Barcelonès;08101;Hospitalet de Llobregat, l';1;14;A;;525;168;287;348;177;7;4;337;341
8;Barcelona;13;Barcelonès;08101;Hospitalet de Llobregat, l';1;14;B;;597;175;336;416;181;5;3;408;411
8;Barcelona;13;Barcelonès;08101;Hospitalet de Llobregat, l';1;15;U;;919;281;513;616;303;1;13;602;615
8;Barcelona;13;Barcelonès;08101;Hospitalet de Llobregat, l';1;16;A;;497;188;313;368;129;3;6;359;365
8;Barcelona;13;Barcelonès;08101;Hospitalet de Llobregat, l';1;16;B;;579;216;369;424;155;9;6;409;415
8;Barcelona;13;Barcelonès;08101;Hospitalet de Llobregat, l';1;17;A;;662;188;365;465;197;2;10;453;463
8;Barcelona;13;Barcelonès;08101;Hospitalet de Llobregat, l';1;17;B;;780;258;448;546;234;4;7;535;542
8;Barcelona;13;Barcelonès;08101;Hospitalet de Llobregat, l';1;18;A;;623;186;356;429;194;7;4;418;422
8;Barcelona;13;Barcelonès;08101;Hospitalet de Llobregat, l';1;18;B;;617;205;356;450;167;11;7;432;439
8;Barcelona;13;Barcelonès;08101;Hospitalet de Llobregat, l';1;19;A;;476;136;262;328;148;6;6;316;322
8;Barcelona;13;Barcelonès;08101;Hospitalet de Llobregat, l';1;19;B;;546;160;307;376;170;3;7;366;373
8;Barcelona;13;Barcelonès;08101;Hospitalet de Llobregat, l';1;2;A;;551;166;307;399;152;5;6;388;394
8;Barcelona;13;Barcelonès;08101;Hospitalet de Llobregat, l';1;2;B;;623;193;347;437;186;4;7;426;433
8;Barcelona;13;Barcelonès;08101;Hospitalet de Llobregat, l';1;20;A;;577;178;321;431;146;2;8;421;429
8;Barcelona;13;Barcelonès;08101;Hospitalet de Llobregat, l';1;20;B;;697;222;376;514;183;4;10;500;510
8;Barcelona;13;Barcelonès;08101;Hospitalet de Llobregat, l';1;21;U;;580;175;297;353;227;3;4;346;350
8;Barcelona;13;Barcelonès;08101;Hospitalet de Llobregat, l';1;22;U;;565;204;323;383;182;3;5;375;380
8;Barcelona;13;Barcelonès;08101;Hospitalet de Llobregat, l';1;23;U;;956;269;567;688;268;7;3;678;681
8;Barcelona;13;Barcelonès;08101;Hospitalet de Llobregat, l';1;24;U;;582;215;359;449;133;2;7;440;447
8;Barcelona;13;Barcelonès;08101;Hospitalet de Llobregat, l';1;25;A;;508;152;282;335;173;7;2;326;328
8;Barcelona;13;Barcelonès;08101;Hospitalet de Llobregat, l';1;25;B;;575;182;319;400;175;4;6;390;396
8;Barcelona;13;Barcelonès;08101;Hospitalet de Llobregat, l';1;26;U;;742;264;440;543;199;9;14;520;534
8;Barcelona;13;Barcelonès;08101;Hospitalet de Llobregat, l';1;27;U;;584;187;312;391;193;3;6;382;388
8;Barcelona;13;Barcelonès;08101;Hospitalet de Llobregat, l';1;28;U;;748;246;435;514;234;6;5;503;508
8;Barcelona;13;Barcelonès;08101;Hospitalet de Llobregat, l';1;29;U;;803;221;407;500;303;5;7;488;495
8;Barcelona;13;Barcelonès;08101;Hospitalet de Llobregat, l';1;3;U;;561;149;325;406;155;4;6;396;402
8;Barcelona;13;Barcelonès;08101;Hospitalet de Llobregat, l';1;30;U;;780;254;458;545;235;3;7;535;542
8;Barcelona;13;Barcelonès;08101;Hospitalet de Llobregat, l';1;31;A;;444;144;257;304;140;2;8;294;302
8;Barcelona;13;Barcelonès;08101;Hospitalet de Llobregat, l';1;31;B;;567;189;322;380;187;1;3;376;379
8;Barcelona;13;Barcelonès;08101;Hospitalet de Llobregat, l';1;32;A;;727;186;390;465;262;4;4;457;461
8;Barcelona;13;Barcelonès;08101;Hospitalet de Llobregat, l';1;32;B;;838;206;438;546;292;13;5;528;533
8;Barcelona;13;Barcelonès;08101;Hospitalet de Llobregat, l';1;33;U;;642;218;405;483;159;2;7;474;481
8;Barcelona;13;Barcelonès;08101;Hospitalet de Llobregat, l';1;34;U;;975;270;525;676;299;6;12;658;670
8;Barcelona;13;Barcelonès;08101;Hospitalet de Llobregat, l';1;35;A;;512;184;294;383;129;2;4;377;381
8;Barcelona;13;Barcelonès;08101;Hospitalet de Llobregat, l';1;35;B;;596;156;325;410;186;3;6;401;407
8;Barcelona;13;Barcelonès;08101;Hospitalet de Llobregat, l';1;36;U;;894;260;514;650;244;5;14;631;645
8;Barcelona;13;Barcelonès;08101;Hospitalet de Llobregat, l';1;37;A;;446;183;256;325;121;2;6;317;323
8;Barcelona;13;Barcelonès;08101;Hospitalet de Llobregat, l';1;37;B;;584;135;353;435;149;2;8;425;433
8;Barcelona;13;Barcelonès;08101;Hospitalet de Llobregat, l';1;38;U;;617;197;365;475;142;7;9;459;468
8;Barcelona;13;Barcelonès;08101;Hospitalet de Llobregat, l';1;39;U;;640;154;327;419;221;6;8;405;413
8;Barcelona;13;Barcelonès;08101;Hospitalet de Llobregat, l';1;4;U;;670;226;398;508;162;6;7;495;502
8;Barcelona;13;Barcelonès;08101;Hospitalet de Llobregat, l';1;40;U;;621;192;326;377;244;1;6;370;376
8;Barcelona;13;Barcelonès;08101;Hospitalet de Llobregat, l';1;5;U;;905;273;524;669;236;4;17;648;665
8;Barcelona;13;Barcelonès;08101;Hospitalet de Llobregat, l';1;6;A;;625;182;344;431;194;3;5;423;428
8;Barcelona;13;Barcelonès;08101;Hospitalet de Llobregat, l';1;6;B;;708;206;364;465;243;2;7;456;463
8;Barcelona;13;Barcelonès;08101;Hospitalet de Llobregat, l';1;7;A;;559;137;298;369;190;5;8;356;364
8;Barcelona;13;Barcelonès;08101;Hospitalet de Llobregat, l';1;7;B;;628;175;318;416;212;3;9;404;413
8;Barcelona;13;Barcelonès;08101;Hospitalet de Llobregat, l';1;8;A;;477;154;283;353;124;7;3;343;346
8;Barcelona;13;Barcelonès;08101;Hospitalet de Llobregat, l';1;8;B;;597;209;346;425;172;7;12;406;418
8;Barcelona;13;Barcelonès;08101;Hospitalet de Llobregat, l';1;9;U;;881;296;500;652;229;5;11;636;647
8;Barcelona;13;Barcelonès;08101;Hospitalet de Llobregat, l';2;1;U;;716;240;407;486;230;3;11;472;483
8;Barcelona;13;Barcelonès;08101;Hospitalet de Llobregat, l';2;10;U;;613;208;356;423;190;1;2;420;422
8;Barcelona;13;Barcelonès;08101;Hospitalet de Llobregat, l';2;11;U;;727;216;344;402;325;3;5;394;399
8;Barcelona;13;Barcelonès;08101;Hospitalet de Llobregat, l';2;12;U;;784;218;413;475;309;4;7;464;471
8;Barcelona;13;Barcelonès;08101;Hospitalet de Llobregat, l';2;13;U;;549;170;276;329;220;1;5;323;328
8;Barcelona;13;Barcelonès;08101;Hospitalet de Llobregat, l';2;14;U;;438;109;187;229;209;2;1;226;227
8;Barcelona;13;Barcelonès;08101;Hospitalet de Llobregat, l';2;15;U;;574;148;273;343;231;4;7;332;339
8;Barcelona;13;Barcelonès;08101;Hospitalet de Llobregat, l';2;16;U;;780;212;384;474;306;4;6;464;470
8;Barcelona;13;Barcelonès;08101;Hospitalet de Llobregat, l';2;17;U;;345;101;155;180;165;1;0;179;179
8;Barcelona;13;Barcelonès;08101;Hospitalet de Llobregat, l';2;18;U;;447;135;239;285;162;0;4;281;285
8;Barcelona;13;Barcelonès;08101;Hospitalet de Llobregat, l';2;19;U;;730;212;392;453;277;10;8;435;443
8;Barcelona;13;Barcelonès;08101;Hospitalet de Llobregat, l';2;2;U;;459;164;248;284;175;2;1;281;282
8;Barcelona;13;Barcelonès;08101;Hospitalet de Llobregat, l';2;20;U;;485;145;226;285;200;4;5;276;281
8;Barcelona;13;Barcelonès;08101;Hospitalet de Llobregat, l';2;21;U;;660;171;310;381;279;2;10;369;379
8;Barcelona;13;Barcelonès;08101;Hospitalet de Llobregat, l';2;22;U;;477;122;212;274;203;4;2;268;270
8;Barcelona;13;Barcelonès;08101;Hospitalet de Llobregat, l';2;23;U;;655;210;343;410;245;4;3;403;406
8;Barcelona;13;Barcelonès;08101;Hospitalet de Llobregat, l';2;24;U;;358;85;154;188;170;4;3;181;184
8;Barcelona;13;Barcelonès;08101;Hospitalet de Llobregat, l';2;25;U;;307;85;132;180;127;2;3;175;178
8;Barcelona;13;Barcelonès;08101;Hospitalet de Llobregat, l';2;26;U;;708;210;363;444;264;3;5;436;441
8;Barcelona;13;Barcelonès;08101;Hospitalet de Llobregat, l';2;27;U;;388;135;221;256;132;5;4;247;251
8;Barcelona;13;Barcelonès;08101;Hospitalet de Llobregat, l';2;28;U;;411;107;178;222;189;2;1;219;220
8;Barcelona;13;Barcelonès;08101;Hospitalet de Llobregat, l';2;29;U;;467;120;217;260;207;0;5;255;260
8;Barcelona;13;Barcelonès;08101;Hospitalet de Llobregat, l';2;3;U;;456;103;189;250;206;2;5;243;248
8;Barcelona;13;Barcelonès;08101;Hospitalet de Llobregat, l';2;30;U;;428;84;170;208;220;3;6;199;205
8;Barcelona;13;Barcelonès;08101;Hospitalet de Llobregat, l';2;31;U;;642;181;333;396;246;1;9;386;395
8;Barcelona;13;Barcelonès;08101;Hospitalet de Llobregat, l';2;32;U;;627;220;356;424;203;3;4;417;421
8;Barcelona;13;Barcelonès;08101;Hospitalet de Llobregat, l';2;33;U;;512;136;248;296;216;5;7;284;291
8;Barcelona;13;Barcelonès;08101;Hospitalet de Llobregat, l';2;34;U;;549;152;266;325;224;4;2;319;321
8;Barcelona;13;Barcelonès;08101;Hospitalet de Llobregat, l';2;35;U;;774;237;366;438;336;5;9;424;433
8;Barcelona;13;Barcelonès;08101;Hospitalet de Llobregat, l';2;36;U;;625;215;336;387;238;3;7;377;384
8;Barcelona;13;Barcelonès;08101;Hospitalet de Llobregat, l';2;37;U;;774;235;393;469;305;1;7;461;468
8;Barcelona;13;Barcelonès;08101;Hospitalet de Llobregat, l';2;38;U;;549;174;271;326;223;8;1;317;318
8;Barcelona;13;Barcelonès;08101;Hospitalet de Llobregat, l';2;39;U;;716;188;348;440;276;3;5;432;437
8;Barcelona;13;Barcelonès;08101;Hospitalet de Llobregat, l';2;4;U;;312;99;167;204;108;0;1;203;204
8;Barcelona;13;Barcelonès;08101;Hospitalet de Llobregat, l';2;40;U;;454;134;222;272;182;4;6;262;268
8;Barcelona;13;Barcelonès;08101;Hospitalet de Llobregat, l';2;41;U;;465;134;232;288;177;2;2;284;286
8;Barcelona;13;Barcelonès;08101;Hospitalet de Llobregat, l';2;42;U;;698;214;352;433;265;1;8;424;432
8;Barcelona;13;Barcelonès;08101;Hospitalet de Llobregat, l';2;43;A;;445;131;230;282;163;3;6;273;279
8;Barcelona;13;Barcelonès;08101;Hospitalet de Llobregat, l';2;43;B;;530;147;255;323;207;1;6;316;322
8;Barcelona;13;Barcelonès;08101;Hospitalet de Llobregat, l';2;44;U;;434;108;240;289;145;0;2;287;289
8;Barcelona;13;Barcelonès;08101;Hospitalet de Llobregat, l';2;45;U;;608;188;337;380;228;4;2;374;376
8;Barcelona;13;Barcelonès;08101;Hospitalet de Llobregat, l';2;46;U;;642;218;338;405;237;5;6;394;400
8;Barcelona;13;Barcelonès;08101;Hospitalet de Llobregat, l';2;47;U;;679;197;345;407;272;2;3;402;405
8;Barcelona;13;Barcelonès;08101;Hospitalet de Llobregat, l';2;48;U;;697;204;373;451;246;6;4;441;445
8;Barcelona;13;Barcelonès;08101;Hospitalet de Llobregat, l';2;49;U;;636;196;327;398;238;5;5;388;393
8;Barcelona;13;Barcelonès;08101;Hospitalet de Llobregat, l';2;5;U;;672;202;337;446;226;2;4;440;444
8;Barcelona;13;Barcelonès;08101;Hospitalet de Llobregat, l';2;6;U;;538;175;287;358;180;1;3;354;357
8;Barcelona;13;Barcelonès;08101;Hospitalet de Llobregat, l';2;7;U;;462;157;279;315;147;2;4;309;313
8;Barcelona;13;Barcelonès;08101;Hospitalet de Llobregat, l';2;8;A;;635;183;337;425;210;4;8;413;421
8;Barcelona;13;Barcelonès;08101;Hospitalet de Llobregat, l';2;8;B;;716;233;396;464;252;6;10;448;458
8;Barcelona;13;Barcelonès;08101;Hospitalet de Llobregat, l';2;9;U;;666;199;380;449;217;2;5;442;447
8;Barcelona;13;Barcelonès;08101;Hospitalet de Llobregat, l';3;1;A;;863;222;430;567;296;8;5;554;559
8;Barcelona;13;Barcelonès;08101;Hospitalet de Llobregat, l';3;1;B;;1013;282;507;660;353;6;14;640;654
8;Barcelona;13;Barcelonès;08101;Hospitalet de Llobregat, l';3;10;U;;654;191;353;430;224;4;5;421;426
8;Barcelona;13;Barcelonès;08101;Hospitalet de Llobregat, l';3;11;U;;870;240;462;542;328;2;11;529;540
8;Barcelona;13;Barcelonès;08101;Hospitalet de Llobregat, l';3;12;A;;558;171;334;383;175;2;3;378;381
8;Barcelona;13;Barcelonès;08101;Hospitalet de Llobregat, l';3;12;B;;578;167;328;379;199;2;3;374;377
8;Barcelona;13;Barcelonès;08101;Hospitalet de Llobregat, l';3;13;A;;654;202;356;456;198;1;6;449;455
8;Barcelona;13;Barcelonès;08101;Hospitalet de Llobregat, l';3;13;B;;723;225;438;489;234;2;1;486;487
8;Barcelona;13;Barcelonès;08101;Hospitalet de Llobregat, l';3;14;A;;801;200;398;517;284;6;8;503;511
8;Barcelona;13;Barcelonès;08101;Hospitalet de Llobregat, l';3;14;B;;908;267;492;630;278;14;9;607;616
8;Barcelona;13;Barcelonès;08101;Hospitalet de Llobregat, l';3;15;A;;557;158;300;367;190;4;1;362;363
8;Barcelona;13;Barcelonès;08101;Hospitalet de Llobregat, l';3;15;B;;616;165;315;380;236;3;4;373;377
8;Barcelona;13;Barcelonès;08101;Hospitalet de Llobregat, l';3;16;A;;781;215;452;604;177;6;7;591;598
8;Barcelona;13;Barcelonès;08101;Hospitalet de Llobregat, l';3;16;B;;907;261;563;723;184;4;8;711;719
8;Barcelona;13;Barcelonès;08101;Hospitalet de Llobregat, l';3;17;U;;579;146;258;344;235;2;14;328;342
8;Barcelona;13;Barcelonès;08101;Hospitalet de Llobregat, l';3;18;U;;623;170;340;439;184;2;7;430;437
8;Barcelona;13;Barcelonès;08101;Hospitalet de Llobregat, l';3;19;A;;534;153;302;379;155;7;5;367;372
8;Barcelona;13;Barcelonès;08101;Hospitalet de Llobregat, l';3;19;B;;603;207;353;451;152;4;3;444;447
8;Barcelona;13;Barcelonès;08101;Hospitalet de Llobregat, l';3;2;A;;434;129;222;283;151;1;6;276;282
8;Barcelona;13;Barcelonès;08101;Hospitalet de Llobregat, l';3;2;B;;550;156;298;369;181;8;8;353;361
8;Barcelona;13;Barcelonès;08101;Hospitalet de Llobregat, l';3;20;U;;751;245;410;523;228;0;6;517;523
8;Barcelona;13;Barcelonès;08101;Hospitalet de Llobregat, l';3;21;A;;827;268;504;621;206;9;11;601;612
8;Barcelona;13;Barcelonès;08101;Hospitalet de Llobregat, l';3;21;B;;921;292;537;670;251;9;6;655;661
8;Barcelona;13;Barcelonès;08101;Hospitalet de Llobregat, l';3;22;U;;854;239;438;552;302;11;13;528;541
8;Barcelona;13;Barcelonès;08101;Hospitalet de Llobregat, l';3;23;A;;638;201;351;440;198;11;5;424;429
8;Barcelona;13;Barcelonès;08101;Hospitalet de Llobregat, l';3;23;B;;800;237;468;567;233;6;9;552;561
8;Barcelona;13;Barcelonès;08101;Hospitalet de Llobregat, l';3;23;C;;756;205;395;504;252;1;9;494;503
8;Barcelona;13;Barcelonès;08101;Hospitalet de Llobregat, l';3;24;U;;664;150;305;386;278;6;5;375;380
8;Barcelona;13;Barcelonès;08101;Hospitalet de Llobregat, l';3;25;A;;667;204;400;489;178;3;9;477;486
8;Barcelona;13;Barcelonès;08101;Hospitalet de Llobregat, l';3;25;B;;730;229;426;534;196;8;5;521;526
8;Barcelona;13;Barcelonès;08101;Hospitalet de Llobregat, l';3;3;A;;528;163;300;353;175;2;2;349;351
8;Barcelona;13;Barcelonès;08101;Hospitalet de Llobregat, l';3;3;B;;574;155;307;370;204;4;5;361;366
8;Barcelona;13;Barcelonès;08101;Hospitalet de Llobregat, l';3;4;A;;690;207;374;478;212;9;9;460;469
8;Barcelona;13;Barcelonès;08101;Hospitalet de Llobregat, l';3;4;B;;794;240;434;550;244;2;6;542;548
8;Barcelona;13;Barcelonès;08101;Hospitalet de Llobregat, l';3;5;A;;576;157;300;400;176;1;7;392;399
8;Barcelona;13;Barcelonès;08101;Hospitalet de Llobregat, l';3;5;B;;563;185;344;412;151;1;3;408;411
8;Barcelona;13;Barcelonès;08101;Hospitalet de Llobregat, l';3;6;A;;465;133;267;328;137;5;1;322;323
8;Barcelona;13;Barcelonès;08101;Hospitalet de Llobregat, l';3;6;B;;554;154;312;385;169;4;9;372;381
8;Barcelona;13;Barcelonès;08101;Hospitalet de Llobregat, l';3;7;A;;532;177;328;399;133;2;5;392;397
8;Barcelona;13;Barcelonès;08101;Hospitalet de Llobregat, l';3;7;B;;587;186;365;447;140;2;6;439;445
8;Barcelona;13;Barcelonès;08101;Hospitalet de Llobregat, l';3;8;A;;674;221;412;511;163;5;9;497;506
8;Barcelona;13;Barcelonès;08101;Hospitalet de Llobregat, l';3;8;B;;813;212;465;596;217;3;11;582;593
8;Barcelona;13;Barcelonès;08101;Hospitalet de Llobregat, l';3;9;U;;701;164;390;485;216;7;4;474;478
8;Barcelona;13;Barcelonès;08101;Hospitalet de Llobregat, l';4;1;U;;772;338;424;521;251;6;8;507;515
8;Barcelona;13;Barcelonès;08101;Hospitalet de Llobregat, l';4;10;A;;510;168;271;325;185;2;0;323;323
8;Barcelona;13;Barcelonès;08101;Hospitalet de Llobregat, l';4;10;B;;552;185;302;372;180;1;8;363;371
8;Barcelona;13;Barcelonès;08101;Hospitalet de Llobregat, l';4;11;U;;697;234;392;456;241;2;10;444;454
8;Barcelona;13;Barcelonès;08101;Hospitalet de Llobregat, l';4;12;A;;486;164;271;322;164;2;3;317;320
8;Barcelona;13;Barcelonès;08101;Hospitalet de Llobregat, l';4;12;B;;575;200;333;396;179;5;3;388;391
8;Barcelona;13;Barcelonès;08101;Hospitalet de Llobregat, l';4;13;U;;344;113;175;210;134;2;6;202;208
8;Barcelona;13;Barcelonès;08101;Hospitalet de Llobregat, l';4;14;U;;539;186;281;335;204;4;2;329;331
8;Barcelona;13;Barcelonès;08101;Hospitalet de Llobregat, l';4;15;U;;389;86;162;206;183;4;0;202;202
8;Barcelona;13;Barcelonès;08101;Hospitalet de Llobregat, l';4;16;U;;433;124;211;260;173;2;4;254;258
8;Barcelona;13;Barcelonès;08101;Hospitalet de Llobregat, l';4;17;U;;333;97;154;190;143;3;2;185;187
8;Barcelona;13;Barcelonès;08101;Hospitalet de Llobregat, l';4;18;U;;761;249;401;465;296;9;4;452;456
8;Barcelona;13;Barcelonès;08101;Hospitalet de Llobregat, l';4;19;U;;433;132;223;260;173;4;2;254;256
8;Barcelona;13;Barcelonès;08101;Hospitalet de Llobregat, l';4;2;U;;533;151;235;290;243;4;4;282;286
8;Barcelona;13;Barcelonès;08101;Hospitalet de Llobregat, l';4;20;U;;770;198;395;478;292;5;2;471;473
8;Barcelona;13;Barcelonès;08101;Hospitalet de Llobregat, l';4;21;U;;727;241;415;476;251;6;5;465;470
8;Barcelona;13;Barcelonès;08101;Hospitalet de Llobregat, l';4;22;U;;609;157;272;315;294;6;1;308;309
8;Barcelona;13;Barcelonès;08101;Hospitalet de Llobregat, l';4;23;U;;565;184;308;370;195;0;1;369;370
8;Barcelona;13;Barcelonès;08101;Hospitalet de Llobregat, l';4;24;U;;342;105;165;197;145;1;0;196;196
8;Barcelona;13;Barcelonès;08101;Hospitalet de Llobregat, l';4;25;U;;630;204;336;396;234;0;4;392;396
8;Barcelona;13;Barcelonès;08101;Hospitalet de Llobregat, l';4;26;U;;539;154;256;295;244;0;1;294;295
8;Barcelona;13;Barcelonès;08101;Hospitalet de Llobregat, l';4;27;U;;458;132;211;263;195;2;3;258;261
8;Barcelona;13;Barcelonès;08101;Hospitalet de Llobregat, l';4;28;U;;280;64;111;148;132;0;5;143;148
8;Barcelona;13;Barcelonès;08101;Hospitalet de Llobregat, l';4;29;U;;412;128;204;244;168;3;1;240;241
8;Barcelona;13;Barcelonès;08101;Hospitalet de Llobregat, l';4;3;U;;801;288;488;570;231;6;6;558;564
8;Barcelona;13;Barcelonès;08101;Hospitalet de Llobregat, l';4;30;U;;515;157;227;278;237;0;5;273;278
8;Barcelona;13;Barcelonès;08101;Hospitalet de Llobregat, l';4;31;U;;768;248;363;433;335;3;9;421;430
8;Barcelona;13;Barcelonès;08101;Hospitalet de Llobregat, l';4;32;U;;792;247;423;495;297;0;4;491;495
8;Barcelona;13;Barcelonès;08101;Hospitalet de Llobregat, l';4;33;U;;517;124;216;259;258;4;2;253;255
8;Barcelona;13;Barcelonès;08101;Hospitalet de Llobregat, l';4;34;U;;371;95;147;165;206;4;2;159;161
8;Barcelona;13;Barcelonès;08101;Hospitalet de Llobregat, l';4;35;U;;545;136;210;245;300;2;6;237;243
8;Barcelona;13;Barcelonès;08101;Hospitalet de Llobregat, l';4;36;U;;379;118;173;216;163;1;4;211;215
8;Barcelona;13;Barcelonès;08101;Hospitalet de Llobregat, l';4;37;U;;470;143;238;277;193;2;3;272;275
8;Barcelona;13;Barcelonès;08101;Hospitalet de Llobregat, l';4;38;U;;499;124;236;297;202;1;4;292;296
8;Barcelona;13;Barcelonès;08101;Hospitalet de Llobregat, l';4;39;U;;516;143;241;283;233;5;2;276;278
8;Barcelona;13;Barcelonès;08101;Hospitalet de Llobregat, l';4;4;U;;778;247;423;483;295;1;4;478;482
8;Barcelona;13;Barcelonès;08101;Hospitalet de Llobregat, l';4;40;U;;643;230;362;420;223;6;2;412;414
8;Barcelona;13;Barcelonès;08101;Hospitalet de Llobregat, l';4;41;A;;673;202;369;464;209;5;5;454;459
8;Barcelona;13;Barcelonès;08101;Hospitalet de Llobregat, l';4;41;B;;790;251;460;555;235;5;11;539;550
8;Barcelona;13;Barcelonès;08101;Hospitalet de Llobregat, l';4;42;U;;375;111;198;241;134;2;4;235;239
8;Barcelona;13;Barcelonès;08101;Hospitalet de Llobregat, l';4;5;U;;526;177;300;325;201;9;2;314;316
8;Barcelona;13;Barcelonès;08101;Hospitalet de Llobregat, l';4;6;U;;829;263;442;533;296;2;4;527;531
8;Barcelona;13;Barcelonès;08101;Hospitalet de Llobregat, l';4;7;U;;598;158;274;322;276;0;3;319;322
8;Barcelona;13;Barcelonès;08101;Hospitalet de Llobregat, l';4;8;U;;497;141;231;290;207;1;4;285;289
8;Barcelona;13;Barcelonès;08101;Hospitalet de Llobregat, l';4;9;U;;382;120;200;239;143;0;3;236;239
8;Barcelona;13;Barcelonès;08101;Hospitalet de Llobregat, l';5;1;U;;822;246;454;574;248;5;7;562;569
8;Barcelona;13;Barcelonès;08101;Hospitalet de Llobregat, l';5;10;U;;618;186;319;393;225;1;6;386;392
8;Barcelona;13;Barcelonès;08101;Hospitalet de Llobregat, l';5;11;U;;388;111;194;216;172;3;4;209;213
8;Barcelona;13;Barcelonès;08101;Hospitalet de Llobregat, l';5;12;U;;481;148;229;282;199;0;3;279;282
8;Barcelona;13;Barcelonès;08101;Hospitalet de Llobregat, l';5;13;U;;442;139;223;259;183;3;4;252;256
8;Barcelona;13;Barcelonès;08101;Hospitalet de Llobregat, l';5;14;U;;474;151;235;287;187;5;6;276;282
8;Barcelona;13;Barcelonès;08101;Hospitalet de Llobregat, l';5;15;U;;347;93;157;197;150;0;5;192;197
8;Barcelona;13;Barcelonès;08101;Hospitalet de Llobregat, l';5;16;U;;341;73;140;167;174;8;0;159;159
8;Barcelona;13;Barcelonès;08101;Hospitalet de Llobregat, l';5;17;U;;651;198;334;396;255;2;6;388;394
8;Barcelona;13;Barcelonès;08101;Hospitalet de Llobregat, l';5;18;U;;668;232;353;422;246;2;4;416;420
8;Barcelona;13;Barcelonès;08101;Hospitalet de Llobregat, l';5;19;U;;330;95;150;174;156;1;0;173;173
8;Barcelona;13;Barcelonès;08101;Hospitalet de Llobregat, l';5;2;A;;498;137;250;306;192;1;4;301;305
8;Barcelona;13;Barcelonès;08101;Hospitalet de Llobregat, l';5;2;B;;535;173;285;342;193;2;5;335;340
8;Barcelona;13;Barcelonès;08101;Hospitalet de Llobregat, l';5;20;U;;557;180;308;383;174;3;5;375;380
8;Barcelona;13;Barcelonès;08101;Hospitalet de Llobregat, l';5;21;U;;777;250;455;557;220;6;3;548;551
8;Barcelona;13;Barcelonès;08101;Hospitalet de Llobregat, l';5;22;U;;409;120;204;246;163;1;3;242;245
8;Barcelona;13;Barcelonès;08101;Hospitalet de Llobregat, l';5;23;U;;839;236;420;515;324;5;4;506;510
8;Barcelona;13;Barcelonès;08101;Hospitalet de Llobregat, l';5;24;U;;683;206;321;391;292;5;3;383;386
8;Barcelona;13;Barcelonès;08101;Hospitalet de Llobregat, l';5;25;U;;532;150;255;301;231;5;3;293;296
8;Barcelona;13;Barcelonès;08101;Hospitalet de Llobregat, l';5;26;U;;385;102;175;213;172;1;3;209;212
8;Barcelona;13;Barcelonès;08101;Hospitalet de Llobregat, l';5;27;U;;541;141;232;295;246;3;1;291;292
8;Barcelona;13;Barcelonès;08101;Hospitalet de Llobregat, l';5;28;U;;685;215;354;449;236;12;3;434;437
8;Barcelona;13;Barcelonès;08101;Hospitalet de Llobregat, l';5;29;U;;720;194;343;414;306;5;3;406;409
8;Barcelona;13;Barcelonès;08101;Hospitalet de Llobregat, l';5;3;U;;632;219;377;453;179;2;3;448;451
8;Barcelona;13;Barcelonès;08101;Hospitalet de Llobregat, l';5;30;U;;902;294;510;614;288;10;9;595;604
8;Barcelona;13;Barcelonès;08101;Hospitalet de Llobregat, l';5;31;U;;567;151;277;321;246;0;0;321;321
8;Barcelona;13;Barcelonès;08101;Hospitalet de Llobregat, l';5;32;U;;790;237;426;520;270;2;9;509;518
8;Barcelona;13;Barcelonès;08101;Hospitalet de Llobregat, l';5;33;U;;500;141;242;277;223;0;2;275;277
8;Barcelona;13;Barcelonès;08101;Hospitalet de Llobregat, l';5;34;U;;584;200;312;371;213;5;3;363;366
8;Barcelona;13;Barcelonès;08101;Hospitalet de Llobregat, l';5;35;U;;761;237;455;554;207;6;7;541;548
8;Barcelona;13;Barcelonès;08101;Hospitalet de Llobregat, l';5;36;U;;568;205;322;382;186;4;7;371;378
8;Barcelona;13;Barcelonès;08101;Hospitalet de Llobregat, l';5;37;U;;762;230;430;516;246;6;6;504;510
8;Barcelona;13;Barcelonès;08101;Hospitalet de Llobregat, l';5;38;U;;800;230;416;504;296;7;1;496;497
8;Barcelona;13;Barcelonès;08101;Hospitalet de Llobregat, l';5;4;U;;816;235;437;535;281;5;3;527;530
8;Barcelona;13;Barcelonès;08101;Hospitalet de Llobregat, l';5;5;A;;405;132;247;298;107;2;1;295;296
8;Barcelona;13;Barcelonès;08101;Hospitalet de Llobregat, l';5;5;B;;517;163;322;392;125;3;4;385;389
8;Barcelona;13;Barcelonès;08101;Hospitalet de Llobregat, l';5;6;A;;679;209;368;475;204;7;10;458;468
8;Barcelona;13;Barcelonès;08101;Hospitalet de Llobregat, l';5;6;B;;701;207;388;482;219;3;8;471;479
8;Barcelona;13;Barcelonès;08101;Hospitalet de Llobregat, l';5;7;U;;581;159;293;372;209;5;1;366;367
8;Barcelona;13;Barcelonès;08101;Hospitalet de Llobregat, l';5;8;U;;369;96;199;237;132;1;1;235;236
8;Barcelona;13;Barcelonès;08101;Hospitalet de Llobregat, l';5;9;U;;433;119;218;271;162;3;2;266;268
8;Barcelona;13;Barcelonès;08101;Hospitalet de Llobregat, l';6;1;U;;949;302;535;685;264;5;4;676;680
8;Barcelona;13;Barcelonès;08101;Hospitalet de Llobregat, l';6;10;A;;418;129;230;298;120;1;5;292;297
8;Barcelona;13;Barcelonès;08101;Hospitalet de Llobregat, l';6;10;B;;447;162;261;322;125;3;2;317;319
8;Barcelona;13;Barcelonès;08101;Hospitalet de Llobregat, l';6;11;A;;612;157;300;388;224;3;7;378;385
8;Barcelona;13;Barcelonès;08101;Hospitalet de Llobregat, l';6;11;B;;646;196;335;396;250;9;5;382;387
8;Barcelona;13;Barcelonès;08101;Hospitalet de Llobregat, l';6;12;U;;744;240;387;473;271;11;8;454;462
8;Barcelona;13;Barcelonès;08101;Hospitalet de Llobregat, l';6;13;A;;406;139;245;300;106;3;9;288;297
8;Barcelona;13;Barcelonès;08101;Hospitalet de Llobregat, l';6;13;B;;492;145;286;346;146;5;4;337;341
8;Barcelona;13;Barcelonès;08101;Hospitalet de Llobregat, l';6;14;U;;726;241;431;533;193;3;8;522;530
8;Barcelona;13;Barcelonès;08101;Hospitalet de Llobregat, l';6;15;U;;600;194;355;447;153;11;2;434;436
8;Barcelona;13;Barcelonès;08101;Hospitalet de Llobregat, l';6;16;A;;719;179;331;423;296;1;8;414;422
8;Barcelona;13;Barcelonès;08101;Hospitalet de Llobregat, l';6;16;B;;921;206;403;480;441;8;13;459;472
8;Barcelona;13;Barcelonès;08101;Hospitalet de Llobregat, l';6;16;C;;706;164;334;412;294;8;3;401;404
8;Barcelona;13;Barcelonès;08101;Hospitalet de Llobregat, l';6;17;U;;741;213;368;450;291;7;9;434;443
8;Barcelona;13;Barcelonès;08101;Hospitalet de Llobregat, l';6;18;U;;431;107;227;323;108;2;4;317;321
8;Barcelona;13;Barcelonès;08101;Hospitalet de Llobregat, l';6;19;A;;444;147;264;336;108;2;3;331;334
8;Barcelona;13;Barcelonès;08101;Hospitalet de Llobregat, l';6;19;B;;529;171;312;379;150;3;1;375;376
8;Barcelona;13;Barcelonès;08101;Hospitalet de Llobregat, l';6;2;U;;423;137;233;290;133;1;1;288;289
8;Barcelona;13;Barcelonès;08101;Hospitalet de Llobregat, l';6;20;U;;447;175;300;363;84;2;3;358;361
8;Barcelona;13;Barcelonès;08101;Hospitalet de Llobregat, l';6;21;A;;507;185;314;378;129;3;4;371;375
8;Barcelona;13;Barcelonès;08101;Hospitalet de Llobregat, l';6;21;B;;558;204;326;406;152;4;8;394;402
8;Barcelona;13;Barcelonès;08101;Hospitalet de Llobregat, l';6;22;U;;641;162;322;410;231;2;2;406;408
8;Barcelona;13;Barcelonès;08101;Hospitalet de Llobregat, l';6;23;A;;501;187;333;389;112;2;5;382;387
8;Barcelona;13;Barcelonès;08101;Hospitalet de Llobregat, l';6;23;B;;553;206;342;410;143;5;4;401;405
8;Barcelona;13;Barcelonès;08101;Hospitalet de Llobregat, l';6;24;U;;808;240;426;525;283;3;5;517;522
8;Barcelona;13;Barcelonès;08101;Hospitalet de Llobregat, l';6;25;A;;469;181;302;372;97;2;7;363;370
8;Barcelona;13;Barcelonès;08101;Hospitalet de Llobregat, l';6;25;B;;517;157;308;384;133;4;12;368;380
8;Barcelona;13;Barcelonès;08101;Hospitalet de Llobregat, l';6;26;U;;715;210;384;469;246;3;10;456;466
8;Barcelona;13;Barcelonès;08101;Hospitalet de Llobregat, l';6;27;U;;784;235;438;560;224;5;13;542;555
8;Barcelona;13;Barcelonès;08101;Hospitalet de Llobregat, l';6;28;U;;688;209;361;483;205;1;5;477;482
8;Barcelona;13;Barcelonès;08101;Hospitalet de Llobregat, l';6;29;U;;435;118;221;274;161;0;3;271;274
8;Barcelona;13;Barcelonès;08101;Hospitalet de Llobregat, l';6;3;U;;429;138;238;280;149;1;1;278;279
8;Barcelona;13;Barcelonès;08101;Hospitalet de Llobregat, l';6;30;U;;642;201;377;484;158;10;3;471;474
8;Barcelona;13;Barcelonès;08101;Hospitalet de Llobregat, l';6;31;U;;790;250;465;566;224;4;4;558;562
8;Barcelona;13;Barcelonès;08101;Hospitalet de Llobregat, l';6;32;U;;677;182;320;388;289;0;1;387;388
8;Barcelona;13;Barcelonès;08101;Hospitalet de Llobregat, l';6;4;U;;469;156;247;296;173;1;7;288;295
8;Barcelona;13;Barcelonès;08101;Hospitalet de Llobregat, l';6;5;U;;488;156;299;368;120;2;3;363;366
8;Barcelona;13;Barcelonès;08101;Hospitalet de Llobregat, l';6;6;U;;725;198;361;430;295;3;8;419;427
8;Barcelona;13;Barcelonès;08101;Hospitalet de Llobregat, l';6;7;U;;740;212;448;527;213;6;2;519;521
8;Barcelona;13;Barcelonès;08101;Hospitalet de Llobregat, l';6;8;U;;646;182;318;405;241;8;11;386;397
8;Barcelona;13;Barcelonès;08101;Hospitalet de Llobregat, l';6;9;U;;604;217;356;429;175;7;4;418;422
8;Barcelona;6;Anoia;08162;Hostalets de Pierola, els;1;1;A;;727;222;440;523;204;3;10;510;520
8;Barcelona;6;Anoia;08162;Hostalets de Pierola, els;1;1;B;;755;223;431;540;215;9;9;522;531
8;Barcelona;6;Anoia;08162;Hostalets de Pierola, els;1;1;C;;494;139;255;299;195;3;7;289;296
17;Girona;34;Selva;17083;Hostalric;1;1;U;;800;267;468;570;230;8;6;556;562
17;Girona;34;Selva;17083;Hostalric;1;2;A;;604;200;357;430;174;7;6;417;423
17;Girona;34;Selva;17083;Hostalric;1;2;B;;650;235;419;492;158;5;7;480;487
17;Girona;34;Selva;17083;Hostalric;1;3;U;;811;235;462;561;250;2;14;545;559
8;Barcelona;6;Anoia;08102;Igualada;1;1;A;;527;165;273;329;198;3;3;323;326
8;Barcelona;6;Anoia;08102;Igualada;1;1;B;;649;177;352;426;223;1;5;420;425
8;Barcelona;6;Anoia;08102;Igualada;2;1;U;;512;174;310;373;139;1;5;367;372
8;Barcelona;6;Anoia;08102;Igualada;2;2;U;;875;281;523;623;252;2;10;611;621
8;Barcelona;6;Anoia;08102;Igualada;2;3;A;;639;186;388;472;167;1;3;468;471
8;Barcelona;6;Anoia;08102;Igualada;2;3;B;;645;197;400;484;161;0;5;479;484
8;Barcelona;6;Anoia;08102;Igualada;3;1;U;;876;259;504;621;255;6;5;610;615
8;Barcelona;6;Anoia;08102;Igualada;3;10;A;;508;158;292;381;127;1;9;371;380
8;Barcelona;6;Anoia;08102;Igualada;3;10;B;;613;176;356;467;146;1;10;456;466
8;Barcelona;6;Anoia;08102;Igualada;3;2;A;;634;172;371;462;172;4;10;448;458
8;Barcelona;6;Anoia;08102;Igualada;3;2;B;;707;206;443;542;165;1;4;537;541
8;Barcelona;6;Anoia;08102;Igualada;3;3;A;;446;144;288;335;111;3;0;332;332
8;Barcelona;6;Anoia;08102;Igualada;3;3;B;;522;181;346;396;126;5;6;385;391
8;Barcelona;6;Anoia;08102;Igualada;3;4;A;;688;194;372;476;212;2;5;469;474
8;Barcelona;6;Anoia;08102;Igualada;3;4;B;;821;214;449;579;242;4;6;569;575
8;Barcelona;6;Anoia;08102;Igualada;3;5;A;;366;105;180;240;126;4;1;235;236
8;Barcelona;6;Anoia;08102;Igualada;3;5;B;;406;113;190;253;153;3;3;247;250
8;Barcelona;6;Anoia;08102;Igualada;3;6;A;;627;172;380;485;142;0;9;476;485
8;Barcelona;6;Anoia;08102;Igualada;3;6;B;;750;193;470;605;145;2;13;590;603
8;Barcelona;6;Anoia;08102;Igualada;3;7;A;;767;230;497;615;152;5;10;600;610
8;Barcelona;6;Anoia;08102;Igualada;3;7;B;;871;261;591;691;180;7;9;675;684
8;Barcelona;6;Anoia;08102;Igualada;3;8;A;;493;107;262;357;136;4;3;350;353
8;Barcelona;6;Anoia;08102;Igualada;3;8;B;;549;138;312;414;135;3;7;404;411
8;Barcelona;6;Anoia;08102;Igualada;3;9;A;;546;159;315;427;119;6;5;416;421
8;Barcelona;6;Anoia;08102;Igualada;3;9;B;;622;191;389;493;129;6;1;486;487
8;Barcelona;6;Anoia;08102;Igualada;4;1;U;;693;205;355;459;234;2;4;453;457
8;Barcelona;6;Anoia;08102;Igualada;4;2;U;;740;230;416;498;242;3;10;485;495
8;Barcelona;6;Anoia;08102;Igualada;4;3;U;;803;314;486;580;223;5;3;572;575
8;Barcelona;6;Anoia;08102;Igualada;4;4;A;;418;114;251;313;105;5;7;301;308
8;Barcelona;6;Anoia;08102;Igualada;4;4;B;;463;151;270;348;115;1;2;345;347
8;Barcelona;6;Anoia;08102;Igualada;4;5;A;;571;191;345;413;158;2;1;410;411
8;Barcelona;6;Anoia;08102;Igualada;4;5;B;;691;216;415;515;176;5;4;506;510
8;Barcelona;6;Anoia;08102;Igualada;5;1;A;;506;159;299;368;138;1;5;362;367
8;Barcelona;6;Anoia;08102;Igualada;5;1;B;;543;165;329;389;154;1;5;383;388
8;Barcelona;6;Anoia;08102;Igualada;5;2;A;;515;170;283;352;163;4;7;341;348
8;Barcelona;6;Anoia;08102;Igualada;5;2;B;;688;211;370;472;216;0;6;466;472
8;Barcelona;6;Anoia;08102;Igualada;5;3;A;;644;213;374;472;172;2;6;464;470
8;Barcelona;6;Anoia;08102;Igualada;5;3;B;;869;301;553;651;218;9;11;631;642
8;Barcelona;6;Anoia;08102;Igualada;5;4;A;;540;184;340;405;135;0;0;405;405
8;Barcelona;6;Anoia;08102;Igualada;5;4;B;;632;189;362;467;165;3;8;456;464
8;Barcelona;6;Anoia;08102;Igualada;5;5;U;;525;122;247;295;230;1;4;290;294
8;Barcelona;6;Anoia;08102;Igualada;5;6;A;;306;89;137;163;143;2;3;158;161
8;Barcelona;6;Anoia;08102;Igualada;5;6;B;;299;89;143;168;131;2;4;162;166
8;Barcelona;6;Anoia;08102;Igualada;5;7;A;;817;256;489;598;219;8;5;585;590
8;Barcelona;6;Anoia;08102;Igualada;5;7;B;;984;293;571;735;249;8;11;716;727
25;Lleida;25;Pallars Jussà;25115;Isona i Conca Dellà;1;1;A;;557;164;320;427;130;5;11;411;422
25;Lleida;25;Pallars Jussà;25115;Isona i Conca Dellà;1;1;B;;303;65;146;202;101;3;9;190;199
17;Girona;15;Cerdanya;17084;Isòvol;1;1;U;;269;90;158;210;59;0;2;208;210
25;Lleida;27;Pla d'Urgell;25113;Ivars d'Urgell;1;1;U;;539;197;354;424;115;3;17;404;421
25;Lleida;27;Pla d'Urgell;25113;Ivars d'Urgell;1;2;A;;475;162;292;361;114;4;4;353;357
25;Lleida;27;Pla d'Urgell;25113;Ivars d'Urgell;1;2;B;;186;71;127;150;36;4;6;140;146
25;Lleida;23;Noguera;25112;Ivars de Noguera;1;1;U;;287;68;164;202;85;2;3;197;200
25;Lleida;32;Segarra;25114;Ivorra;1;1;U;;101;32;77;87;14;0;1;86;87
17;Girona;10;Baix Empordà;17085;Jafre;1;1;U;;287;127;206;243;44;1;5;237;242
17;Girona;2;Alt Empordà;17086;Jonquera, la;1;1;A;;356;117;210;258;98;1;7;250;257
17;Girona;2;Alt Empordà;17086;Jonquera, la;1;1;B;;328;113;190;218;110;1;2;215;217
17;Girona;2;Alt Empordà;17086;Jonquera, la;1;1;C;;334;111;187;222;112;3;4;215;219
17;Girona;2;Alt Empordà;17086;Jonquera, la;1;2;A;;328;96;190;232;96;3;1;228;229
17;Girona;2;Alt Empordà;17086;Jonquera, la;1;2;B;;334;105;198;238;96;4;2;232;234
8;Barcelona;6;Anoia;08103;Jorba;1;1;U;;627;178;385;480;147;7;16;457;473
25;Lleida;4;Alt Urgell;25910;Josa i Tuixén;1;1;U;;122;39;67;91;31;0;0;91;91
17;Girona;20;Gironès;17087;Juià;1;1;U;;230;69;149;180;50;2;0;178;178
25;Lleida;18;Garrigues;25118;Juncosa;1;1;U;;364;111;198;262;102;4;6;252;258
25;Lleida;18;Garrigues;25119;Juneda;1;1;A;;643;171;356;465;178;10;8;447;455
25;Lleida;18;Garrigues;25119;Juneda;1;1;B;;655;152;366;488;167;7;13;468;481
25;Lleida;18;Garrigues;25119;Juneda;1;2;A;;494;128;310;408;86;4;8;396;404
25;Lleida;18;Garrigues;25119;Juneda;1;2;B;;496;131;303;391;105;2;10;379;389
25;Lleida;39;Consell General d'Aran;25121;Les;1;1;U;;607;127;277;404;203;13;13;378;391
25;Lleida;27;Pla d'Urgell;25122;Linyola;1;1;A;;404;120;253;315;89;1;13;301;314
25;Lleida;27;Pla d'Urgell;25122;Linyola;1;1;B;;489;132;274;347;142;3;17;327;344
25;Lleida;27;Pla d'Urgell;25122;Linyola;1;2;A;;435;115;236;307;128;4;12;291;303
25;Lleida;27;Pla d'Urgell;25122;Linyola;1;2;B;;608;170;354;470;138;10;15;445;460
8;Barcelona;6;Anoia;08104;Llacuna, la;1;1;U;;703;246;466;542;161;2;3;537;540
17;Girona;2;Alt Empordà;17088;Lladó;1;1;U;;547;193;365;432;115;1;6;425;431
25;Lleida;26;Pallars Sobirà;25123;Lladorre;1;1;U;;207;28;91;158;49;1;2;155;157
25;Lleida;35;Solsonès;25124;Lladurs;1;1;U;;165;36;68;109;56;0;5;104;109
8;Barcelona;41;Vallès Oriental;08105;Llagosta, la;1;1;A;;474;120;227;290;184;3;4;283;287
8;Barcelona;41;Vallès Oriental;08105;Llagosta, la;1;1;B;;648;170;331;404;244;4;6;394;400
8;Barcelona;41;Vallès Oriental;08105;Llagosta, la;1;2;A;;582;152;297;360;222;4;8;348;356
8;Barcelona;41;Vallès Oriental;08105;Llagosta, la;1;2;B;;704;161;356;449;255;2;8;439;447
8;Barcelona;41;Vallès Oriental;08105;Llagosta, la;1;3;A;;458;114;259;321;137;1;3;317;320
8;Barcelona;41;Vallès Oriental;08105;Llagosta, la;1;3;B;;590;177;333;413;177;7;3;403;406
8;Barcelona;41;Vallès Oriental;08105;Llagosta, la;1;4;A;;516;168;288;350;166;5;3;342;345
8;Barcelona;41;Vallès Oriental;08105;Llagosta, la;1;4;B;;575;180;327;377;198;3;5;369;374
8;Barcelona;41;Vallès Oriental;08105;Llagosta, la;1;5;A;;542;139;268;326;216;6;3;317;320
8;Barcelona;41;Vallès Oriental;08105;Llagosta, la;1;5;B;;564;128;263;335;229;4;5;326;331
8;Barcelona;41;Vallès Oriental;08105;Llagosta, la;1;6;A;;441;143;229;273;168;5;4;264;268
8;Barcelona;41;Vallès Oriental;08105;Llagosta, la;1;6;B;;490;164;264;314;176;7;4;303;307
8;Barcelona;41;Vallès Oriental;08105;Llagosta, la;1;7;A;;484;160;284;332;152;9;4;319;323
8;Barcelona;41;Vallès Oriental;08105;Llagosta, la;1;7;B;;526;172;290;333;193;6;7;320;327
8;Barcelona;41;Vallès Oriental;08105;Llagosta, la;1;8;A;;356;96;191;252;104;4;4;244;248
8;Barcelona;41;Vallès Oriental;08105;Llagosta, la;1;8;B;;513;160;304;381;132;2;8;371;379
8;Barcelona;41;Vallès Oriental;08105;Llagosta, la;1;9;A;;518;145;299;361;157;14;7;340;347
8;Barcelona;41;Vallès Oriental;08105;Llagosta, la;1;9;B;;628;188;384;446;182;7;8;431;439
17;Girona;20;Gironès;17089;Llagostera;1;1;A;;587;158;300;374;213;3;5;366;371
17;Girona;20;Gironès;17089;Llagostera;1;1;B;;642;180;350;417;225;3;2;412;414
17;Girona;20;Gironès;17089;Llagostera;1;2;A;;576;185;346;406;170;2;6;398;404
17;Girona;20;Gironès;17089;Llagostera;1;2;B;;626;190;370;448;178;4;8;436;444
17;Girona;20;Gironès;17089;Llagostera;1;3;A;;603;194;343;411;192;2;4;405;409
17;Girona;20;Gironès;17089;Llagostera;1;3;B;;532;162;302;358;174;1;3;354;357
17;Girona;20;Gironès;17089;Llagostera;1;3;C;;624;226;379;441;183;1;5;435;440
17;Girona;20;Gironès;17089;Llagostera;1;4;A;;753;225;434;542;211;5;5;532;537
17;Girona;20;Gironès;17089;Llagostera;1;4;B;;540;182;276;411;129;7;4;400;404
17;Girona;20;Gironès;17090;Llambilles;1;1;U;;555;192;383;462;93;1;9;452;461
17;Girona;31;Ripollès;17091;Llanars;1;1;U;;414;126;276;322;92;7;9;306;315
17;Girona;2;Alt Empordà;17092;Llançà;1;1;A;;519;176;296;372;147;1;4;367;371
17;Girona;2;Alt Empordà;17092;Llançà;1;1;B;;525;176;308;397;128;2;3;392;395
17;Girona;2;Alt Empordà;17092;Llançà;1;2;A;;362;137;238;280;82;5;3;272;275
17;Girona;2;Alt Empordà;17092;Llançà;1;2;B;;429;142;245;314;115;3;8;303;311
17;Girona;2;Alt Empordà;17092;Llançà;1;2;C;;448;121;264;326;122;5;1;320;321
17;Girona;2;Alt Empordà;17092;Llançà;1;2;D;;359;140;227;270;89;4;1;265;266
17;Girona;2;Alt Empordà;17092;Llançà;1;3;A;;426;102;229;279;147;5;0;274;274
17;Girona;2;Alt Empordà;17092;Llançà;1;3;B;;410;149;256;292;118;11;1;280;281
25;Lleida;33;Segrià;25125;Llardecans;1;1;U;;447;161;290;338;109;6;4;328;332
25;Lleida;26;Pallars Sobirà;25126;Llavorsí;1;1;U;;293;87;168;218;75;2;6;210;216
25;Lleida;33;Segrià;25120;Lleida;1;1;A;;656;200;377;472;184;1;13;458;471
25;Lleida;33;Segrià;25120;Lleida;1;1;B;;761;209;427;530;231;7;13;510;523
25;Lleida;33;Segrià;25120;Lleida;1;10;A;;506;113;226;288;218;1;8;279;287
25;Lleida;33;Segrià;25120;Lleida;1;10;B;;657;164;309;364;293;6;9;349;358
25;Lleida;33;Segrià;25120;Lleida;1;11;A;;526;158;265;341;185;3;5;333;338
25;Lleida;33;Segrià;25120;Lleida;1;11;B;;570;134;264;351;219;2;4;345;349
25;Lleida;33;Segrià;25120;Lleida;1;12;U;;756;186;334;449;307;9;9;431;440
25;Lleida;33;Segrià;25120;Lleida;1;13;A;;655;168;363;453;202;6;13;434;447
25;Lleida;33;Segrià;25120;Lleida;1;13;B;;681;199;385;457;224;4;21;432;453
25;Lleida;33;Segrià;25120;Lleida;1;14;A;;618;167;330;432;186;4;9;419;428
25;Lleida;33;Segrià;25120;Lleida;1;14;B;;646;157;326;442;204;4;9;429;438
25;Lleida;33;Segrià;25120;Lleida;1;3;A;;515;152;291;370;145;7;7;356;363
25;Lleida;33;Segrià;25120;Lleida;1;3;B;;528;159;289;378;150;5;4;369;373
25;Lleida;33;Segrià;25120;Lleida;1;4;A;;973;224;460;618;355;5;12;601;613
25;Lleida;33;Segrià;25120;Lleida;1;4;B;;1144;270;606;797;347;11;11;775;786
25;Lleida;33;Segrià;25120;Lleida;1;5;A;;576;145;274;358;218;5;4;349;353
25;Lleida;33;Segrià;25120;Lleida;1;5;B;;869;194;410;535;334;13;11;511;522
25;Lleida;33;Segrià;25120;Lleida;1;6;A;;459;115;230;282;177;2;9;271;280
25;Lleida;33;Segrià;25120;Lleida;1;6;B;;600;130;299;383;217;5;11;367;378
25;Lleida;33;Segrià;25120;Lleida;1;7;A;;908;229;431;560;348;1;8;551;559
25;Lleida;33;Segrià;25120;Lleida;1;7;B;;1045;250;475;626;419;5;16;605;621
25;Lleida;33;Segrià;25120;Lleida;1;8;A;;814;209;401;534;280;7;19;508;527
25;Lleida;33;Segrià;25120;Lleida;1;8;B;;929;228;473;619;310;15;13;591;604
25;Lleida;33;Segrià;25120;Lleida;1;9;U;;792;187;398;528;264;4;14;510;524
25;Lleida;33;Segrià;25120;Lleida;2;2;A;;507;147;289;356;151;4;5;347;352
25;Lleida;33;Segrià;25120;Lleida;2;2;B;;597;174;341;407;190;4;10;393;403
25;Lleida;33;Segrià;25120;Lleida;2;3;U;;867;242;440;598;269;8;8;582;590
25;Lleida;33;Segrià;25120;Lleida;2;4;A;;871;244;467;591;280;18;14;559;573
25;Lleida;33;Segrià;25120;Lleida;2;4;B;;928;278;524;655;273;13;13;629;642
25;Lleida;33;Segrià;25120;Lleida;2;5;A;;730;213;394;523;207;1;16;506;522
25;Lleida;33;Segrià;25120;Lleida;2;5;B;;943;263;542;681;262;11;21;649;670
25;Lleida;33;Segrià;25120;Lleida;2;6;U;;847;213;446;561;286;5;7;549;556
25;Lleida;33;Segrià;25120;Lleida;2;7;A;;746;200;387;471;275;4;8;459;467
25;Lleida;33;Segrià;25120;Lleida;2;7;B;;728;222;384;487;241;2;9;476;485
25;Lleida;33;Segrià;25120;Lleida;2;8;A;;433;137;221;284;149;0;3;281;284
25;Lleida;33;Segrià;25120;Lleida;2;8;B;;560;152;295;358;202;1;12;345;357
25;Lleida;33;Segrià;25120;Lleida;2;9;A;;549;148;325;413;136;5;4;404;408
25;Lleida;33;Segrià;25120;Lleida;2;9;B;;661;171;363;479;182;7;9;463;472
25;Lleida;33;Segrià;25120;Lleida;3;1;U;;666;173;298;375;291;0;3;372;375
25;Lleida;33;Segrià;25120;Lleida;3;3;A;;490;142;254;323;167;2;9;312;321
25;Lleida;33;Segrià;25120;Lleida;3;3;B;;508;156;285;343;165;2;6;335;341
25;Lleida;33;Segrià;25120;Lleida;3;4;A;;468;145;281;360;108;5;7;348;355
25;Lleida;33;Segrià;25120;Lleida;3;4;B;;552;183;340;430;122;8;5;417;422
25;Lleida;33;Segrià;25120;Lleida;3;5;U;;524;162;288;374;150;6;0;368;368
25;Lleida;33;Segrià;25120;Lleida;3;6;A;;507;166;304;374;133;10;1;363;364
25;Lleida;33;Segrià;25120;Lleida;3;6;B;;532;153;293;380;152;0;7;373;380
25;Lleida;33;Segrià;25120;Lleida;3;7;U;;540;160;285;363;177;5;9;349;358
25;Lleida;33;Segrià;25120;Lleida;3;8;U;;773;211;408;509;264;6;7;496;503
25;Lleida;33;Segrià;25120;Lleida;4;1;A;;523;128;195;223;300;5;4;214;218
25;Lleida;33;Segrià;25120;Lleida;4;1;B;;550;125;209;242;308;4;6;232;238
25;Lleida;33;Segrià;25120;Lleida;4;10;A;;742;101;206;263;479;2;6;255;261
25;Lleida;33;Segrià;25120;Lleida;4;10;B;;540;129;184;218;322;3;7;208;215
25;Lleida;33;Segrià;25120;Lleida;4;11;U;;866;168;320;374;492;3;13;358;371
25;Lleida;33;Segrià;25120;Lleida;4;12;U;;544;82;170;185;359;3;7;175;182
25;Lleida;33;Segrià;25120;Lleida;4;13;U;;896;227;425;502;394;11;7;484;491
25;Lleida;33;Segrià;25120;Lleida;4;14;U;;964;235;409;567;397;10;7;550;557
25;Lleida;33;Segrià;25120;Lleida;4;15;A;;482;148;245;301;181;4;12;285;297
25;Lleida;33;Segrià;25120;Lleida;4;15;B;;557;153;300;368;189;2;8;358;366
25;Lleida;33;Segrià;25120;Lleida;4;16;A;;483;125;250;314;169;3;5;306;311
25;Lleida;33;Segrià;25120;Lleida;4;16;B;;564;148;295;390;174;1;14;375;389
25;Lleida;33;Segrià;25120;Lleida;4;17;A;;596;160;293;380;216;6;12;362;374
25;Lleida;33;Segrià;25120;Lleida;4;17;B;;660;177;322;423;237;4;9;410;419
25;Lleida;33;Segrià;25120;Lleida;4;3;A;;655;198;378;482;173;1;4;477;481
25;Lleida;33;Segrià;25120;Lleida;4;3;B;;748;218;436;553;195;7;15;531;546
25;Lleida;33;Segrià;25120;Lleida;4;4;U;;623;185;311;403;220;10;1;392;393
25;Lleida;33;Segrià;25120;Lleida;4;5;U;;573;163;302;407;166;5;7;395;402
25;Lleida;33;Segrià;25120;Lleida;4;6;A;;516;153;293;375;141;7;10;358;368
25;Lleida;33;Segrià;25120;Lleida;4;6;B;;560;168;301;387;173;5;13;369;382
25;Lleida;33;Segrià;25120;Lleida;4;7;U;;868;241;442;553;315;3;11;539;550
25;Lleida;33;Segrià;25120;Lleida;4;8;U;;732;215;372;440;292;8;4;428;432
25;Lleida;33;Segrià;25120;Lleida;5;10;U;;761;264;499;598;163;7;12;579;591
25;Lleida;33;Segrià;25120;Lleida;5;11;A;;637;196;419;520;117;3;9;508;517
25;Lleida;33;Segrià;25120;Lleida;5;11;B;;650;195;393;523;127;7;13;503;516
25;Lleida;33;Segrià;25120;Lleida;5;12;U;;687;181;389;500;187;6;4;490;494
25;Lleida;33;Segrià;25120;Lleida;5;2;U;;764;259;452;534;230;6;10;518;528
25;Lleida;33;Segrià;25120;Lleida;5;3;U;;911;231;470;602;309;1;4;597;601
25;Lleida;33;Segrià;25120;Lleida;5;4;U;;775;238;445;559;216;5;2;552;554
25;Lleida;33;Segrià;25120;Lleida;5;5;U;;879;273;520;633;246;4;17;612;629
25;Lleida;33;Segrià;25120;Lleida;5;6;A;;584;125;329;445;139;2;10;433;443
25;Lleida;33;Segrià;25120;Lleida;5;6;B;;724;154;424;566;158;12;14;540;554
25;Lleida;33;Segrià;25120;Lleida;5;7;U;;543;156;265;333;210;5;9;319;328
25;Lleida;33;Segrià;25120;Lleida;5;8;U;;886;272;483;641;245;6;9;626;635
25;Lleida;33;Segrià;25120;Lleida;5;9;U;;732;252;457;562;170;12;15;535;550
25;Lleida;33;Segrià;25120;Lleida;6;1;A;;321;65;107;135;186;4;2;129;131
25;Lleida;33;Segrià;25120;Lleida;6;1;B;;771;213;429;517;254;5;10;502;512
25;Lleida;33;Segrià;25120;Lleida;6;10;A;;480;132;250;312;168;4;5;303;308
25;Lleida;33;Segrià;25120;Lleida;6;10;B;;518;124;248;314;204;1;6;307;313
25;Lleida;33;Segrià;25120;Lleida;6;11;A;;488;132;265;321;167;6;5;310;315
25;Lleida;33;Segrià;25120;Lleida;6;11;B;;488;133;278;338;150;6;9;323;332
25;Lleida;33;Segrià;25120;Lleida;6;12;A;;525;193;300;375;150;3;11;361;372
25;Lleida;33;Segrià;25120;Lleida;6;12;B;;529;169;307;377;152;8;6;363;369
25;Lleida;33;Segrià;25120;Lleida;6;13;U;;916;270;562;684;232;4;7;673;680
25;Lleida;33;Segrià;25120;Lleida;6;14;A;;929;240;488;643;286;15;20;608;628
25;Lleida;33;Segrià;25120;Lleida;6;14;B;;1043;294;571;739;304;10;16;713;729
25;Lleida;33;Segrià;25120;Lleida;6;16;U;;691;170;384;508;183;10;11;487;498
25;Lleida;33;Segrià;25120;Lleida;6;17;A;;617;157;287;376;241;4;6;366;372
25;Lleida;33;Segrià;25120;Lleida;6;17;B;;721;161;319;429;292;7;11;411;422
25;Lleida;33;Segrià;25120;Lleida;6;2;A;;560;183;304;382;178;2;3;377;380
25;Lleida;33;Segrià;25120;Lleida;6;2;B;;567;177;277;375;192;2;10;363;373
25;Lleida;33;Segrià;25120;Lleida;6;3;A;;637;180;345;431;206;5;6;420;426
25;Lleida;33;Segrià;25120;Lleida;6;3;B;;733;210;373;483;250;9;12;462;474
25;Lleida;33;Segrià;25120;Lleida;6;4;A;;662;191;357;452;210;2;11;439;450
25;Lleida;33;Segrià;25120;Lleida;6;4;B;;747;224;420;533;214;5;8;520;528
25;Lleida;33;Segrià;25120;Lleida;6;5;U;;593;185;348;436;157;6;12;418;430
25;Lleida;33;Segrià;25120;Lleida;6;6;U;;955;268;498;618;337;7;10;601;611
25;Lleida;33;Segrià;25120;Lleida;6;7;A;;589;147;270;364;225;1;7;356;363
25;Lleida;33;Segrià;25120;Lleida;6;7;B;;561;134;258;337;224;8;6;323;329
25;Lleida;33;Segrià;25120;Lleida;6;7;C;;569;153;280;367;202;4;5;358;363
25;Lleida;33;Segrià;25120;Lleida;6;9;U;;655;172;292;375;280;4;1;370;371
25;Lleida;33;Segrià;25120;Lleida;7;1;A;;872;214;408;567;305;1;16;550;566
25;Lleida;33;Segrià;25120;Lleida;7;1;B;;1089;272;544;699;390;7;6;686;692
25;Lleida;33;Segrià;25120;Lleida;7;2;U;;669;187;328;409;260;2;9;398;407
25;Lleida;33;Segrià;25120;Lleida;7;3;A;;617;170;320;398;219;3;13;382;395
25;Lleida;33;Segrià;25120;Lleida;7;3;B;;730;196;399;490;240;1;16;473;489
25;Lleida;33;Segrià;25120;Lleida;7;4;A;;567;139;251;309;258;2;8;299;307
25;Lleida;33;Segrià;25120;Lleida;7;4;B;;709;137;274;367;342;7;5;355;360
25;Lleida;33;Segrià;25120;Lleida;7;4;C;;613;135;261;314;299;4;5;305;310
25;Lleida;33;Segrià;25120;Lleida;7;5;A;;838;175;384;528;310;9;31;488;519
25;Lleida;33;Segrià;25120;Lleida;7;5;B;;972;203;449;602;370;15;13;574;587
25;Lleida;33;Segrià;25120;Lleida;7;6;A;;806;200;403;489;317;2;9;478;487
25;Lleida;33;Segrià;25120;Lleida;7;6;B;;816;228;435;534;282;6;6;522;528
25;Lleida;33;Segrià;25120;Lleida;7;7;A;;761;168;368;489;272;4;12;473;485
25;Lleida;33;Segrià;25120;Lleida;7;7;B;;849;178;427;529;320;9;22;498;520
25;Lleida;33;Segrià;25120;Lleida;8;1;A;;482;102;261;344;138;1;5;338;343
25;Lleida;33;Segrià;25120;Lleida;8;1;B;;776;172;394;487;289;4;10;473;483
25;Lleida;33;Segrià;25120;Lleida;8;2;A;;615;165;369;487;128;3;3;481;484
25;Lleida;33;Segrià;25120;Lleida;8;2;B;;711;189;435;577;134;6;10;561;571
25;Lleida;33;Segrià;25120;Lleida;8;2;C;;393;96;187;250;143;5;1;244;245
25;Lleida;33;Segrià;25120;Lleida;8;2;D;;280;86;167;230;50;4;6;220;226
25;Lleida;33;Segrià;25120;Lleida;8;3;A;;373;122;214;276;97;2;7;267;274
25;Lleida;33;Segrià;25120;Lleida;8;3;B;;460;117;258;350;110;0;10;340;350
25;Lleida;33;Segrià;25120;Lleida;9;1;A;;649;159;373;476;173;8;7;461;468
25;Lleida;33;Segrià;25120;Lleida;9;1;B;;852;275;530;577;275;3;11;563;574
25;Lleida;33;Segrià;25120;Lleida;9;2;A;;945;185;440;593;352;3;11;579;590
25;Lleida;33;Segrià;25120;Lleida;9;2;B;;301;98;158;193;108;2;3;188;191
17;Girona;2;Alt Empordà;17093;Llers;1;1;A;;432;157;289;333;99;1;5;327;332
17;Girona;2;Alt Empordà;17093;Llers;1;1;B;;438;154;275;312;126;0;4;308;312
25;Lleida;15;Cerdanya;25127;Lles de Cerdanya;1;1;U;;227;82;140;178;49;1;0;177;177
8;Barcelona;41;Vallès Oriental;08107;Lliçà d'Amunt;1;1;A;;647;184;376;456;191;10;6;440;446
8;Barcelona;41;Vallès Oriental;08107;Lliçà d'Amunt;1;1;B;;846;258;514;615;231;8;3;604;607
8;Barcelona;41;Vallès Oriental;08107;Lliçà d'Amunt;1;10;A;;482;133;259;312;170;1;6;305;311
8;Barcelona;41;Vallès Oriental;08107;Lliçà d'Amunt;1;10;B;;530;176;291;353;177;4;3;346;349
8;Barcelona;41;Vallès Oriental;08107;Lliçà d'Amunt;1;2;A;;425;119;243;300;125;4;7;289;296
8;Barcelona;41;Vallès Oriental;08107;Lliçà d'Amunt;1;2;B;;621;173;335;443;178;5;6;432;438
8;Barcelona;41;Vallès Oriental;08107;Lliçà d'Amunt;1;3;A;;405;125;215;275;130;1;0;274;274
8;Barcelona;41;Vallès Oriental;08107;Lliçà d'Amunt;1;3;B;;495;133;264;331;164;1;4;326;330
8;Barcelona;41;Vallès Oriental;08107;Lliçà d'Amunt;1;4;A;;644;170;305;370;274;2;4;364;368
8;Barcelona;41;Vallès Oriental;08107;Lliçà d'Amunt;1;4;B;;789;224;370;459;330;0;0;459;459
8;Barcelona;41;Vallès Oriental;08107;Lliçà d'Amunt;1;5;A;;586;164;287;362;224;3;7;352;359
8;Barcelona;41;Vallès Oriental;08107;Lliçà d'Amunt;1;5;B;;623;174;324;407;216;4;9;394;403
8;Barcelona;41;Vallès Oriental;08107;Lliçà d'Amunt;1;6;A;;402;101;202;252;150;1;7;244;251
8;Barcelona;41;Vallès Oriental;08107;Lliçà d'Amunt;1;6;B;;403;107;216;275;128;3;0;272;272
8;Barcelona;41;Vallès Oriental;08107;Lliçà d'Amunt;1;7;A;;534;153;281;362;172;8;5;349;354
8;Barcelona;41;Vallès Oriental;08107;Lliçà d'Amunt;1;7;B;;633;182;317;426;207;5;2;419;421
8;Barcelona;41;Vallès Oriental;08107;Lliçà d'Amunt;1;8;A;;502;154;269;330;172;0;7;323;330
8;Barcelona;41;Vallès Oriental;08107;Lliçà d'Amunt;1;8;B;;563;159;289;369;194;8;5;356;361
8;Barcelona;41;Vallès Oriental;08107;Lliçà d'Amunt;1;9;A;;437;137;233;272;165;0;0;272;272
8;Barcelona;41;Vallès Oriental;08107;Lliçà d'Amunt;1;9;B;;528;150;292;352;176;4;13;335;348
8;Barcelona;41;Vallès Oriental;08108;Lliçà de Vall;1;1;A;;662;183;360;461;201;2;14;445;459
8;Barcelona;41;Vallès Oriental;08108;Lliçà de Vall;1;1;B;;786;244;432;534;252;1;9;524;533
8;Barcelona;41;Vallès Oriental;08108;Lliçà de Vall;1;2;A;;666;214;388;473;193;4;8;461;469
8;Barcelona;41;Vallès Oriental;08108;Lliçà de Vall;1;2;B;;747;226;439;534;213;4;15;515;530
8;Barcelona;41;Vallès Oriental;08108;Lliçà de Vall;1;3;A;;608;197;363;440;168;2;10;428;438
8;Barcelona;41;Vallès Oriental;08108;Lliçà de Vall;1;3;B;;641;220;371;443;198;5;5;433;438
8;Barcelona;41;Vallès Oriental;08108;Lliçà de Vall;1;4;U;;847;221;489;565;282;5;8;552;560
25;Lleida;25;Pallars Jussà;25128;Llimiana;1;1;U;;146;34;58;95;51;0;1;94;95
8;Barcelona;41;Vallès Oriental;08106;Llinars del Vallès;1;1;A;;516;157;298;356;160;2;4;350;354
8;Barcelona;41;Vallès Oriental;08106;Llinars del Vallès;1;1;B;;506;145;273;338;168;2;5;331;336
8;Barcelona;41;Vallès Oriental;08106;Llinars del Vallès;1;2;A;;650;214;377;456;194;17;8;431;439
8;Barcelona;41;Vallès Oriental;08106;Llinars del Vallès;1;2;B;;739;214;410;510;229;7;10;493;503
8;Barcelona;41;Vallès Oriental;08106;Llinars del Vallès;2;1;A;;696;223;440;519;177;4;8;507;515
8;Barcelona;41;Vallès Oriental;08106;Llinars del Vallès;2;1;B;;785;218;461;572;213;3;7;562;569
8;Barcelona;41;Vallès Oriental;08106;Llinars del Vallès;2;2;A;;677;240;430;508;169;5;7;496;503
8;Barcelona;41;Vallès Oriental;08106;Llinars del Vallès;2;2;B;;652;195;362;444;208;3;9;432;441
8;Barcelona;41;Vallès Oriental;08106;Llinars del Vallès;2;2;C;;687;235;428;493;194;3;11;479;490
8;Barcelona;41;Vallès Oriental;08106;Llinars del Vallès;2;3;A;;475;142;271;333;142;1;5;327;332
8;Barcelona;41;Vallès Oriental;08106;Llinars del Vallès;2;3;B;;599;195;343;414;185;0;12;402;414
17;Girona;15;Cerdanya;17094;Llívia;1;1;U;;1143;294;604;827;316;5;8;814;822
43;Tarragona;29;Priorat;43072;Lloar, el;1;1;U;;95;21;57;77;18;0;0;77;77
25;Lleida;35;Solsonès;25129;Llobera;1;1;U;;178;40;99;141;37;2;7;132;139
43;Tarragona;16;Conca de Barberà;43073;Llorac;1;1;U;;93;31;47;68;25;0;1;67;68
43;Tarragona;12;Baix Penedès;43074;Llorenç del Penedès;1;1;A;;418;124;246;304;114;6;6;292;298
43;Tarragona;12;Baix Penedès;43074;Llorenç del Penedès;1;1;B;;339;96;190;241;98;8;3;230;233
43;Tarragona;12;Baix Penedès;43074;Llorenç del Penedès;1;1;C;;457;136;268;336;121;6;3;327;330
43;Tarragona;12;Baix Penedès;43074;Llorenç del Penedès;1;1;D;;496;140;317;384;112;9;7;368;375
17;Girona;34;Selva;17095;Lloret de Mar;1;1;A;;687;187;349;422;265;1;2;419;421
17;Girona;34;Selva;17095;Lloret de Mar;1;1;B;;722;203;374;433;289;3;6;424;430
17;Girona;34;Selva;17095;Lloret de Mar;1;2;A;;543;161;294;335;208;2;6;327;333
17;Girona;34;Selva;17095;Lloret de Mar;1;2;B;;564;170;292;349;215;0;7;342;349
17;Girona;34;Selva;17095;Lloret de Mar;1;3;A;;998;239;418;509;489;3;5;501;506
17;Girona;34;Selva;17095;Lloret de Mar;1;3;B;;861;221;378;461;400;6;7;448;455
17;Girona;34;Selva;17095;Lloret de Mar;2;1;A;;689;233;405;465;224;5;5;455;460
17;Girona;34;Selva;17095;Lloret de Mar;2;1;B;;631;210;381;432;199;0;2;430;432
17;Girona;34;Selva;17095;Lloret de Mar;2;2;A;;604;202;302;405;199;0;4;401;405
17;Girona;34;Selva;17095;Lloret de Mar;2;2;B;;650;224;347;402;248;2;5;395;400
17;Girona;34;Selva;17095;Lloret de Mar;2;3;A;;719;222;375;438;281;7;6;425;431
17;Girona;34;Selva;17095;Lloret de Mar;2;3;B;;796;250;430;518;278;3;6;509;515
17;Girona;34;Selva;17095;Lloret de Mar;3;1;A;;711;206;380;457;254;3;7;447;454
17;Girona;34;Selva;17095;Lloret de Mar;3;1;B;;711;176;364;439;272;6;5;428;433
17;Girona;34;Selva;17095;Lloret de Mar;3;2;A;;819;242;452;533;286;4;8;521;529
17;Girona;34;Selva;17095;Lloret de Mar;3;2;B;;986;293;513;598;388;4;6;588;594
17;Girona;34;Selva;17095;Lloret de Mar;3;3;A;;595;179;322;396;199;4;8;384;392
17;Girona;34;Selva;17095;Lloret de Mar;3;3;B;;600;160;312;376;224;4;5;367;372
17;Girona;34;Selva;17095;Lloret de Mar;3;3;C;;583;154;285;348;235;2;7;339;346
17;Girona;34;Selva;17095;Lloret de Mar;3;4;A;;721;189;313;399;322;4;10;385;395
17;Girona;34;Selva;17095;Lloret de Mar;3;4;B;;680;150;280;342;338;9;2;331;333
17;Girona;34;Selva;17095;Lloret de Mar;4;1;A;;636;151;302;370;266;7;5;358;363
17;Girona;34;Selva;17095;Lloret de Mar;4;1;B;;646;161;300;355;291;2;5;348;353
17;Girona;34;Selva;17095;Lloret de Mar;4;2;A;;731;171;336;430;301;4;3;423;426
17;Girona;34;Selva;17095;Lloret de Mar;4;2;B;;725;175;330;420;305;3;9;408;417
17;Girona;34;Selva;17095;Lloret de Mar;4;3;U;;1061;263;564;704;357;13;11;680;691
17;Girona;34;Selva;17095;Lloret de Mar;4;4;U;;702;168;371;450;252;5;4;441;445
17;Girona;31;Ripollès;17096;Llosses, les;1;1;U;;178;55;95;118;60;1;0;117;117
8;Barcelona;24;Osona;08109;Lluçà;1;1;U;;194;71;134;171;23;0;1;170;171
17;Girona;2;Alt Empordà;17102;Maçanet de Cabrenys;1;1;U;;572;195;342;437;135;3;9;425;434
17;Girona;34;Selva;17103;Maçanet de la Selva;1;1;A;;496;133;297;358;138;3;5;350;355
17;Girona;34;Selva;17103;Maçanet de la Selva;1;1;B;;558;174;325;390;168;2;2;386;388
17;Girona;34;Selva;17103;Maçanet de la Selva;1;2;A;;880;266;412;490;390;4;10;476;486
17;Girona;34;Selva;17103;Maçanet de la Selva;1;2;B;;865;251;400;461;404;1;8;452;460
17;Girona;34;Selva;17103;Maçanet de la Selva;1;3;A;;542;161;309;363;179;9;2;352;354
17;Girona;34;Selva;17103;Maçanet de la Selva;1;3;B;;562;179;338;408;154;6;4;398;402
17;Girona;34;Selva;17103;Maçanet de la Selva;1;4;A;;544;147;223;268;276;0;4;264;268
17;Girona;34;Selva;17103;Maçanet de la Selva;1;4;B;;536;129;206;256;280;1;3;252;255
17;Girona;20;Gironès;17097;Madremanya;1;1;U;;194;61;138;165;29;0;1;164;165
17;Girona;19;Garrotxa;17098;Maià de Montcal;1;1;U;;317;114;201;240;77;2;2;236;238
25;Lleida;33;Segrià;25133;Maials;1;1;U;;749;183;398;565;184;3;8;554;562
25;Lleida;38;Urgell;25130;Maldà;1;1;U;;201;52;116;145;56;0;6;139;145
8;Barcelona;21;Maresme;08110;Malgrat de Mar;1;1;A;;360;123;215;255;105;3;6;246;252
8;Barcelona;21;Maresme;08110;Malgrat de Mar;1;1;B;;419;137;243;290;129;4;1;285;286
8;Barcelona;21;Maresme;08110;Malgrat de Mar;1;1;C;;413;143;238;295;118;6;4;285;289
8;Barcelona;21;Maresme;08110;Malgrat de Mar;1;2;A;;426;133;239;287;139;1;2;284;286
8;Barcelona;21;Maresme;08110;Malgrat de Mar;1;2;B;;388;133;234;277;111;2;6;269;275
8;Barcelona;21;Maresme;08110;Malgrat de Mar;1;2;C;;600;194;381;404;196;3;6;395;401
8;Barcelona;21;Maresme;08110;Malgrat de Mar;1;2;D;;440;139;278;305;135;3;2;300;302
8;Barcelona;21;Maresme;08110;Malgrat de Mar;1;3;A;;480;132;252;314;166;5;6;303;309
8;Barcelona;21;Maresme;08110;Malgrat de Mar;1;3;B;;641;175;327;393;248;5;6;382;388
8;Barcelona;21;Maresme;08110;Malgrat de Mar;1;3;C;;496;160;271;315;181;5;2;308;310
8;Barcelona;21;Maresme;08110;Malgrat de Mar;1;4;A;;392;133;221;260;132;5;2;253;255
8;Barcelona;21;Maresme;08110;Malgrat de Mar;1;4;B;;526;152;311;327;199;1;1;325;326
8;Barcelona;21;Maresme;08110;Malgrat de Mar;1;4;C;;428;137;235;282;146;2;2;278;280
8;Barcelona;21;Maresme;08110;Malgrat de Mar;1;5;A;;397;111;218;250;147;5;1;244;245
8;Barcelona;21;Maresme;08110;Malgrat de Mar;1;5;B;;528;160;298;350;178;10;3;337;340
8;Barcelona;21;Maresme;08110;Malgrat de Mar;1;5;C;;405;122;233;270;135;3;1;266;267
8;Barcelona;21;Maresme;08110;Malgrat de Mar;1;6;A;;555;182;298;351;204;3;5;343;348
8;Barcelona;21;Maresme;08110;Malgrat de Mar;1;6;B;;704;230;383;448;256;4;8;436;444
8;Barcelona;21;Maresme;08110;Malgrat de Mar;1;6;C;;526;170;297;333;193;5;3;325;328
8;Barcelona;21;Maresme;08110;Malgrat de Mar;2;1;A;;397;137;255;300;97;1;4;295;299
8;Barcelona;21;Maresme;08110;Malgrat de Mar;2;1;B;;424;144;246;287;137;1;3;283;286
8;Barcelona;21;Maresme;08110;Malgrat de Mar;2;1;C;;447;239;250;340;107;1;3;336;339
8;Barcelona;21;Maresme;08110;Malgrat de Mar;2;2;A;;504;188;316;374;130;4;0;370;370
8;Barcelona;21;Maresme;08110;Malgrat de Mar;2;2;B;;576;189;328;384;192;1;5;378;383
8;Barcelona;21;Maresme;08110;Malgrat de Mar;2;2;C;;541;184;324;366;175;2;2;362;364
8;Barcelona;21;Maresme;08110;Malgrat de Mar;2;3;A;;381;105;165;205;176;2;1;202;203
8;Barcelona;21;Maresme;08110;Malgrat de Mar;2;3;B;;518;175;259;301;217;6;4;291;295
8;Barcelona;21;Maresme;08110;Malgrat de Mar;2;3;C;;430;127;209;256;174;2;6;248;254
8;Barcelona;24;Osona;08111;Malla;1;1;U;;219;86;150;193;26;0;0;193;193
8;Barcelona;24;Osona;08112;Manlleu;1;1;A;;645;222;394;468;177;5;1;462;463
8;Barcelona;24;Osona;08112;Manlleu;1;1;B;;730;242;460;573;157;2;6;565;571
8;Barcelona;24;Osona;08112;Manlleu;1;2;U;;604;203;396;474;130;2;7;465;472
8;Barcelona;24;Osona;08112;Manlleu;2;1;A;;570;181;368;449;121;2;5;442;447
8;Barcelona;24;Osona;08112;Manlleu;2;1;B;;684;238;425;520;164;2;8;510;518
8;Barcelona;24;Osona;08112;Manlleu;2;2;A;;569;171;355;418;151;1;7;410;417
8;Barcelona;24;Osona;08112;Manlleu;2;2;B;;678;188;405;478;200;5;3;470;473
8;Barcelona;24;Osona;08112;Manlleu;2;3;A;;381;134;248;284;97;4;2;278;280
8;Barcelona;24;Osona;08112;Manlleu;2;3;B;;399;161;267;304;95;1;2;301;303
8;Barcelona;24;Osona;08112;Manlleu;2;4;A;;482;148;293;347;135;1;8;338;346
8;Barcelona;24;Osona;08112;Manlleu;2;4;B;;502;149;306;364;138;4;6;354;360
8;Barcelona;24;Osona;08112;Manlleu;3;1;A;;544;141;306;389;155;8;4;377;381
8;Barcelona;24;Osona;08112;Manlleu;3;1;B;;527;149;313;388;139;1;8;379;387
8;Barcelona;24;Osona;08112;Manlleu;3;2;A;;628;175;373;463;165;1;9;453;462
8;Barcelona;24;Osona;08112;Manlleu;3;2;B;;718;226;449;541;177;3;12;526;538
8;Barcelona;24;Osona;08112;Manlleu;3;3;A;;542;150;277;334;208;1;3;330;333
8;Barcelona;24;Osona;08112;Manlleu;3;3;B;;537;144;304;373;164;4;4;365;369
8;Barcelona;24;Osona;08112;Manlleu;3;4;A;;551;161;334;405;146;2;3;400;403
8;Barcelona;24;Osona;08112;Manlleu;3;4;B;;603;134;347;433;170;4;5;424;429
8;Barcelona;24;Osona;08112;Manlleu;4;1;U;;591;200;388;449;142;3;2;444;446
8;Barcelona;24;Osona;08112;Manlleu;4;2;A;;665;198;409;491;174;0;6;485;491
8;Barcelona;24;Osona;08112;Manlleu;4;2;B;;742;244;475;584;158;2;8;574;582
8;Barcelona;7;Bages;08113;Manresa;1;1;U;;595;187;304;373;222;0;7;366;373
8;Barcelona;7;Bages;08113;Manresa;1;2;U;;521;140;262;324;197;3;2;319;321
8;Barcelona;7;Bages;08113;Manresa;2;1;U;;641;217;395;483;158;4;3;476;479
8;Barcelona;7;Bages;08113;Manresa;2;10;A;;576;204;363;448;128;3;5;440;445
8;Barcelona;7;Bages;08113;Manresa;2;10;B;;747;250;467;578;169;6;5;567;572
8;Barcelona;7;Bages;08113;Manresa;2;11;A;;598;203;369;443;155;2;10;431;441
8;Barcelona;7;Bages;08113;Manresa;2;11;B;;687;210;417;512;175;4;10;498;508
8;Barcelona;7;Bages;08113;Manresa;2;12;A;;502;156;299;387;115;4;4;379;383
8;Barcelona;7;Bages;08113;Manresa;2;12;B;;575;185;351;436;139;5;5;426;431
8;Barcelona;7;Bages;08113;Manresa;2;13;A;;440;153;265;314;126;3;4;307;311
8;Barcelona;7;Bages;08113;Manresa;2;13;B;;545;170;318;388;157;0;7;381;388
8;Barcelona;7;Bages;08113;Manresa;2;14;U;;495;118;232;298;197;2;5;291;296
8;Barcelona;7;Bages;08113;Manresa;2;2;A;;718;232;459;558;160;2;7;549;556
8;Barcelona;7;Bages;08113;Manresa;2;2;B;;867;299;545;667;200;1;13;653;666
8;Barcelona;7;Bages;08113;Manresa;2;3;A;;639;209;393;479;160;3;4;472;476
8;Barcelona;7;Bages;08113;Manresa;2;3;B;;834;235;501;627;207;4;12;611;623
8;Barcelona;7;Bages;08113;Manresa;2;4;A;;663;243;424;523;140;1;5;517;522
8;Barcelona;7;Bages;08113;Manresa;2;4;B;;834;224;495;623;211;3;3;617;620
8;Barcelona;7;Bages;08113;Manresa;2;5;A;;692;209;386;488;204;7;6;475;481
8;Barcelona;7;Bages;08113;Manresa;2;5;B;;855;230;471;586;269;1;10;575;585
8;Barcelona;7;Bages;08113;Manresa;2;6;U;;555;135;290;363;192;4;2;357;359
8;Barcelona;7;Bages;08113;Manresa;2;7;A;;438;123;237;279;159;0;5;274;279
8;Barcelona;7;Bages;08113;Manresa;2;7;B;;596;165;328;398;198;2;8;388;396
8;Barcelona;7;Bages;08113;Manresa;2;8;U;;630;191;346;417;213;8;3;406;409
8;Barcelona;7;Bages;08113;Manresa;2;9;A;;584;152;315;382;202;0;8;374;382
8;Barcelona;7;Bages;08113;Manresa;2;9;B;;668;201;406;490;178;3;6;481;487
8;Barcelona;7;Bages;08113;Manresa;3;1;U;;630;185;312;386;244;0;8;378;386
8;Barcelona;7;Bages;08113;Manresa;3;2;U;;581;187;324;382;199;1;6;375;381
8;Barcelona;7;Bages;08113;Manresa;3;4;A;;410;126;221;271;139;2;3;266;269
8;Barcelona;7;Bages;08113;Manresa;3;4;B;;497;150;259;325;172;6;2;317;319
8;Barcelona;7;Bages;08113;Manresa;3;5;A;;675;206;390;485;190;4;10;471;481
8;Barcelona;7;Bages;08113;Manresa;3;5;B;;785;204;439;564;221;7;9;548;557
8;Barcelona;7;Bages;08113;Manresa;3;6;U;;732;224;435;516;216;6;4;506;510
8;Barcelona;7;Bages;08113;Manresa;4;1;A;;633;203;348;418;215;1;4;413;417
8;Barcelona;7;Bages;08113;Manresa;4;1;B;;719;234;406;501;218;6;4;491;495
8;Barcelona;7;Bages;08113;Manresa;4;11;U;;665;186;370;441;224;1;3;437;440
8;Barcelona;7;Bages;08113;Manresa;4;12;U;;523;143;298;354;169;1;1;352;353
8;Barcelona;7;Bages;08113;Manresa;4;13;A;;508;158;301;371;137;3;9;359;368
8;Barcelona;7;Bages;08113;Manresa;4;13;B;;581;184;350;439;142;4;5;430;435
8;Barcelona;7;Bages;08113;Manresa;4;14;A;;578;186;346;437;141;7;5;425;430
8;Barcelona;7;Bages;08113;Manresa;4;14;B;;703;217;434;537;166;3;11;523;534
8;Barcelona;7;Bages;08113;Manresa;4;15;A;;718;203;438;528;190;3;2;523;525
8;Barcelona;7;Bages;08113;Manresa;4;15;B;;832;236;491;610;222;1;10;599;609
8;Barcelona;7;Bages;08113;Manresa;4;3;U;;621;215;394;453;168;0;2;451;453
8;Barcelona;7;Bages;08113;Manresa;4;4;A;;590;174;355;425;165;5;4;416;420
8;Barcelona;7;Bages;08113;Manresa;4;4;B;;757;221;471;584;173;0;1;583;584
8;Barcelona;7;Bages;08113;Manresa;4;5;A;;505;181;312;369;136;4;5;360;365
8;Barcelona;7;Bages;08113;Manresa;4;5;B;;600;189;383;457;143;6;1;450;451
8;Barcelona;7;Bages;08113;Manresa;4;6;A;;535;158;308;385;150;4;4;377;381
8;Barcelona;7;Bages;08113;Manresa;4;6;B;;683;198;386;477;206;4;4;469;473
8;Barcelona;7;Bages;08113;Manresa;4;7;A;;711;200;408;508;203;3;3;502;505
8;Barcelona;7;Bages;08113;Manresa;4;7;B;;840;268;500;607;233;1;9;597;606
8;Barcelona;7;Bages;08113;Manresa;4;8;A;;525;164;327;388;137;6;6;376;382
8;Barcelona;7;Bages;08113;Manresa;4;8;B;;619;198;372;435;184;2;10;423;433
8;Barcelona;7;Bages;08113;Manresa;4;9;A;;529;143;290;359;170;4;7;348;355
8;Barcelona;7;Bages;08113;Manresa;4;9;B;;633;193;365;456;177;3;10;443;453
8;Barcelona;7;Bages;08113;Manresa;5;1;U;;723;174;343;411;312;4;5;402;407
8;Barcelona;7;Bages;08113;Manresa;5;10;U;;760;262;432;505;255;4;6;495;501
8;Barcelona;7;Bages;08113;Manresa;5;11;A;;536;147;283;344;192;1;6;337;343
8;Barcelona;7;Bages;08113;Manresa;5;11;B;;670;180;367;445;225;1;2;442;444
8;Barcelona;7;Bages;08113;Manresa;5;12;U;;649;170;316;391;258;2;7;382;389
8;Barcelona;7;Bages;08113;Manresa;5;13;A;;486;120;262;334;152;4;4;326;330
8;Barcelona;7;Bages;08113;Manresa;5;13;B;;493;133;262;331;162;2;5;324;329
8;Barcelona;7;Bages;08113;Manresa;5;14;A;;602;165;343;419;183;2;6;411;417
8;Barcelona;7;Bages;08113;Manresa;5;14;B;;731;206;415;518;213;6;4;508;512
8;Barcelona;7;Bages;08113;Manresa;5;15;A;;448;118;231;283;165;2;4;277;281
8;Barcelona;7;Bages;08113;Manresa;5;15;B;;503;145;264;318;185;4;9;305;314
8;Barcelona;7;Bages;08113;Manresa;5;16;U;;382;122;207;236;146;2;7;227;234
8;Barcelona;7;Bages;08113;Manresa;5;17;A;;515;134;300;374;141;0;4;370;374
8;Barcelona;7;Bages;08113;Manresa;5;17;B;;758;219;456;575;183;5;8;562;570
8;Barcelona;7;Bages;08113;Manresa;5;18;U;;714;177;346;449;265;8;11;430;441
8;Barcelona;7;Bages;08113;Manresa;5;2;U;;811;217;402;496;315;5;7;484;491
8;Barcelona;7;Bages;08113;Manresa;5;3;A;;494;136;283;332;162;1;12;319;331
8;Barcelona;7;Bages;08113;Manresa;5;3;B;;586;170;320;398;188;4;7;387;394
8;Barcelona;7;Bages;08113;Manresa;5;4;U;;466;176;270;328;138;2;4;322;326
8;Barcelona;7;Bages;08113;Manresa;5;5;A;;704;229;366;437;267;7;7;423;430
8;Barcelona;7;Bages;08113;Manresa;5;5;B;;816;252;426;518;298;6;5;507;512
8;Barcelona;7;Bages;08113;Manresa;5;6;A;;571;145;283;355;216;2;2;351;353
8;Barcelona;7;Bages;08113;Manresa;5;6;B;;686;187;374;460;226;1;5;454;459
8;Barcelona;7;Bages;08113;Manresa;5;7;U;;355;81;163;197;158;2;8;187;195
8;Barcelona;7;Bages;08113;Manresa;5;8;U;;800;202;412;518;282;2;3;513;516
8;Barcelona;7;Bages;08113;Manresa;6;1;U;;712;176;329;399;313;3;3;393;396
8;Barcelona;7;Bages;08113;Manresa;6;2;U;;779;218;418;508;271;0;10;498;508
43;Tarragona;29;Priorat;43076;Marçà;1;1;U;;458;153;298;369;89;3;8;358;366
43;Tarragona;29;Priorat;43075;Margalef;1;1;U;;96;30;51;67;29;0;2;65;67
8;Barcelona;7;Bages;08242;Marganell;1;1;U;;234;84;142;175;59;0;0;175;175
8;Barcelona;11;Baix Llobregat;08114;Martorell;1;1;A;;518;155;285;339;179;3;1;335;336
8;Barcelona;11;Baix Llobregat;08114;Martorell;1;1;B;;517;152;306;353;164;0;2;351;353
8;Barcelona;11;Baix Llobregat;08114;Martorell;1;2;U;;580;162;288;349;231;5;6;338;344
8;Barcelona;11;Baix Llobregat;08114;Martorell;1;3;A;;420;121;232;289;131;3;4;282;286
8;Barcelona;11;Baix Llobregat;08114;Martorell;1;3;B;;416;129;229;287;129;3;2;282;284
8;Barcelona;11;Baix Llobregat;08114;Martorell;2;3;A;;583;172;304;383;200;3;1;379;380
8;Barcelona;11;Baix Llobregat;08114;Martorell;2;3;B;;554;150;287;349;205;3;7;339;346
8;Barcelona;11;Baix Llobregat;08114;Martorell;2;3;C;;559;143;283;349;210;3;4;342;346
8;Barcelona;11;Baix Llobregat;08114;Martorell;3;10;U;;547;183;331;432;115;6;3;423;426
8;Barcelona;11;Baix Llobregat;08114;Martorell;3;2;A;;521;162;287;342;179;1;5;336;341
8;Barcelona;11;Baix Llobregat;08114;Martorell;3;2;B;;550;164;299;329;221;1;2;326;328
8;Barcelona;11;Baix Llobregat;08114;Martorell;3;4;A;;402;110;202;247;155;1;4;242;246
8;Barcelona;11;Baix Llobregat;08114;Martorell;3;4;B;;421;116;217;254;167;3;7;244;251
8;Barcelona;11;Baix Llobregat;08114;Martorell;3;4;C;;440;136;232;274;166;1;5;268;273
8;Barcelona;11;Baix Llobregat;08114;Martorell;3;5;A;;516;152;255;299;217;2;1;296;297
8;Barcelona;11;Baix Llobregat;08114;Martorell;3;5;B;;474;138;255;303;171;6;5;292;297
8;Barcelona;11;Baix Llobregat;08114;Martorell;3;6;A;;434;140;240;289;145;3;3;283;286
8;Barcelona;11;Baix Llobregat;08114;Martorell;3;6;B;;419;152;240;282;137;4;5;273;278
8;Barcelona;11;Baix Llobregat;08114;Martorell;3;6;C;;438;162;256;294;144;3;4;287;291
8;Barcelona;11;Baix Llobregat;08114;Martorell;3;7;A;;565;178;336;424;141;5;8;411;419
8;Barcelona;11;Baix Llobregat;08114;Martorell;3;7;B;;567;200;332;417;150;4;9;404;413
8;Barcelona;11;Baix Llobregat;08114;Martorell;3;8;A;;484;140;262;340;144;1;7;332;339
8;Barcelona;11;Baix Llobregat;08114;Martorell;3;8;B;;663;194;381;488;175;8;7;473;480
8;Barcelona;11;Baix Llobregat;08114;Martorell;3;8;C;;495;142;267;356;139;2;8;346;354
8;Barcelona;11;Baix Llobregat;08114;Martorell;4;1;A;;568;147;304;394;174;3;8;383;391
8;Barcelona;11;Baix Llobregat;08114;Martorell;4;1;B;;650;188;367;474;176;2;9;463;472
8;Barcelona;11;Baix Llobregat;08114;Martorell;4;1;C;;545;162;302;381;164;9;3;369;372
8;Barcelona;11;Baix Llobregat;08114;Martorell;4;2;A;;444;116;244;315;129;2;3;310;313
8;Barcelona;11;Baix Llobregat;08114;Martorell;4;2;B;;587;154;323;422;165;4;3;415;418
8;Barcelona;11;Baix Llobregat;08114;Martorell;4;2;C;;502;143;298;382;120;4;9;369;378
8;Barcelona;11;Baix Llobregat;08114;Martorell;4;3;A;;481;129;260;331;150;3;5;323;328
8;Barcelona;11;Baix Llobregat;08114;Martorell;4;3;B;;587;181;340;415;172;4;6;405;411
8;Barcelona;11;Baix Llobregat;08114;Martorell;4;4;A;;433;136;261;334;99;2;7;325;332
8;Barcelona;11;Baix Llobregat;08114;Martorell;4;4;B;;543;181;312;393;150;4;8;381;389
8;Barcelona;11;Baix Llobregat;08114;Martorell;4;4;C;;422;136;247;326;96;4;7;315;322
8;Barcelona;41;Vallès Oriental;08115;Martorelles;1;1;A;;413;102;212;265;148;4;8;253;261
8;Barcelona;41;Vallès Oriental;08115;Martorelles;1;1;B;;500;137;259;316;184;2;8;306;314
8;Barcelona;41;Vallès Oriental;08115;Martorelles;1;1;C;;547;161;331;389;158;2;3;384;387
8;Barcelona;41;Vallès Oriental;08115;Martorelles;1;2;A;;503;143;295;371;132;7;3;361;364
8;Barcelona;41;Vallès Oriental;08115;Martorelles;1;2;B;;774;239;501;586;188;9;10;567;577
8;Barcelona;41;Vallès Oriental;08115;Martorelles;1;3;A;;541;175;300;368;173;7;15;346;361
8;Barcelona;41;Vallès Oriental;08115;Martorelles;1;3;B;;613;173;336;403;210;3;7;393;400
17;Girona;2;Alt Empordà;17100;Masarac;1;1;U;;197;70;129;161;36;4;1;156;157
43;Tarragona;22;Montsià;43077;Mas de Barberans;1;1;U;;477;132;270;329;148;3;4;322;326
43;Tarragona;22;Montsià;43078;Masdenverge;1;1;U;;853;196;447;590;263;13;25;552;577
8;Barcelona;24;Osona;08116;Masies de Roda, les;1;1;U;;595;123;400;476;119;1;4;471;475
8;Barcelona;24;Osona;08117;Masies de Voltregà, les;1;1;A;;726;224;485;579;147;7;9;563;572
8;Barcelona;24;Osona;08117;Masies de Voltregà, les;1;1;B;;502;207;352;413;89;2;5;406;411
8;Barcelona;24;Osona;08117;Masies de Voltregà, les;1;1;C;;534;219;385;446;88;3;4;439;443
8;Barcelona;24;Osona;08117;Masies de Voltregà, les;2;1;U;;650;198;401;472;178;3;2;467;469
43;Tarragona;12;Baix Penedès;43079;Masllorenç;1;1;U;;386;146;232;276;110;3;3;270;273
8;Barcelona;21;Maresme;08118;Masnou, el;1;1;A;;712;222;443;540;172;4;6;530;536
8;Barcelona;21;Maresme;08118;Masnou, el;1;1;B;;692;207;400;511;181;6;11;494;505
8;Barcelona;21;Maresme;08118;Masnou, el;1;10;A;;623;216;400;488;135;8;3;477;480
8;Barcelona;21;Maresme;08118;Masnou, el;1;10;B;;633;226;417;499;134;4;3;492;495
8;Barcelona;21;Maresme;08118;Masnou, el;1;2;A;;712;257;453;536;176;3;5;528;533
8;Barcelona;21;Maresme;08118;Masnou, el;1;2;B;;839;317;528;620;219;1;7;612;619
8;Barcelona;21;Maresme;08118;Masnou, el;1;3;A;;436;171;278;336;100;4;4;328;332
8;Barcelona;21;Maresme;08118;Masnou, el;1;3;B;;482;178;306;357;125;1;5;351;356
8;Barcelona;21;Maresme;08118;Masnou, el;1;4;A;;639;233;419;512;127;4;9;499;508
8;Barcelona;21;Maresme;08118;Masnou, el;1;4;B;;749;256;468;591;158;5;10;576;586
8;Barcelona;21;Maresme;08118;Masnou, el;1;5;A;;663;239;416;493;170;4;8;481;489
8;Barcelona;21;Maresme;08118;Masnou, el;1;5;B;;751;242;450;557;194;6;4;547;551
8;Barcelona;21;Maresme;08118;Masnou, el;1;6;A;;621;187;363;431;190;6;7;418;425
8;Barcelona;21;Maresme;08118;Masnou, el;1;6;B;;757;223;420;524;233;5;8;511;519
8;Barcelona;21;Maresme;08118;Masnou, el;1;7;A;;563;192;340;414;149;10;7;397;404
8;Barcelona;21;Maresme;08118;Masnou, el;1;7;B;;639;213;391;484;155;5;4;475;479
8;Barcelona;21;Maresme;08118;Masnou, el;1;8;A;;475;158;289;348;127;4;2;342;344
8;Barcelona;21;Maresme;08118;Masnou, el;1;8;B;;589;199;325;397;192;11;5;381;386
8;Barcelona;21;Maresme;08118;Masnou, el;1;9;U;;619;222;396;485;134;2;4;479;483
8;Barcelona;21;Maresme;08118;Masnou, el;2;1;A;;665;218;397;503;162;4;1;498;499
8;Barcelona;21;Maresme;08118;Masnou, el;2;1;B;;705;244;462;553;152;1;5;547;552
8;Barcelona;21;Maresme;08118;Masnou, el;2;2;U;;878;279;573;689;189;3;11;675;686
8;Barcelona;21;Maresme;08118;Masnou, el;2;3;A;;530;208;352;410;120;3;8;399;407
8;Barcelona;21;Maresme;08118;Masnou, el;2;3;B;;522;166;314;388;134;1;2;385;387
8;Barcelona;21;Maresme;08118;Masnou, el;2;4;A;;724;235;441;528;196;4;8;516;524
8;Barcelona;21;Maresme;08118;Masnou, el;2;4;B;;812;270;509;627;185;4;11;612;623
43;Tarragona;1;Alt Camp;43080;Masó, la;1;1;U;;247;82;160;189;58;0;2;187;189
43;Tarragona;8;Baix Camp;43081;Maspujols;1;1;U;;584;190;360;443;141;2;12;429;441
8;Barcelona;6;Anoia;08119;Masquefa;1;1;A;;451;112;246;318;133;3;4;311;315
8;Barcelona;6;Anoia;08119;Masquefa;1;1;B;;692;174;394;505;187;10;9;486;495
8;Barcelona;6;Anoia;08119;Masquefa;1;1;C;;748;199;394;514;234;7;15;492;507
8;Barcelona;6;Anoia;08119;Masquefa;1;1;D;;643;175;374;459;184;9;7;443;450
8;Barcelona;6;Anoia;08119;Masquefa;1;1;E;;568;159;317;398;170;4;8;386;394
8;Barcelona;6;Anoia;08119;Masquefa;1;1;F;;515;160;317;392;123;1;14;377;391
8;Barcelona;6;Anoia;08119;Masquefa;1;2;A;;219;78;129;159;60;1;1;157;158
8;Barcelona;6;Anoia;08119;Masquefa;1;2;B;;691;172;341;417;274;1;6;410;416
8;Barcelona;6;Anoia;08119;Masquefa;1;2;C;;769;210;370;462;307;3;11;448;459
8;Barcelona;6;Anoia;08119;Masquefa;1;2;D;;783;204;379;481;302;3;11;467;478
43;Tarragona;29;Priorat;43082;Masroig, el;1;1;U;;377;105;224;308;69;7;3;298;301
25;Lleida;33;Segrià;25131;Massalcoreig;1;1;U;;428;116;244;325;103;2;2;321;323
17;Girona;34;Selva;17101;Massanes;1;1;U;;536;173;304;348;188;7;8;333;341
25;Lleida;32;Segarra;25132;Massoteres;1;1;U;;126;41;87;102;24;3;1;98;99
8;Barcelona;40;Vallès Occidental;08120;Matadepera;1;1;A;;847;254;543;714;133;7;6;701;707
8;Barcelona;40;Vallès Occidental;08120;Matadepera;1;1;B;;841;230;524;690;151;5;4;681;685
8;Barcelona;40;Vallès Occidental;08120;Matadepera;1;2;A;;856;253;549;696;160;3;6;687;693
8;Barcelona;40;Vallès Occidental;08120;Matadepera;1;2;B;;919;260;590;739;180;4;8;727;735
8;Barcelona;40;Vallès Occidental;08120;Matadepera;1;3;A;;797;221;505;661;136;3;11;647;658
8;Barcelona;40;Vallès Occidental;08120;Matadepera;1;3;B;;956;295;621;772;184;1;7;764;771
8;Barcelona;40;Vallès Occidental;08120;Matadepera;1;4;A;;613;181;389;500;113;3;6;491;497
8;Barcelona;40;Vallès Occidental;08120;Matadepera;1;4;B;;677;211;428;528;149;1;7;520;527
8;Barcelona;21;Maresme;08121;Mataró;1;1;U;;682;275;450;539;143;5;6;528;534
8;Barcelona;21;Maresme;08121;Mataró;1;2;A;;546;214;368;442;104;1;3;438;441
8;Barcelona;21;Maresme;08121;Mataró;1;2;B;;602;225;375;457;145;7;2;448;450
8;Barcelona;21;Maresme;08121;Mataró;1;3;A;;514;222;365;415;99;3;3;409;412
8;Barcelona;21;Maresme;08121;Mataró;1;3;B;;505;223;365;400;105;4;6;390;396
8;Barcelona;21;Maresme;08121;Mataró;1;4;U;;1029;380;831;850;179;5;2;843;845
8;Barcelona;21;Maresme;08121;Mataró;1;5;A;;619;259;440;508;111;3;4;501;505
8;Barcelona;21;Maresme;08121;Mataró;1;5;B;;621;258;438;501;120;4;6;491;497
8;Barcelona;21;Maresme;08121;Mataró;1;6;A;;753;307;510;630;123;5;8;617;625
8;Barcelona;21;Maresme;08121;Mataró;1;6;B;;623;209;371;466;157;0;3;463;466
8;Barcelona;21;Maresme;08121;Mataró;1;6;C;;785;315;515;607;178;5;4;598;602
8;Barcelona;21;Maresme;08121;Mataró;1;7;A;;616;262;402;483;133;4;5;474;479
8;Barcelona;21;Maresme;08121;Mataró;1;7;B;;715;268;469;572;143;7;9;556;565
8;Barcelona;21;Maresme;08121;Mataró;1;8;U;;483;191;317;383;100;2;2;379;381
8;Barcelona;21;Maresme;08121;Mataró;2;1;A;;749;248;484;603;146;3;7;593;600
8;Barcelona;21;Maresme;08121;Mataró;2;1;B;;852;286;564;663;189;2;6;655;661
8;Barcelona;21;Maresme;08121;Mataró;2;10;U;;1068;325;651;803;265;8;13;782;795
8;Barcelona;21;Maresme;08121;Mataró;2;11;A;;618;232;414;493;125;5;6;482;488
8;Barcelona;21;Maresme;08121;Mataró;2;11;B;;600;196;364;447;153;3;7;437;444
8;Barcelona;21;Maresme;08121;Mataró;2;12;U;;937;344;576;686;251;2;8;676;684
8;Barcelona;21;Maresme;08121;Mataró;2;2;U;;733;240;465;552;181;5;3;544;547
8;Barcelona;21;Maresme;08121;Mataró;2;3;U;;831;258;469;481;350;11;12;458;470
8;Barcelona;21;Maresme;08121;Mataró;2;4;U;;434;138;213;247;187;1;3;243;246
8;Barcelona;21;Maresme;08121;Mataró;2;5;A;;707;230;413;466;241;4;6;456;462
8;Barcelona;21;Maresme;08121;Mataró;2;5;B;;803;278;464;550;253;6;1;543;544
8;Barcelona;21;Maresme;08121;Mataró;2;6;A;;456;178;262;307;149;2;6;299;305
8;Barcelona;21;Maresme;08121;Mataró;2;6;B;;549;172;292;336;213;2;3;331;334
8;Barcelona;21;Maresme;08121;Mataró;2;7;U;;1168;393;689;842;326;8;15;819;834
8;Barcelona;21;Maresme;08121;Mataró;2;8;A;;521;223;342;400;121;4;6;390;396
8;Barcelona;21;Maresme;08121;Mataró;2;8;B;;563;185;344;431;132;4;10;417;427
8;Barcelona;21;Maresme;08121;Mataró;2;9;A;;506;188;322;390;116;3;7;380;387
8;Barcelona;21;Maresme;08121;Mataró;2;9;B;;590;237;395;484;106;1;6;477;483
8;Barcelona;21;Maresme;08121;Mataró;3;1;U;;890;289;530;630;260;4;6;620;626
8;Barcelona;21;Maresme;08121;Mataró;3;10;U;;557;220;375;442;115;4;5;433;438
8;Barcelona;21;Maresme;08121;Mataró;3;11;A;;522;189;342;391;131;0;5;386;391
8;Barcelona;21;Maresme;08121;Mataró;3;11;B;;632;200;378;436;196;2;4;430;434
8;Barcelona;21;Maresme;08121;Mataró;3;12;A;;574;195;359;433;141;1;4;428;432
8;Barcelona;21;Maresme;08121;Mataró;3;12;B;;690;203;405;502;188;3;4;495;499
8;Barcelona;21;Maresme;08121;Mataró;3;13;A;;618;187;356;448;170;2;5;441;446
8;Barcelona;21;Maresme;08121;Mataró;3;13;B;;710;221;429;528;182;1;11;516;527
8;Barcelona;21;Maresme;08121;Mataró;3;13;C;;741;231;422;531;210;7;8;516;524
8;Barcelona;21;Maresme;08121;Mataró;3;14;U;;944;268;557;696;248;2;6;688;694
8;Barcelona;21;Maresme;08121;Mataró;3;2;U;;818;231;446;491;327;3;4;484;488
8;Barcelona;21;Maresme;08121;Mataró;3;3;U;;863;280;462;558;305;7;10;541;551
8;Barcelona;21;Maresme;08121;Mataró;3;4;A;;534;151;273;330;204;0;5;325;330
8;Barcelona;21;Maresme;08121;Mataró;3;4;B;;666;189;359;421;245;3;2;416;418
8;Barcelona;21;Maresme;08121;Mataró;3;5;A;;426;120;209;246;180;0;4;242;246
8;Barcelona;21;Maresme;08121;Mataró;3;5;B;;532;186;287;335;197;2;7;326;333
8;Barcelona;21;Maresme;08121;Mataró;3;6;A;;537;152;288;363;174;5;9;349;358
8;Barcelona;21;Maresme;08121;Mataró;3;6;B;;640;185;364;439;201;4;8;427;435
8;Barcelona;21;Maresme;08121;Mataró;3;7;A;;434;145;247;295;139;0;6;289;295
8;Barcelona;21;Maresme;08121;Mataró;3;7;B;;577;192;327;385;192;6;8;371;379
8;Barcelona;21;Maresme;08121;Mataró;3;8;U;;840;259;450;534;306;11;13;510;523
8;Barcelona;21;Maresme;08121;Mataró;3;9;A;;507;157;288;355;152;7;5;343;348
8;Barcelona;21;Maresme;08121;Mataró;3;9;B;;568;196;323;385;183;2;2;381;383
8;Barcelona;21;Maresme;08121;Mataró;3;9;C;;608;173;332;401;207;3;8;390;398
8;Barcelona;21;Maresme;08121;Mataró;4;1;U;;886;357;571;661;225;12;23;626;649
8;Barcelona;21;Maresme;08121;Mataró;4;2;A;;434;152;152;361;73;6;5;350;355
8;Barcelona;21;Maresme;08121;Mataró;4;2;B;;579;184;231;281;298;5;2;274;276
8;Barcelona;21;Maresme;08121;Mataró;4;3;U;;714;230;406;477;237;7;9;461;470
8;Barcelona;21;Maresme;08121;Mataró;4;4;A;;609;198;327;397;212;4;5;388;393
8;Barcelona;21;Maresme;08121;Mataró;4;4;B;;701;226;364;454;247;2;7;445;452
8;Barcelona;21;Maresme;08121;Mataró;4;4;C;;729;190;391;466;263;2;8;456;464
8;Barcelona;21;Maresme;08121;Mataró;4;5;A;;535;166;290;346;189;3;2;341;343
8;Barcelona;21;Maresme;08121;Mataró;4;5;B;;716;200;389;485;231;12;6;467;473
8;Barcelona;21;Maresme;08121;Mataró;4;5;C;;725;206;372;476;249;4;5;467;472
8;Barcelona;21;Maresme;08121;Mataró;4;6;A;;552;167;328;401;151;4;8;389;397
8;Barcelona;21;Maresme;08121;Mataró;4;6;B;;657;183;387;486;171;4;4;478;482
8;Barcelona;21;Maresme;08121;Mataró;4;7;U;;930;229;463;568;362;2;17;549;566
8;Barcelona;21;Maresme;08121;Mataró;4;8;U;;966;289;558;701;265;4;8;689;697
8;Barcelona;21;Maresme;08121;Mataró;4;9;A;;721;229;386;470;251;8;5;457;462
8;Barcelona;21;Maresme;08121;Mataró;4;9;B;;824;274;441;556;268;6;14;536;550
8;Barcelona;21;Maresme;08121;Mataró;5;1;A;;615;188;350;414;201;7;5;402;407
8;Barcelona;21;Maresme;08121;Mataró;5;1;B;;670;209;379;451;219;9;7;435;442
8;Barcelona;21;Maresme;08121;Mataró;5;1;C;;694;223;364;459;235;1;9;449;458
8;Barcelona;21;Maresme;08121;Mataró;5;10;U;;340;133;203;221;119;6;6;209;215
8;Barcelona;21;Maresme;08121;Mataró;5;11;A;;483;147;253;297;186;4;8;285;293
8;Barcelona;21;Maresme;08121;Mataró;5;11;B;;561;155;276;328;233;3;5;320;325
8;Barcelona;21;Maresme;08121;Mataró;5;12;U;;909;314;531;642;267;3;4;635;639
8;Barcelona;21;Maresme;08121;Mataró;5;13;A;;647;221;353;405;242;3;6;396;402
8;Barcelona;21;Maresme;08121;Mataró;5;13;B;;671;235;368;425;246;1;9;415;424
8;Barcelona;21;Maresme;08121;Mataró;5;14;U;;450;126;209;244;206;7;3;234;237
8;Barcelona;21;Maresme;08121;Mataró;5;15;U;;797;262;450;522;275;4;10;508;518
8;Barcelona;21;Maresme;08121;Mataró;5;16;U;;927;280;457;563;364;2;6;555;561
8;Barcelona;21;Maresme;08121;Mataró;5;17;U;;726;206;396;478;248;5;5;468;473
8;Barcelona;21;Maresme;08121;Mataró;5;18;U;;323;102;175;209;114;2;1;206;207
8;Barcelona;21;Maresme;08121;Mataró;5;19;U;;620;208;333;402;218;9;5;388;393
8;Barcelona;21;Maresme;08121;Mataró;5;2;A;;623;167;288;372;251;2;4;366;370
8;Barcelona;21;Maresme;08121;Mataró;5;2;B;;686;187;335;424;262;6;3;415;418
8;Barcelona;21;Maresme;08121;Mataró;5;20;A;;453;160;228;266;187;2;3;261;264
8;Barcelona;21;Maresme;08121;Mataró;5;20;B;;545;163;286;334;211;1;4;329;333
8;Barcelona;21;Maresme;08121;Mataró;5;21;U;;694;212;405;499;195;5;9;485;494
8;Barcelona;21;Maresme;08121;Mataró;5;3;A;;566;157;282;347;219;2;7;338;345
8;Barcelona;21;Maresme;08121;Mataró;5;3;B;;685;186;330;417;268;6;5;406;411
8;Barcelona;21;Maresme;08121;Mataró;5;4;A;;465;151;272;325;140;5;2;318;320
8;Barcelona;21;Maresme;08121;Mataró;5;4;B;;542;170;317;372;170;2;10;360;370
8;Barcelona;21;Maresme;08121;Mataró;5;5;U;;642;192;346;408;234;2;6;400;406
8;Barcelona;21;Maresme;08121;Mataró;5;6;A;;491;127;225;269;222;0;4;265;269
8;Barcelona;21;Maresme;08121;Mataró;5;6;B;;553;163;269;322;231;3;7;312;319
8;Barcelona;21;Maresme;08121;Mataró;5;7;A;;572;205;339;399;173;3;4;392;396
8;Barcelona;21;Maresme;08121;Mataró;5;7;B;;648;220;363;436;212;4;7;425;432
8;Barcelona;21;Maresme;08121;Mataró;5;8;U;;877;210;440;508;369;5;9;494;503
8;Barcelona;21;Maresme;08121;Mataró;5;9;U;;780;234;407;471;309;7;4;460;464
8;Barcelona;21;Maresme;08121;Mataró;6;1;A;;750;259;482;556;194;3;11;542;553
8;Barcelona;21;Maresme;08121;Mataró;6;1;B;;897;329;387;683;214;3;8;672;680
8;Barcelona;21;Maresme;08121;Mataró;6;10;A;;593;217;346;409;184;3;4;402;406
8;Barcelona;21;Maresme;08121;Mataró;6;10;B;;566;187;317;385;181;4;2;379;381
8;Barcelona;21;Maresme;08121;Mataró;6;10;C;;637;201;336;417;220;3;5;409;414
8;Barcelona;21;Maresme;08121;Mataró;6;11;A;;705;261;434;526;179;4;4;518;522
8;Barcelona;21;Maresme;08121;Mataró;6;11;B;;733;234;456;543;190;3;9;531;540
8;Barcelona;21;Maresme;08121;Mataró;6;11;C;;872;313;538;646;226;5;12;629;641
8;Barcelona;21;Maresme;08121;Mataró;6;12;A;;621;214;342;416;205;2;2;412;414
8;Barcelona;21;Maresme;08121;Mataró;6;12;B;;691;218;381;450;241;5;4;441;445
8;Barcelona;21;Maresme;08121;Mataró;6;13;U;;763;272;443;500;263;7;4;489;493
8;Barcelona;21;Maresme;08121;Mataró;6;2;U;;655;211;427;490;165;0;0;490;490
8;Barcelona;21;Maresme;08121;Mataró;6;3;A;;733;241;461;573;160;1;7;565;572
8;Barcelona;21;Maresme;08121;Mataró;6;3;B;;758;284;488;596;162;1;11;584;595
8;Barcelona;21;Maresme;08121;Mataró;6;4;A;;528;206;352;394;134;6;5;383;388
8;Barcelona;21;Maresme;08121;Mataró;6;4;B;;577;209;365;437;140;3;9;425;434
8;Barcelona;21;Maresme;08121;Mataró;6;5;A;;688;208;380;478;210;6;2;470;472
8;Barcelona;21;Maresme;08121;Mataró;6;5;B;;715;220;442;535;180;6;10;519;529
8;Barcelona;21;Maresme;08121;Mataró;6;6;A;;624;249;411;469;155;1;7;461;468
8;Barcelona;21;Maresme;08121;Mataró;6;6;B;;668;262;432;519;149;7;8;504;512
8;Barcelona;21;Maresme;08121;Mataró;6;7;A;;562;185;344;408;154;3;4;401;405
8;Barcelona;21;Maresme;08121;Mataró;6;7;B;;629;214;376;462;167;8;4;450;454
8;Barcelona;21;Maresme;08121;Mataró;6;8;A;;668;226;402;475;193;9;7;459;466
8;Barcelona;21;Maresme;08121;Mataró;6;8;B;;735;225;432;546;189;5;11;530;541
8;Barcelona;21;Maresme;08121;Mataró;6;9;U;;858;230;393;479;379;4;8;467;475
8;Barcelona;3;Alt Penedès;08122;Mediona;1;1;A;;744;183;427;545;199;1;6;538;544
8;Barcelona;3;Alt Penedès;08122;Mediona;1;1;B;;1001;322;507;597;404;6;11;580;591
25;Lleida;23;Noguera;25134;Menàrguens;1;1;U;;645;175;380;461;184;1;4;456;460
17;Girona;15;Cerdanya;17099;Meranges;1;1;U;;79;26;42;60;19;0;1;59;60
17;Girona;19;Garrotxa;17105;Mieres;1;1;U;;253;106;158;195;58;0;5;190;195
43;Tarragona;1;Alt Camp;43083;Milà, el;1;1;U;;140;37;71;99;41;0;3;96;99
25;Lleida;27;Pla d'Urgell;25135;Miralcamp;1;1;A;;537;170;341;397;140;6;10;381;391
25;Lleida;27;Pla d'Urgell;25135;Miralcamp;1;1;B;;542;150;311;390;152;4;13;373;386
43;Tarragona;30;Ribera d'Ebre;43084;Miravet;1;1;U;;563;149;332;423;140;9;16;398;414
8;Barcelona;;;08138;Moià;1;1;A;;769;288;472;573;196;3;7;563;570
8;Barcelona;;;08138;Moià;1;1;B;;799;265;467;579;220;10;6;563;569
8;Barcelona;;;08138;Moià;1;2;A;;797;224;468;578;219;5;2;571;573
8;Barcelona;;;08138;Moià;1;2;B;;838;260;530;627;211;3;7;617;624
8;Barcelona;;;08138;Moià;1;3;U;;814;219;481;611;203;4;2;605;607
43;Tarragona;29;Priorat;43085;Molar, el;1;1;U;;238;54;135;188;50;5;2;181;183
8;Barcelona;11;Baix Llobregat;08123;Molins de Rei;1;1;A;;402;126;243;296;106;0;3;293;296
8;Barcelona;11;Baix Llobregat;08123;Molins de Rei;1;1;B;;499;172;309;376;123;0;7;369;376
8;Barcelona;11;Baix Llobregat;08123;Molins de Rei;1;2;A;;686;190;421;530;156;5;4;521;525
8;Barcelona;11;Baix Llobregat;08123;Molins de Rei;1;2;B;;801;239;505;620;181;0;8;612;620
8;Barcelona;11;Baix Llobregat;08123;Molins de Rei;1;3;A;;589;197;362;446;143;2;4;440;444
8;Barcelona;11;Baix Llobregat;08123;Molins de Rei;1;3;B;;667;200;403;505;162;4;2;499;501
8;Barcelona;11;Baix Llobregat;08123;Molins de Rei;2;1;A;;698;218;418;519;179;3;12;504;516
8;Barcelona;11;Baix Llobregat;08123;Molins de Rei;2;1;B;;674;211;402;510;164;2;11;497;508
8;Barcelona;11;Baix Llobregat;08123;Molins de Rei;2;1;C;;785;250;466;604;181;2;16;586;602
8;Barcelona;11;Baix Llobregat;08123;Molins de Rei;2;2;A;;567;174;354;443;124;1;4;438;442
8;Barcelona;11;Baix Llobregat;08123;Molins de Rei;2;2;B;;636;194;406;483;153;2;3;478;481
8;Barcelona;11;Baix Llobregat;08123;Molins de Rei;2;3;A;;473;163;287;372;101;4;2;366;368
8;Barcelona;11;Baix Llobregat;08123;Molins de Rei;2;3;B;;501;161;287;359;142;5;5;349;354
8;Barcelona;11;Baix Llobregat;08123;Molins de Rei;2;3;C;;559;189;333;414;145;6;6;402;408
8;Barcelona;11;Baix Llobregat;08123;Molins de Rei;2;4;A;;616;197;341;441;175;3;8;430;438
8;Barcelona;11;Baix Llobregat;08123;Molins de Rei;2;4;B;;728;231;408;532;196;3;9;520;529
8;Barcelona;11;Baix Llobregat;08123;Molins de Rei;3;1;A;;611;181;387;467;144;8;14;445;459
8;Barcelona;11;Baix Llobregat;08123;Molins de Rei;3;1;B;;511;155;290;377;134;3;2;372;374
8;Barcelona;11;Baix Llobregat;08123;Molins de Rei;3;1;C;;777;253;490;604;173;8;14;582;596
8;Barcelona;11;Baix Llobregat;08123;Molins de Rei;3;1;D;;580;169;348;441;139;5;5;431;436
8;Barcelona;11;Baix Llobregat;08123;Molins de Rei;3;2;A;;856;244;570;695;161;2;10;683;693
8;Barcelona;11;Baix Llobregat;08123;Molins de Rei;3;2;B;;758;225;485;590;168;4;11;575;586
8;Barcelona;11;Baix Llobregat;08123;Molins de Rei;3;2;C;;902;259;577;721;181;3;5;713;718
8;Barcelona;11;Baix Llobregat;08123;Molins de Rei;3;3;A;;637;182;387;488;149;6;3;479;482
8;Barcelona;11;Baix Llobregat;08123;Molins de Rei;3;3;B;;771;252;468;579;192;2;6;571;577
8;Barcelona;11;Baix Llobregat;08123;Molins de Rei;3;4;A;;508;150;310;398;110;3;5;390;395
8;Barcelona;11;Baix Llobregat;08123;Molins de Rei;3;4;B;;546;145;317;391;155;3;5;383;388
8;Barcelona;11;Baix Llobregat;08123;Molins de Rei;3;4;C;;604;192;361;444;160;3;4;437;441
8;Barcelona;11;Baix Llobregat;08123;Molins de Rei;4;1;A;;341;98;181;229;112;5;3;221;224
8;Barcelona;11;Baix Llobregat;08123;Molins de Rei;4;1;B;;425;129;214;265;160;5;6;254;260
25;Lleida;27;Pla d'Urgell;25137;Mollerussa;1;1;A;;765;221;446;549;216;1;11;537;548
25;Lleida;27;Pla d'Urgell;25137;Mollerussa;1;1;B;;773;220;430;545;228;1;11;533;544
25;Lleida;27;Pla d'Urgell;25137;Mollerussa;1;2;A;;806;210;432;536;270;5;19;512;531
25;Lleida;27;Pla d'Urgell;25137;Mollerussa;1;2;B;;976;251;539;674;302;3;9;662;671
25;Lleida;27;Pla d'Urgell;25137;Mollerussa;1;3;U;;743;203;380;462;281;7;2;453;455
25;Lleida;27;Pla d'Urgell;25137;Mollerussa;1;4;A;;646;197;375;475;171;9;7;459;466
25;Lleida;27;Pla d'Urgell;25137;Mollerussa;1;4;B;;862;235;486;622;240;8;13;601;614
25;Lleida;27;Pla d'Urgell;25137;Mollerussa;1;5;A;;620;155;331;424;196;5;6;413;419
25;Lleida;27;Pla d'Urgell;25137;Mollerussa;1;5;B;;813;224;418;559;254;6;16;537;553
25;Lleida;27;Pla d'Urgell;25137;Mollerussa;1;6;A;;644;160;347;458;186;2;5;451;456
25;Lleida;27;Pla d'Urgell;25137;Mollerussa;1;6;B;;784;210;427;553;231;7;9;537;546
8;Barcelona;41;Vallès Oriental;08124;Mollet del Vallès;1;1;U;;603;163;316;397;206;6;2;389;391
8;Barcelona;41;Vallès Oriental;08124;Mollet del Vallès;1;2;A;;603;168;320;403;200;0;11;392;403
8;Barcelona;41;Vallès Oriental;08124;Mollet del Vallès;1;2;B;;687;177;327;430;257;3;9;418;427
8;Barcelona;41;Vallès Oriental;08124;Mollet del Vallès;1;3;A;;396;88;199;247;149;3;2;242;244
8;Barcelona;41;Vallès Oriental;08124;Mollet del Vallès;1;3;B;;422;127;212;281;141;4;10;267;277
8;Barcelona;41;Vallès Oriental;08124;Mollet del Vallès;1;3;C;;485;153;251;304;181;4;7;293;300
8;Barcelona;41;Vallès Oriental;08124;Mollet del Vallès;1;4;A;;719;226;453;524;195;1;10;513;523
8;Barcelona;41;Vallès Oriental;08124;Mollet del Vallès;1;4;B;;815;268;598;616;199;7;7;602;609
8;Barcelona;41;Vallès Oriental;08124;Mollet del Vallès;1;5;A;;559;148;274;370;189;5;7;358;365
8;Barcelona;41;Vallès Oriental;08124;Mollet del Vallès;1;5;B;;705;190;368;480;225;3;5;472;477
8;Barcelona;41;Vallès Oriental;08124;Mollet del Vallès;1;6;A;;533;181;300;368;165;4;3;361;364
8;Barcelona;41;Vallès Oriental;08124;Mollet del Vallès;1;6;B;;479;144;266;329;150;2;0;327;327
8;Barcelona;41;Vallès Oriental;08124;Mollet del Vallès;1;6;C;;482;148;239;295;187;3;1;291;292
8;Barcelona;41;Vallès Oriental;08124;Mollet del Vallès;1;7;A;;547;145;285;354;193;0;7;347;354
8;Barcelona;41;Vallès Oriental;08124;Mollet del Vallès;1;7;B;;636;163;307;389;247;4;7;378;385
8;Barcelona;41;Vallès Oriental;08124;Mollet del Vallès;2;1;A;;467;143;247;304;163;9;5;290;295
8;Barcelona;41;Vallès Oriental;08124;Mollet del Vallès;2;1;B;;461;144;237;303;158;5;1;297;298
8;Barcelona;41;Vallès Oriental;08124;Mollet del Vallès;2;1;C;;531;183;307;369;162;9;8;352;360
8;Barcelona;41;Vallès Oriental;08124;Mollet del Vallès;2;2;A;;594;204;369;461;133;7;5;449;454
8;Barcelona;41;Vallès Oriental;08124;Mollet del Vallès;2;2;B;;668;220;390;489;179;1;16;472;488
8;Barcelona;41;Vallès Oriental;08124;Mollet del Vallès;2;3;A;;709;204;386;473;236;1;5;467;472
8;Barcelona;41;Vallès Oriental;08124;Mollet del Vallès;2;3;B;;843;212;426;548;295;10;7;531;538
8;Barcelona;41;Vallès Oriental;08124;Mollet del Vallès;2;4;A;;494;125;264;347;147;3;4;340;344
8;Barcelona;41;Vallès Oriental;08124;Mollet del Vallès;2;4;B;;536;167;296;378;158;1;7;370;377
8;Barcelona;41;Vallès Oriental;08124;Mollet del Vallès;2;5;A;;479;133;256;340;139;5;8;327;335
8;Barcelona;41;Vallès Oriental;08124;Mollet del Vallès;2;5;B;;618;149;335;425;193;5;5;415;420
8;Barcelona;41;Vallès Oriental;08124;Mollet del Vallès;2;6;A;;412;157;215;273;139;5;6;262;268
8;Barcelona;41;Vallès Oriental;08124;Mollet del Vallès;2;6;B;;495;115;274;333;162;4;5;324;329
8;Barcelona;41;Vallès Oriental;08124;Mollet del Vallès;2;7;A;;674;170;352;441;233;4;9;428;437
8;Barcelona;41;Vallès Oriental;08124;Mollet del Vallès;2;7;B;;826;220;432;543;283;7;12;524;536
8;Barcelona;41;Vallès Oriental;08124;Mollet del Vallès;2;8;U;;1140;318;681;873;267;16;18;839;857
8;Barcelona;41;Vallès Oriental;08124;Mollet del Vallès;2;9;U;;790;241;458;611;179;3;17;591;608
8;Barcelona;41;Vallès Oriental;08124;Mollet del Vallès;3;1;A;;519;133;260;326;193;1;2;323;325
8;Barcelona;41;Vallès Oriental;08124;Mollet del Vallès;3;1;B;;537;153;274;349;188;2;14;333;347
8;Barcelona;41;Vallès Oriental;08124;Mollet del Vallès;3;1;C;;524;167;273;340;184;3;2;335;337
8;Barcelona;41;Vallès Oriental;08124;Mollet del Vallès;3;10;U;;1016;258;488;607;409;8;9;590;599
8;Barcelona;41;Vallès Oriental;08124;Mollet del Vallès;3;11;A;;584;158;296;383;201;4;15;364;379
8;Barcelona;41;Vallès Oriental;08124;Mollet del Vallès;3;11;B;;673;178;353;444;229;5;14;425;439
8;Barcelona;41;Vallès Oriental;08124;Mollet del Vallès;3;12;A;;604;182;336;411;193;4;10;397;407
8;Barcelona;41;Vallès Oriental;08124;Mollet del Vallès;3;12;B;;685;207;376;475;210;8;12;455;467
8;Barcelona;41;Vallès Oriental;08124;Mollet del Vallès;3;13;A;;349;99;179;230;119;3;7;220;227
8;Barcelona;41;Vallès Oriental;08124;Mollet del Vallès;3;13;B;;385;124;216;268;117;5;5;258;263
8;Barcelona;41;Vallès Oriental;08124;Mollet del Vallès;3;13;C;;382;113;203;269;113;8;5;256;261
8;Barcelona;41;Vallès Oriental;08124;Mollet del Vallès;3;14;A;;495;136;257;312;183;3;3;306;309
8;Barcelona;41;Vallès Oriental;08124;Mollet del Vallès;3;14;B;;582;140;305;379;203;2;9;368;377
8;Barcelona;41;Vallès Oriental;08124;Mollet del Vallès;3;15;A;;433;94;191;255;178;3;4;248;252
8;Barcelona;41;Vallès Oriental;08124;Mollet del Vallès;3;15;B;;525;118;226;305;220;1;5;299;304
8;Barcelona;41;Vallès Oriental;08124;Mollet del Vallès;3;2;A;;588;164;322;385;203;5;8;372;380
8;Barcelona;41;Vallès Oriental;08124;Mollet del Vallès;3;2;B;;694;181;365;477;217;8;8;461;469
8;Barcelona;41;Vallès Oriental;08124;Mollet del Vallès;3;3;A;;429;124;227;284;145;1;2;281;283
8;Barcelona;41;Vallès Oriental;08124;Mollet del Vallès;3;3;B;;437;142;254;314;123;4;3;307;310
8;Barcelona;41;Vallès Oriental;08124;Mollet del Vallès;3;4;A;;667;191;380;452;215;1;1;450;451
8;Barcelona;41;Vallès Oriental;08124;Mollet del Vallès;3;4;B;;749;210;413;504;245;8;9;487;496
8;Barcelona;41;Vallès Oriental;08124;Mollet del Vallès;3;5;A;;689;196;378;491;198;3;4;484;488
8;Barcelona;41;Vallès Oriental;08124;Mollet del Vallès;3;5;B;;881;223;482;634;247;8;8;618;626
8;Barcelona;41;Vallès Oriental;08124;Mollet del Vallès;3;6;A;;378;96;169;203;175;3;5;195;200
8;Barcelona;41;Vallès Oriental;08124;Mollet del Vallès;3;6;B;;434;121;197;229;205;2;0;227;227
8;Barcelona;41;Vallès Oriental;08124;Mollet del Vallès;3;7;A;;395;105;172;211;184;0;3;208;211
8;Barcelona;41;Vallès Oriental;08124;Mollet del Vallès;3;7;B;;483;132;245;293;190;4;8;281;289
8;Barcelona;41;Vallès Oriental;08124;Mollet del Vallès;3;7;C;;547;150;278;337;210;1;5;331;336
8;Barcelona;41;Vallès Oriental;08124;Mollet del Vallès;3;8;U;;640;190;346;406;234;6;10;390;400
8;Barcelona;41;Vallès Oriental;08124;Mollet del Vallès;3;9;A;;333;101;161;202;131;5;4;193;197
8;Barcelona;41;Vallès Oriental;08124;Mollet del Vallès;3;9;B;;403;130;205;270;133;2;0;268;268
17;Girona;2;Alt Empordà;17106;Mollet de Peralada;1;1;U;;131;63;88;105;26;0;1;104;105
17;Girona;31;Ripollès;17107;Molló;1;1;U;;285;101;179;234;51;2;3;229;232
25;Lleida;35;Solsonès;25136;Molsosa, la;1;1;U;;104;45;72;93;11;0;1;92;93
8;Barcelona;;;08128;Monistrol de Calders;1;1;U;;549;149;327;416;133;2;1;413;414
8;Barcelona;7;Bages;08127;Monistrol de Montserrat;1;1;U;;652;185;350;448;204;6;3;439;442
8;Barcelona;7;Bages;08127;Monistrol de Montserrat;1;2;A;;721;201;378;475;246;6;9;460;469
8;Barcelona;7;Bages;08127;Monistrol de Montserrat;1;2;B;;879;237;446;569;310;10;2;557;559
17;Girona;19;Garrotxa;17109;Montagut i Oix;1;1;U;;744;212;469;550;194;2;6;542;548
43;Tarragona;16;Conca de Barberà;43086;Montblanc;1;1;U;;524;141;270;348;176;4;5;339;344
43;Tarragona;16;Conca de Barberà;43086;Montblanc;1;2;U;;524;128;254;358;166;1;6;351;357
43;Tarragona;16;Conca de Barberà;43086;Montblanc;2;1;A;;497;122;262;371;126;1;10;360;370
43;Tarragona;16;Conca de Barberà;43086;Montblanc;2;1;B;;382;89;198;264;118;5;7;252;259
43;Tarragona;16;Conca de Barberà;43086;Montblanc;2;1;C;;536;131;320;429;107;6;4;419;423
43;Tarragona;16;Conca de Barberà;43086;Montblanc;2;2;A;;559;136;315;419;140;7;5;407;412
43;Tarragona;16;Conca de Barberà;43086;Montblanc;2;2;B;;495;130;282;356;139;3;3;350;353
43;Tarragona;16;Conca de Barberà;43086;Montblanc;2;2;C;;684;166;374;485;199;3;8;474;482
43;Tarragona;16;Conca de Barberà;43086;Montblanc;2;3;A;;465;112;275;361;104;6;6;349;355
43;Tarragona;16;Conca de Barberà;43086;Montblanc;2;3;B;;584;140;317;418;166;3;7;408;415
43;Tarragona;8;Baix Camp;43088;Montbrió del Camp;1;1;A;;900;296;532;645;255;4;11;630;641
43;Tarragona;8;Baix Camp;43088;Montbrió del Camp;1;1;B;;952;282;516;683;269;12;11;660;671
8;Barcelona;40;Vallès Occidental;08125;Montcada i Reixac;1;1;U;;838;255;488;589;249;6;8;575;583
8;Barcelona;40;Vallès Occidental;08125;Montcada i Reixac;1;2;U;;1103;322;660;796;307;1;18;777;795
8;Barcelona;40;Vallès Occidental;08125;Montcada i Reixac;1;4;U;;1276;304;673;799;477;7;11;781;792
8;Barcelona;40;Vallès Occidental;08125;Montcada i Reixac;1;5;U;;1136;330;653;814;322;12;9;793;802
8;Barcelona;40;Vallès Occidental;08125;Montcada i Reixac;2;1;U;;951;240;440;526;425;2;2;522;524
8;Barcelona;40;Vallès Occidental;08125;Montcada i Reixac;2;2;A;;820;248;450;559;261;3;9;547;556
8;Barcelona;40;Vallès Occidental;08125;Montcada i Reixac;2;2;B;;962;296;540;643;319;6;20;617;637
8;Barcelona;40;Vallès Occidental;08125;Montcada i Reixac;2;3;A;;782;255;465;563;219;3;2;558;560
8;Barcelona;40;Vallès Occidental;08125;Montcada i Reixac;2;3;B;;952;304;614;686;266;4;15;667;682
8;Barcelona;40;Vallès Occidental;08125;Montcada i Reixac;3;1;A;;765;216;430;522;243;2;6;514;520
8;Barcelona;40;Vallès Occidental;08125;Montcada i Reixac;3;1;B;;887;248;478;570;317;3;7;560;567
8;Barcelona;40;Vallès Occidental;08125;Montcada i Reixac;3;2;A;;1306;311;614;826;480;8;20;798;818
8;Barcelona;40;Vallès Occidental;08125;Montcada i Reixac;3;2;B;;1582;367;778;1001;581;13;13;975;988
8;Barcelona;40;Vallès Occidental;08125;Montcada i Reixac;3;3;A;;826;208;456;548;278;11;7;530;537
8;Barcelona;40;Vallès Occidental;08125;Montcada i Reixac;3;3;B;;908;236;490;618;290;6;8;604;612
8;Barcelona;40;Vallès Occidental;08125;Montcada i Reixac;3;4;A;;673;164;367;493;180;13;3;477;480
8;Barcelona;40;Vallès Occidental;08125;Montcada i Reixac;3;4;B;;705;163;386;497;208;4;13;480;493
8;Barcelona;40;Vallès Occidental;08125;Montcada i Reixac;4;1;A;;1127;323;585;734;393;3;9;722;731
8;Barcelona;40;Vallès Occidental;08125;Montcada i Reixac;4;1;B;;1314;375;708;886;428;10;10;866;876
8;Barcelona;40;Vallès Occidental;08125;Montcada i Reixac;5;1;A;;752;179;351;438;314;8;5;425;430
8;Barcelona;40;Vallès Occidental;08125;Montcada i Reixac;5;1;B;;834;197;408;501;333;2;5;494;499
8;Barcelona;40;Vallès Occidental;08125;Montcada i Reixac;5;2;U;;993;203;475;594;399;4;7;583;590
8;Barcelona;40;Vallès Occidental;08125;Montcada i Reixac;5;3;U;;965;238;414;505;460;3;5;497;502
8;Barcelona;40;Vallès Occidental;08125;Montcada i Reixac;6;1;A;;1046;279;578;714;332;8;9;697;706
8;Barcelona;40;Vallès Occidental;08125;Montcada i Reixac;6;1;B;;1189;269;599;775;414;3;13;759;772
8;Barcelona;14;Berguedà;08130;Montclar;1;1;U;;97;12;44;70;27;0;0;70;70
25;Lleida;15;Cerdanya;25139;Montellà i Martinet;1;1;U;;545;182;318;419;126;1;6;412;418
8;Barcelona;24;Osona;08131;Montesquiu;1;1;U;;711;251;432;528;183;6;10;512;522
25;Lleida;4;Alt Urgell;25140;Montferrer i Castellbò;1;1;U;;764;207;422;535;229;15;7;513;520
43;Tarragona;1;Alt Camp;43089;Montferri;1;1;U;;276;82;156;187;89;2;1;184;185
25;Lleida;23;Noguera;25138;Montgai;1;1;A;;389;107;232;298;91;4;12;282;294
25;Lleida;23;Noguera;25138;Montgai;1;1;B;;205;52;118;145;60;1;4;140;144
8;Barcelona;21;Maresme;08126;Montgat;1;1;A;;632;183;360;464;168;0;17;447;464
8;Barcelona;21;Maresme;08126;Montgat;1;1;B;;542;128;282;372;170;5;8;359;367
8;Barcelona;21;Maresme;08126;Montgat;1;1;C;;726;198;392;509;217;5;11;493;504
8;Barcelona;21;Maresme;08126;Montgat;1;1;D;;590;174;331;417;173;4;9;404;413
8;Barcelona;21;Maresme;08126;Montgat;1;2;A;;540;181;317;382;158;0;9;373;382
8;Barcelona;21;Maresme;08126;Montgat;1;2;B;;498;147;268;333;165;6;3;324;327
8;Barcelona;21;Maresme;08126;Montgat;1;2;C;;704;234;398;487;217;4;4;479;483
8;Barcelona;21;Maresme;08126;Montgat;1;2;D;;533;166;292;354;179;4;9;341;350
8;Barcelona;21;Maresme;08126;Montgat;1;3;A;;544;168;315;395;149;1;2;392;394
8;Barcelona;21;Maresme;08126;Montgat;1;3;B;;573;169;335;406;167;6;5;395;400
8;Barcelona;21;Maresme;08126;Montgat;1;3;C;;602;192;357;430;172;3;9;418;427
8;Barcelona;21;Maresme;08126;Montgat;1;3;D;;514;169;284;361;153;2;10;349;359
8;Barcelona;21;Maresme;08126;Montgat;1;4;A;;643;257;392;472;171;5;2;465;467
8;Barcelona;21;Maresme;08126;Montgat;1;4;B;;758;244;458;553;205;4;7;542;549
8;Barcelona;14;Berguedà;08132;Montmajor;1;1;U;;384;114;227;311;73;0;3;308;311
8;Barcelona;6;Anoia;08133;Montmaneu;1;1;U;;143;51;87;99;44;0;5;94;99
43;Tarragona;12;Baix Penedès;43090;Montmell, el;1;1;A;;498;141;210;254;244;4;6;244;250
43;Tarragona;12;Baix Penedès;43090;Montmell, el;1;1;B;;639;177;266;327;312;4;3;320;323
8;Barcelona;41;Vallès Oriental;08135;Montmeló;1;1;A;;592;160;355;457;135;6;9;442;451
8;Barcelona;41;Vallès Oriental;08135;Montmeló;1;1;B;;752;192;411;535;217;3;7;525;532
8;Barcelona;41;Vallès Oriental;08135;Montmeló;1;1;C;;586;162;363;440;146;4;8;428;436
8;Barcelona;41;Vallès Oriental;08135;Montmeló;1;2;A;;506;152;271;342;164;2;7;333;340
8;Barcelona;41;Vallès Oriental;08135;Montmeló;1;2;B;;640;198;374;452;188;8;7;437;444
8;Barcelona;41;Vallès Oriental;08135;Montmeló;1;3;A;;777;257;474;577;200;7;6;564;570
8;Barcelona;41;Vallès Oriental;08135;Montmeló;1;3;B;;936;305;566;688;248;7;13;668;681
8;Barcelona;41;Vallès Oriental;08135;Montmeló;1;4;U;;853;270;485;584;269;6;7;571;578
8;Barcelona;41;Vallès Oriental;08135;Montmeló;1;5;U;;942;286;552;688;254;15;7;666;673
25;Lleida;33;Segrià;25142;Montoliu de Lleida;1;1;U;;383;123;235;297;86;1;5;291;296
25;Lleida;32;Segarra;25141;Montoliu de Segarra;1;1;U;;173;63;94;122;51;1;5;116;121
8;Barcelona;41;Vallès Oriental;08136;Montornès del Vallès;1;1;A;;608;162;310;418;190;9;10;399;409
8;Barcelona;41;Vallès Oriental;08136;Montornès del Vallès;1;1;B;;718;212;375;482;236;10;13;459;472
8;Barcelona;41;Vallès Oriental;08136;Montornès del Vallès;1;2;A;;360;110;206;255;105;8;3;244;247
8;Barcelona;41;Vallès Oriental;08136;Montornès del Vallès;1;2;B;;476;131;247;323;153;2;7;314;321
8;Barcelona;41;Vallès Oriental;08136;Montornès del Vallès;1;2;C;;372;108;206;244;128;10;7;227;234
8;Barcelona;41;Vallès Oriental;08136;Montornès del Vallès;1;3;A;;568;153;298;378;190;9;6;363;369
8;Barcelona;41;Vallès Oriental;08136;Montornès del Vallès;1;3;B;;682;180;338;459;223;15;11;433;444
8;Barcelona;41;Vallès Oriental;08136;Montornès del Vallès;1;3;C;;548;122;288;387;161;8;12;367;379
8;Barcelona;41;Vallès Oriental;08136;Montornès del Vallès;1;4;A;;404;131;241;290;114;4;7;279;286
8;Barcelona;41;Vallès Oriental;08136;Montornès del Vallès;1;4;B;;578;163;306;412;166;8;9;395;404
8;Barcelona;41;Vallès Oriental;08136;Montornès del Vallès;1;4;C;;447;125;263;321;126;8;8;305;313
8;Barcelona;41;Vallès Oriental;08136;Montornès del Vallès;1;5;A;;537;150;304;382;155;9;7;366;373
8;Barcelona;41;Vallès Oriental;08136;Montornès del Vallès;1;5;B;;639;180;356;427;212;14;6;407;413
8;Barcelona;41;Vallès Oriental;08136;Montornès del Vallès;1;5;C;;526;185;321;399;127;5;8;386;394
8;Barcelona;41;Vallès Oriental;08136;Montornès del Vallès;1;6;A;;519;159;312;386;133;17;11;358;369
8;Barcelona;41;Vallès Oriental;08136;Montornès del Vallès;1;6;B;;570;182;334;404;166;9;7;388;395
8;Barcelona;41;Vallès Oriental;08136;Montornès del Vallès;1;7;U;;743;230;438;543;200;11;7;525;532
8;Barcelona;41;Vallès Oriental;08136;Montornès del Vallès;2;1;U;;497;124;207;245;252;3;9;233;242
8;Barcelona;41;Vallès Oriental;08136;Montornès del Vallès;2;2;U;;646;187;345;418;228;2;5;411;416
8;Barcelona;41;Vallès Oriental;08136;Montornès del Vallès;2;3;U;;705;180;351;407;298;5;12;390;402
25;Lleida;32;Segarra;25143;Montornès de Segarra;1;1;U;;87;15;38;69;18;0;1;68;69
43;Tarragona;1;Alt Camp;43091;Mont-ral;1;1;U;;136;34;80;103;33;1;0;102;102
17;Girona;10;Baix Empordà;17110;Mont-ras;1;1;A;;676;226;426;491;185;0;11;480;491
17;Girona;10;Baix Empordà;17110;Mont-ras;1;1;B;;680;219;433;502;178;3;6;493;499
43;Tarragona;8;Baix Camp;43092;Mont-roig del Camp;1;1;A;;582;180;330;408;174;7;2;399;401
43;Tarragona;8;Baix Camp;43092;Mont-roig del Camp;1;1;B;;564;150;296;397;167;1;7;389;396
43;Tarragona;8;Baix Camp;43092;Mont-roig del Camp;1;2;U;;604;172;310;373;231;2;5;366;371
43;Tarragona;8;Baix Camp;43092;Mont-roig del Camp;1;3;U;;917;258;525;663;254;8;16;639;655
43;Tarragona;8;Baix Camp;43092;Mont-roig del Camp;1;4;U;;572;139;223;274;298;0;2;272;274
43;Tarragona;8;Baix Camp;43092;Mont-roig del Camp;1;5;A;;496;152;248;291;205;4;3;284;287
43;Tarragona;8;Baix Camp;43092;Mont-roig del Camp;1;5;B;;625;166;292;352;273;1;2;349;351
43;Tarragona;8;Baix Camp;43092;Mont-roig del Camp;1;6;U;;889;231;396;500;389;6;9;485;494
43;Tarragona;8;Baix Camp;43092;Mont-roig del Camp;1;7;U;;893;253;395;478;415;3;6;469;475
43;Tarragona;8;Baix Camp;43092;Mont-roig del Camp;1;8;U;;948;195;334;435;513;2;5;428;433
8;Barcelona;41;Vallès Oriental;08137;Montseny;1;1;U;;255;76;135;215;40;1;1;213;214
43;Tarragona;30;Ribera d'Ebre;43093;Móra d'Ebre;1;1;A;;589;172;337;412;177;4;14;394;408
43;Tarragona;30;Ribera d'Ebre;43093;Móra d'Ebre;1;1;B;;658;172;348;442;216;8;8;426;434
43;Tarragona;30;Ribera d'Ebre;43093;Móra d'Ebre;1;2;A;;795;190;390;546;249;11;21;514;535
43;Tarragona;30;Ribera d'Ebre;43093;Móra d'Ebre;1;2;B;;807;192;396;549;258;6;11;532;543
43;Tarragona;30;Ribera d'Ebre;43093;Móra d'Ebre;2;1;A;;508;141;258;342;166;2;8;332;340
43;Tarragona;30;Ribera d'Ebre;43093;Móra d'Ebre;2;1;B;;567;139;293;388;179;3;16;369;385
43;Tarragona;30;Ribera d'Ebre;43094;Móra la Nova;1;1;A;;588;147;318;424;164;2;13;409;422
43;Tarragona;30;Ribera d'Ebre;43094;Móra la Nova;1;1;B;;697;190;405;525;172;22;8;495;503
43;Tarragona;30;Ribera d'Ebre;43094;Móra la Nova;2;1;A;;392;107;209;266;126;2;6;258;264
43;Tarragona;30;Ribera d'Ebre;43094;Móra la Nova;2;1;B;;524;141;283;373;151;9;3;361;364
43;Tarragona;36;Tarragonès;43095;Morell, el;1;1;A;;450;123;236;310;140;6;1;303;304
43;Tarragona;36;Tarragonès;43095;Morell, el;1;1;B;;520;140;292;356;164;5;3;348;351
43;Tarragona;36;Tarragonès;43095;Morell, el;1;1;C;;485;138;257;317;168;7;3;307;310
43;Tarragona;36;Tarragonès;43095;Morell, el;1;2;A;;447;110;262;320;127;4;3;313;316
43;Tarragona;36;Tarragonès;43095;Morell, el;1;2;B;;554;43;303;388;166;5;4;379;383
43;Tarragona;29;Priorat;43096;Morera de Montsant, la;1;1;U;;106;43;70;85;21;0;0;85;85
8;Barcelona;24;Osona;08129;Muntanyola;1;1;U;;444;157;279;339;105;0;3;336;339
8;Barcelona;7;Bages;08139;Mura;1;1;U;;169;58;103;151;18;2;0;149;149
25;Lleida;38;Urgell;25145;Nalec;1;1;U;;92;22;57;73;19;0;2;71;73
25;Lleida;39;Consell General d'Aran;25025;Naut Aran;1;1;A;;829;148;339;504;325;12;20;472;492
25;Lleida;39;Consell General d'Aran;25025;Naut Aran;1;1;B;;488;99;250;340;148;8;14;318;332
8;Barcelona;7;Bages;08140;Navarcles;1;1;A;;663;205;384;456;207;5;6;445;451
8;Barcelona;7;Bages;08140;Navarcles;1;1;B;;729;223;457;514;215;5;8;501;509
8;Barcelona;7;Bages;08140;Navarcles;1;2;A;;762;212;449;561;201;2;10;549;559
8;Barcelona;7;Bages;08140;Navarcles;1;2;B;;853;222;518;636;217;1;10;625;635
8;Barcelona;7;Bages;08140;Navarcles;1;3;A;;728;228;436;535;193;4;9;522;531
8;Barcelona;7;Bages;08140;Navarcles;1;3;B;;917;279;537;659;258;4;8;647;655
8;Barcelona;7;Bages;08141;Navàs;1;1;A;;418;125;248;323;95;5;7;311;318
8;Barcelona;7;Bages;08141;Navàs;1;1;B;;540;158;331;429;111;6;8;415;423
8;Barcelona;7;Bages;08141;Navàs;1;2;U;;559;189;342;437;122;6;3;428;431
8;Barcelona;7;Bages;08141;Navàs;1;3;A;;578;184;346;414;164;4;5;405;410
8;Barcelona;7;Bages;08141;Navàs;1;3;B;;523;144;274;342;181;1;5;336;341
8;Barcelona;7;Bages;08141;Navàs;1;3;C;;675;187;370;439;236;9;4;426;430
8;Barcelona;7;Bages;08141;Navàs;1;4;A;;493;162;306;367;126;6;8;353;361
8;Barcelona;7;Bages;08141;Navàs;1;4;B;;611;211;406;481;130;2;3;476;479
8;Barcelona;7;Bages;08141;Navàs;2;1;U;;207;92;145;157;50;0;1;156;157
17;Girona;2;Alt Empordà;17111;Navata;1;1;U;;816;276;548;651;165;8;7;636;643
25;Lleida;35;Solsonès;25146;Navès;1;1;U;;216;72;146;165;51;0;2;163;165
8;Barcelona;14;Berguedà;08142;Nou de Berguedà, la;1;1;U;;126;41;77;100;26;0;1;99;100
43;Tarragona;36;Tarragonès;43097;Nou de Gaià, la;1;1;U;;391;113;240;302;89;4;5;293;298
43;Tarragona;1;Alt Camp;43098;Nulles;1;1;U;;356;127;225;277;79;1;4;272;276
25;Lleida;35;Solsonès;25148;Odèn;1;1;U;;230;45;113;176;54;0;1;175;176
8;Barcelona;6;Anoia;08143;Òdena;1;1;A;;275;89;182;224;51;1;5;218;223
8;Barcelona;6;Anoia;08143;Òdena;1;1;B;;460;129;268;324;136;4;7;313;320
8;Barcelona;6;Anoia;08143;Òdena;1;1;C;;491;132;253;321;170;3;8;310;318
8;Barcelona;6;Anoia;08143;Òdena;1;1;D;;496;145;269;341;155;3;5;333;338
8;Barcelona;6;Anoia;08143;Òdena;1;2;A;;455;96;247;305;150;1;4;300;304
8;Barcelona;6;Anoia;08143;Òdena;1;2;B;;538;118;250;338;200;3;11;324;335
17;Girona;31;Ripollès;17112;Ogassa;1;1;U;;204;81;123;163;41;2;9;152;161
8;Barcelona;3;Alt Penedès;08145;Olèrdola;1;1;A;;779;238;413;507;272;2;5;500;505
8;Barcelona;3;Alt Penedès;08145;Olèrdola;1;1;B;;785;214;410;545;240;4;10;531;541
8;Barcelona;3;Alt Penedès;08145;Olèrdola;1;2;A;;514;149;342;416;98;7;6;403;409
8;Barcelona;3;Alt Penedès;08145;Olèrdola;1;2;B;;543;185;379;457;86;9;9;439;448
8;Barcelona;3;Alt Penedès;08146;Olesa de Bonesvalls;1;1;U;;614;194;362;449;165;8;6;435;441
8;Barcelona;3;Alt Penedès;08146;Olesa de Bonesvalls;1;2;U;;693;222;368;452;241;3;8;441;449
8;Barcelona;11;Baix Llobregat;08147;Olesa de Montserrat;1;1;A;;723;188;346;461;262;3;2;456;458
8;Barcelona;11;Baix Llobregat;08147;Olesa de Montserrat;1;1;B;;707;167;348;450;257;5;10;435;445
8;Barcelona;11;Baix Llobregat;08147;Olesa de Montserrat;1;1;C;;851;221;416;555;296;6;14;535;549
8;Barcelona;11;Baix Llobregat;08147;Olesa de Montserrat;1;1;D;;717;174;351;451;266;2;7;442;449
8;Barcelona;11;Baix Llobregat;08147;Olesa de Montserrat;1;2;A;;489;133;251;336;153;3;1;332;333
8;Barcelona;11;Baix Llobregat;08147;Olesa de Montserrat;1;2;B;;614;175;319;400;214;2;3;395;398
8;Barcelona;11;Baix Llobregat;08147;Olesa de Montserrat;1;2;C;;494;135;257;328;166;2;2;324;326
8;Barcelona;11;Baix Llobregat;08147;Olesa de Montserrat;1;3;A;;471;165;282;341;130;1;5;335;340
8;Barcelona;11;Baix Llobregat;08147;Olesa de Montserrat;1;3;B;;468;154;274;340;128;1;2;337;339
8;Barcelona;11;Baix Llobregat;08147;Olesa de Montserrat;1;4;A;;560;159;307;413;147;1;8;404;412
8;Barcelona;11;Baix Llobregat;08147;Olesa de Montserrat;1;4;B;;543;181;312;404;139;2;9;393;402
8;Barcelona;11;Baix Llobregat;08147;Olesa de Montserrat;1;4;C;;526;159;279;367;159;3;7;357;364
8;Barcelona;11;Baix Llobregat;08147;Olesa de Montserrat;1;5;A;;654;192;345;438;216;3;7;428;435
8;Barcelona;11;Baix Llobregat;08147;Olesa de Montserrat;1;5;B;;582;158;293;383;199;11;8;364;372
8;Barcelona;11;Baix Llobregat;08147;Olesa de Montserrat;1;5;C;;751;190;406;516;235;4;1;511;512
8;Barcelona;11;Baix Llobregat;08147;Olesa de Montserrat;1;5;D;;632;168;331;421;211;3;10;408;418
8;Barcelona;11;Baix Llobregat;08147;Olesa de Montserrat;1;6;A;;623;168;317;399;224;16;3;380;383
8;Barcelona;11;Baix Llobregat;08147;Olesa de Montserrat;1;6;B;;595;160;305;380;215;10;8;362;370
8;Barcelona;11;Baix Llobregat;08147;Olesa de Montserrat;1;6;C;;774;212;403;532;242;6;6;520;526
8;Barcelona;11;Baix Llobregat;08147;Olesa de Montserrat;1;6;D;;628;175;320;421;207;9;18;394;412
8;Barcelona;11;Baix Llobregat;08147;Olesa de Montserrat;1;7;A;;631;161;314;416;215;4;3;409;412
8;Barcelona;11;Baix Llobregat;08147;Olesa de Montserrat;1;7;B;;741;178;381;478;263;6;6;466;472
8;Barcelona;11;Baix Llobregat;08147;Olesa de Montserrat;1;8;A;;511;172;309;389;122;5;5;379;384
8;Barcelona;11;Baix Llobregat;08147;Olesa de Montserrat;1;8;B;;615;201;367;451;164;16;8;427;435
8;Barcelona;11;Baix Llobregat;08147;Olesa de Montserrat;1;8;C;;572;185;327;397;175;10;6;381;387
8;Barcelona;11;Baix Llobregat;08147;Olesa de Montserrat;1;9;A;;708;217;419;519;189;6;6;507;513
8;Barcelona;11;Baix Llobregat;08147;Olesa de Montserrat;1;9;B;;736;205;414;516;220;7;6;503;509
25;Lleida;4;Alt Urgell;25149;Oliana;1;1;A;;648;226;488;529;119;10;4;515;519
25;Lleida;4;Alt Urgell;25149;Oliana;1;1;B;;755;234;499;615;140;8;9;598;607
25;Lleida;23;Noguera;25150;Oliola;1;1;U;;192;55;109;145;47;2;6;137;143
25;Lleida;35;Solsonès;25151;Olius;1;1;U;;653;214;384;502;151;3;6;493;499
8;Barcelona;17;Garraf;08148;Olivella;1;1;A;;1063;293;523;645;418;2;9;634;643
8;Barcelona;17;Garraf;08148;Olivella;1;1;B;;964;275;471;577;387;3;10;564;574
8;Barcelona;17;Garraf;08148;Olivella;1;1;C;;223;70;116;134;89;1;0;133;133
8;Barcelona;24;Osona;08149;Olost;1;1;A;;432;109;271;326;106;1;3;322;325
8;Barcelona;24;Osona;08149;Olost;1;1;B;;559;186;370;436;123;4;4;428;432
17;Girona;19;Garrotxa;17114;Olot;1;1;A;;553;174;299;344;209;4;6;334;340
17;Girona;19;Garrotxa;17114;Olot;1;1;B;;498;125;237;292;206;2;1;289;290
17;Girona;19;Garrotxa;17114;Olot;1;2;U;;705;232;410;456;249;1;7;448;455
17;Girona;19;Garrotxa;17114;Olot;1;3;U;;779;296;518;616;163;1;5;610;615
17;Girona;19;Garrotxa;17114;Olot;1;4;U;;636;261;440;511;125;2;9;500;509
17;Girona;19;Garrotxa;17114;Olot;1;5;U;;534;231;356;412;122;1;6;405;411
17;Girona;19;Garrotxa;17114;Olot;1;6;U;;555;237;360;410;145;1;4;405;409
17;Girona;19;Garrotxa;17114;Olot;1;7;A;;567;214;356;412;155;4;2;406;408
17;Girona;19;Garrotxa;17114;Olot;1;7;B;;564;242;369;416;148;3;8;405;413
17;Girona;19;Garrotxa;17114;Olot;2;1;A;;859;280;517;632;227;7;8;617;625
17;Girona;19;Garrotxa;17114;Olot;2;1;B;;814;292;542;629;185;5;9;615;624
17;Girona;19;Garrotxa;17114;Olot;2;2;A;;797;245;475;581;216;6;6;569;575
17;Girona;19;Garrotxa;17114;Olot;2;2;B;;738;258;478;561;177;3;4;554;558
17;Girona;19;Garrotxa;17114;Olot;2;3;A;;568;173;305;348;220;0;2;346;348
17;Girona;19;Garrotxa;17114;Olot;2;3;B;;553;175;314;366;187;3;1;362;363
17;Girona;19;Garrotxa;17114;Olot;2;4;U;;933;240;492;604;329;3;13;588;601
17;Girona;19;Garrotxa;17114;Olot;2;5;U;;996;318;580;680;316;3;11;666;677
17;Girona;19;Garrotxa;17114;Olot;3;1;U;;612;189;370;442;170;4;5;433;438
17;Girona;19;Garrotxa;17114;Olot;3;2;A;;667;226;432;520;147;3;6;511;517
17;Girona;19;Garrotxa;17114;Olot;3;2;B;;666;253;459;536;130;4;7;525;532
17;Girona;19;Garrotxa;17114;Olot;3;3;A;;843;322;558;647;196;2;6;639;645
17;Girona;19;Garrotxa;17114;Olot;3;3;B;;852;291;512;603;249;5;2;596;598
17;Girona;19;Garrotxa;17114;Olot;4;1;U;;1030;300;567;651;379;5;5;641;646
17;Girona;19;Garrotxa;17114;Olot;4;2;A;;762;255;430;488;274;4;5;479;484
17;Girona;19;Garrotxa;17114;Olot;4;2;B;;694;217;386;431;263;4;1;426;427
17;Girona;19;Garrotxa;17114;Olot;5;1;U;;983;263;719;736;247;3;5;728;733
17;Girona;19;Garrotxa;17114;Olot;5;2;A;;524;193;364;444;80;5;3;436;439
17;Girona;19;Garrotxa;17114;Olot;5;2;B;;501;190;362;413;88;3;5;405;410
17;Girona;19;Garrotxa;17114;Olot;5;3;A;;812;270;513;570;242;8;4;558;562
17;Girona;19;Garrotxa;17114;Olot;5;3;B;;848;285;535;631;217;9;5;617;622
17;Girona;19;Garrotxa;17114;Olot;5;4;A;;592;185;388;458;134;3;9;446;455
17;Girona;19;Garrotxa;17114;Olot;5;4;B;;614;212;409;486;128;2;5;479;484
25;Lleida;32;Segarra;25152;Oluges, les;1;1;U;;155;36;76;101;54;1;3;97;100
8;Barcelona;14;Berguedà;08144;Olvan;1;1;A;;400;102;239;308;92;5;11;292;303
8;Barcelona;14;Berguedà;08144;Olvan;1;1;B;;356;114;204;265;91;5;6;254;260
25;Lleida;18;Garrigues;25153;Omellons, els;1;1;U;;206;56;105;148;58;1;7;140;147
25;Lleida;38;Urgell;25154;Omells de na Gaia, els;1;1;U;;126;44;56;85;41;0;2;83;85
17;Girona;2;Alt Empordà;17115;Ordis;1;1;U;;279;99;203;230;49;0;6;224;230
25;Lleida;4;Alt Urgell;25155;Organyà;1;1;U;;704;282;388;538;166;1;13;524;537
8;Barcelona;24;Osona;08150;Orís;1;1;U;;233;74;152;188;45;0;0;188;188
8;Barcelona;24;Osona;08151;Oristà;1;1;U;;485;185;339;396;89;10;1;385;386
8;Barcelona;6;Anoia;08152;Orpí;1;1;U;;120;34;72;94;26;0;1;93;94
8;Barcelona;21;Maresme;08153;Òrrius;1;1;U;;512;198;364;415;97;4;3;408;411
25;Lleida;23;Noguera;25156;Os de Balaguer;1;1;A;;366;99;224;281;85;1;6;274;280
25;Lleida;23;Noguera;25156;Os de Balaguer;1;1;B;;397;93;220;299;98;0;5;294;299
17;Girona;34;Selva;17116;Osor;1;1;U;;365;119;242;284;81;4;3;277;280
25;Lleida;38;Urgell;25157;Ossó de Sió;1;1;U;;186;51;100;127;59;1;2;124;126
8;Barcelona;3;Alt Penedès;08154;Pacs del Penedès;1;1;U;;694;218;428;527;167;8;10;509;519
8;Barcelona;21;Maresme;08155;Palafolls;1;1;A;;561;173;331;395;166;9;4;382;386
8;Barcelona;21;Maresme;08155;Palafolls;1;1;B;;696;222;420;509;187;3;13;493;506
8;Barcelona;21;Maresme;08155;Palafolls;1;1;C;;718;242;444;526;192;7;3;516;519
8;Barcelona;21;Maresme;08155;Palafolls;1;2;U;;953;283;534;690;263;9;15;666;681
8;Barcelona;21;Maresme;08155;Palafolls;1;3;A;;771;224;423;510;261;4;6;500;506
8;Barcelona;21;Maresme;08155;Palafolls;1;3;B;;829;205;430;504;325;7;8;489;497
8;Barcelona;21;Maresme;08155;Palafolls;1;4;A;;548;173;292;376;172;4;5;367;372
8;Barcelona;21;Maresme;08155;Palafolls;1;4;B;;697;187;357;462;235;6;6;450;456
8;Barcelona;21;Maresme;08155;Palafolls;1;5;U;;876;243;443;550;326;8;8;534;542
17;Girona;10;Baix Empordà;17117;Palafrugell;1;1;A;;773;263;423;498;275;5;7;486;493
17;Girona;10;Baix Empordà;17117;Palafrugell;1;1;B;;662;253;401;468;194;2;4;462;466
17;Girona;10;Baix Empordà;17117;Palafrugell;1;2;A;;696;207;368;434;262;0;5;429;434
17;Girona;10;Baix Empordà;17117;Palafrugell;1;2;B;;678;213;389;458;220;1;5;452;457
17;Girona;10;Baix Empordà;17117;Palafrugell;1;3;A;;558;166;306;361;197;0;3;358;361
17;Girona;10;Baix Empordà;17117;Palafrugell;1;3;B;;502;160;264;329;173;4;3;322;325
17;Girona;10;Baix Empordà;17117;Palafrugell;1;4;A;;674;220;416;482;192;2;9;471;480
17;Girona;10;Baix Empordà;17117;Palafrugell;1;4;B;;647;220;384;453;194;1;12;440;452
17;Girona;10;Baix Empordà;17117;Palafrugell;1;5;U;;763;270;437;506;257;2;10;494;504
17;Girona;10;Baix Empordà;17117;Palafrugell;2;1;A;;805;288;467;553;252;7;7;539;546
17;Girona;10;Baix Empordà;17117;Palafrugell;2;1;B;;768;289;445;525;243;2;12;511;523
17;Girona;10;Baix Empordà;17117;Palafrugell;2;2;A;;757;253;425;494;263;2;3;489;492
17;Girona;10;Baix Empordà;17117;Palafrugell;2;2;B;;703;237;391;456;247;4;7;445;452
17;Girona;10;Baix Empordà;17117;Palafrugell;2;3;A;;896;237;442;504;392;0;6;498;504
17;Girona;10;Baix Empordà;17117;Palafrugell;2;3;B;;772;366;493;584;188;3;8;573;581
17;Girona;10;Baix Empordà;17117;Palafrugell;3;1;U;;996;306;549;663;333;6;15;642;657
17;Girona;10;Baix Empordà;17117;Palafrugell;3;2;A;;641;221;394;447;194;1;6;440;446
17;Girona;10;Baix Empordà;17117;Palafrugell;3;2;B;;635;252;401;453;182;4;4;445;449
17;Girona;10;Baix Empordà;17117;Palafrugell;3;2;C;;221;73;145;162;59;1;5;156;161
17;Girona;10;Baix Empordà;17117;Palafrugell;3;3;U;;898;232;435;561;337;5;17;539;556
17;Girona;10;Baix Empordà;17118;Palamós;1;1;A;;623;226;383;429;194;3;2;424;426
17;Girona;10;Baix Empordà;17118;Palamós;1;1;B;;607;239;367;446;161;5;4;437;441
17;Girona;10;Baix Empordà;17118;Palamós;1;2;A;;680;246;397;458;222;8;4;446;450
17;Girona;10;Baix Empordà;17118;Palamós;1;2;B;;622;203;360;417;205;4;7;406;413
17;Girona;10;Baix Empordà;17118;Palamós;1;3;A;;551;211;313;361;190;2;3;356;359
17;Girona;10;Baix Empordà;17118;Palamós;1;3;B;;550;222;355;396;154;0;3;393;396
17;Girona;10;Baix Empordà;17118;Palamós;1;4;U;;652;210;387;478;174;1;9;468;477
17;Girona;10;Baix Empordà;17118;Palamós;2;1;U;;913;335;515;648;265;4;7;637;644
17;Girona;10;Baix Empordà;17118;Palamós;2;2;A;;585;229;351;404;181;3;3;398;401
17;Girona;10;Baix Empordà;17118;Palamós;2;2;B;;600;201;359;417;183;0;3;414;417
17;Girona;10;Baix Empordà;17118;Palamós;3;1;A;;443;132;260;290;153;1;8;281;289
17;Girona;10;Baix Empordà;17118;Palamós;3;1;B;;794;275;466;539;255;5;6;528;534
17;Girona;10;Baix Empordà;17118;Palamós;3;2;A;;561;186;300;363;198;4;8;351;359
17;Girona;10;Baix Empordà;17118;Palamós;3;2;B;;590;206;328;398;192;5;3;390;393
17;Girona;10;Baix Empordà;17118;Palamós;3;3;A;;784;245;442;534;250;8;2;524;526
17;Girona;10;Baix Empordà;17118;Palamós;3;3;B;;760;233;427;505;255;5;1;499;500
17;Girona;10;Baix Empordà;17118;Palamós;4;1;A;;659;203;351;412;247;7;3;402;405
17;Girona;10;Baix Empordà;17118;Palamós;4;1;B;;632;175;335;388;244;4;7;377;384
17;Girona;10;Baix Empordà;17118;Palamós;4;2;U;;977;285;564;658;319;6;11;641;652
25;Lleida;27;Pla d'Urgell;25158;Palau d'Anglesola, el;1;1;A;;743;183;420;541;202;12;17;512;529
25;Lleida;27;Pla d'Urgell;25158;Palau d'Anglesola, el;1;1;B;;900;232;520;699;201;11;16;672;688
17;Girona;2;Alt Empordà;17119;Palau de Santa Eulàlia;1;1;U;;85;34;57;70;15;0;0;70;70
17;Girona;10;Baix Empordà;17121;Palau-sator;1;1;U;;231;81;155;183;48;0;2;181;183
17;Girona;2;Alt Empordà;17120;Palau-saverdera;1;1;U;;769;252;474;548;221;5;3;540;543
8;Barcelona;40;Vallès Occidental;08156;Palau-solità i Plegamans;1;1;A;;336;101;180;211;125;1;4;206;210
8;Barcelona;40;Vallès Occidental;08156;Palau-solità i Plegamans;1;1;B;;416;118;204;248;168;1;3;244;247
8;Barcelona;40;Vallès Occidental;08156;Palau-solità i Plegamans;1;1;C;;361;119;195;227;134;3;4;220;224
8;Barcelona;40;Vallès Occidental;08156;Palau-solità i Plegamans;1;2;A;;576;167;323;401;175;4;8;389;397
8;Barcelona;40;Vallès Occidental;08156;Palau-solità i Plegamans;1;2;B;;684;196;365;455;229;3;10;442;452
8;Barcelona;40;Vallès Occidental;08156;Palau-solità i Plegamans;1;2;C;;544;157;315;389;155;5;4;380;384
8;Barcelona;40;Vallès Occidental;08156;Palau-solità i Plegamans;1;3;A;;595;172;333;409;186;5;7;397;404
8;Barcelona;40;Vallès Occidental;08156;Palau-solità i Plegamans;1;3;B;;738;220;411;509;229;0;11;498;509
8;Barcelona;40;Vallès Occidental;08156;Palau-solità i Plegamans;1;4;A;;553;148;312;393;160;2;8;383;391
8;Barcelona;40;Vallès Occidental;08156;Palau-solità i Plegamans;1;4;B;;661;183;393;503;158;2;9;492;501
8;Barcelona;40;Vallès Occidental;08156;Palau-solità i Plegamans;1;4;C;;621;165;367;470;151;1;6;463;469
8;Barcelona;40;Vallès Occidental;08156;Palau-solità i Plegamans;1;5;U;;864;306;534;658;206;5;6;647;653
8;Barcelona;40;Vallès Occidental;08156;Palau-solità i Plegamans;1;6;A;;740;208;410;517;223;4;5;508;513
8;Barcelona;40;Vallès Occidental;08156;Palau-solità i Plegamans;1;6;B;;768;222;421;529;239;8;11;510;521
8;Barcelona;40;Vallès Occidental;08156;Palau-solità i Plegamans;1;7;A;;494;175;298;373;121;1;2;370;372
8;Barcelona;40;Vallès Occidental;08156;Palau-solità i Plegamans;1;7;B;;583;176;345;427;156;4;4;419;423
8;Barcelona;40;Vallès Occidental;08156;Palau-solità i Plegamans;1;8;A;;557;167;294;365;192;12;2;351;353
8;Barcelona;40;Vallès Occidental;08156;Palau-solità i Plegamans;1;8;B;;615;174;319;416;199;5;2;409;411
43;Tarragona;36;Tarragonès;43100;Pallaresos, els;1;1;A;;504;132;286;372;132;2;4;366;370
43;Tarragona;36;Tarragonès;43100;Pallaresos, els;1;1;B;;593;162;334;436;157;3;6;427;433
43;Tarragona;36;Tarragonès;43100;Pallaresos, els;1;2;A;;604;201;349;426;178;5;10;411;421
43;Tarragona;36;Tarragonès;43100;Pallaresos, els;1;2;B;;714;200;339;446;268;10;13;423;436
43;Tarragona;36;Tarragonès;43100;Pallaresos, els;1;2;C;;697;186;373;484;213;1;14;469;483
8;Barcelona;11;Baix Llobregat;08157;Pallejà;1;1;A;;571;168;304;402;169;9;8;385;393
8;Barcelona;11;Baix Llobregat;08157;Pallejà;1;1;B;;706;200;374;479;227;9;8;462;470
8;Barcelona;11;Baix Llobregat;08157;Pallejà;1;1;C;;596;177;327;407;189;9;12;386;398
8;Barcelona;11;Baix Llobregat;08157;Pallejà;1;2;A;;508;135;258;330;178;4;8;318;326
8;Barcelona;11;Baix Llobregat;08157;Pallejà;1;2;B;;691;172;360;442;249;5;16;421;437
8;Barcelona;11;Baix Llobregat;08157;Pallejà;1;2;C;;556;150;300;395;161;4;9;382;391
8;Barcelona;11;Baix Llobregat;08157;Pallejà;1;3;A;;738;196;403;515;223;7;7;501;508
8;Barcelona;11;Baix Llobregat;08157;Pallejà;1;3;B;;786;235;451;564;222;5;9;550;559
8;Barcelona;11;Baix Llobregat;08157;Pallejà;1;4;A;;626;176;364;458;168;5;6;447;453
8;Barcelona;11;Baix Llobregat;08157;Pallejà;1;4;B;;704;221;414;499;205;0;1;498;499
8;Barcelona;11;Baix Llobregat;08157;Pallejà;1;5;A;;571;137;311;424;147;6;8;410;418
8;Barcelona;11;Baix Llobregat;08157;Pallejà;1;5;B;;657;193;370;475;182;2;5;468;473
8;Barcelona;11;Baix Llobregat;08157;Pallejà;1;5;C;;552;155;297;392;160;2;2;388;390
43;Tarragona;30;Ribera d'Ebre;43099;Palma d'Ebre, la;1;1;U;;320;89;188;259;61;1;1;257;258
8;Barcelona;11;Baix Llobregat;08905;Palma de Cervelló, la;1;1;A;;594;211;387;484;110;6;13;465;478
8;Barcelona;11;Baix Llobregat;08905;Palma de Cervelló, la;1;1;B;;636;180;378;496;140;3;10;483;493
8;Barcelona;11;Baix Llobregat;08905;Palma de Cervelló, la;1;2;A;;458;152;286;347;111;7;2;338;340
8;Barcelona;11;Baix Llobregat;08905;Palma de Cervelló, la;1;2;B;;580;186;370;456;124;3;7;446;453
17;Girona;28;Pla de l'Estany;17123;Palol de Revardit;1;1;U;;359;122;243;294;65;0;3;291;294
17;Girona;10;Baix Empordà;17124;Pals;1;1;A;;849;238;530;620;229;3;10;607;617
17;Girona;10;Baix Empordà;17124;Pals;1;1;B;;792;252;493;589;203;7;6;576;582
8;Barcelona;11;Baix Llobregat;08158;Papiol, el;1;1;A;;826;170;427;575;251;10;5;560;565
8;Barcelona;11;Baix Llobregat;08158;Papiol, el;1;1;B;;885;181;452;619;266;1;13;605;618
8;Barcelona;11;Baix Llobregat;08158;Papiol, el;1;2;A;;612;149;337;418;194;4;9;405;414
8;Barcelona;11;Baix Llobregat;08158;Papiol, el;1;2;B;;713;169;402;505;208;4;5;496;501
17;Girona;31;Ripollès;17125;Pardines;1;1;U;;130;36;82;107;23;0;3;104;107
8;Barcelona;41;Vallès Oriental;08159;Parets del Vallès;1;1;A;;591;158;328;419;172;9;4;406;410
8;Barcelona;41;Vallès Oriental;08159;Parets del Vallès;1;1;B;;628;182;344;429;199;8;6;415;421
8;Barcelona;41;Vallès Oriental;08159;Parets del Vallès;1;2;A;;685;175;367;467;218;3;7;457;464
8;Barcelona;41;Vallès Oriental;08159;Parets del Vallès;1;2;B;;843;244;479;590;253;4;5;581;586
8;Barcelona;41;Vallès Oriental;08159;Parets del Vallès;1;3;U;;985;267;542;693;292;4;12;677;689
8;Barcelona;41;Vallès Oriental;08159;Parets del Vallès;1;4;U;;877;223;473;615;262;6;15;594;609
8;Barcelona;41;Vallès Oriental;08159;Parets del Vallès;2;1;U;;986;248;550;672;314;3;9;660;669
8;Barcelona;41;Vallès Oriental;08159;Parets del Vallès;2;2;U;;869;211;485;582;287;9;13;560;573
8;Barcelona;41;Vallès Oriental;08159;Parets del Vallès;2;3;A;;835;207;426;539;296;3;11;525;536
8;Barcelona;41;Vallès Oriental;08159;Parets del Vallès;2;3;B;;908;250;465;580;328;5;11;564;575
8;Barcelona;41;Vallès Oriental;08159;Parets del Vallès;2;4;A;;544;156;310;375;169;3;1;371;372
8;Barcelona;41;Vallès Oriental;08159;Parets del Vallès;2;4;B;;702;180;388;464;238;4;4;456;460
8;Barcelona;41;Vallès Oriental;08159;Parets del Vallès;2;5;U;;957;260;560;716;241;12;11;693;704
8;Barcelona;41;Vallès Oriental;08159;Parets del Vallès;2;6;A;;828;196;511;554;274;5;14;535;549
8;Barcelona;41;Vallès Oriental;08159;Parets del Vallès;2;6;B;;964;225;432;648;316;6;12;630;642
8;Barcelona;41;Vallès Oriental;08159;Parets del Vallès;2;7;A;;649;192;355;458;191;4;11;443;454
8;Barcelona;41;Vallès Oriental;08159;Parets del Vallès;2;7;B;;837;246;482;625;212;4;15;606;621
17;Girona;10;Baix Empordà;17126;Parlavà;1;1;U;;320;136;239;282;38;1;4;277;281
43;Tarragona;16;Conca de Barberà;43101;Passanant i Belltall;1;1;U;;141;46;84;103;38;1;1;101;102
17;Girona;2;Alt Empordà;17128;Pau;1;1;U;;309;114;214;253;56;0;2;251;253
43;Tarragona;9;Baix Ebre;43102;Paüls;1;1;U;;505;100;304;385;120;9;4;372;376
17;Girona;2;Alt Empordà;17129;Pedret i Marzà;1;1;U;;128;44;93;105;23;0;0;105;105
25;Lleida;23;Noguera;25164;Penelles;1;1;U;;399;114;225;283;116;3;5;275;280
17;Girona;10;Baix Empordà;17130;Pera, la;1;1;U;;333;102;217;278;55;0;5;273;278
8;Barcelona;24;Osona;08160;Perafita;1;1;U;;325;136;219;249;76;0;6;243;249
43;Tarragona;36;Tarragonès;43103;Perafort;1;1;U;;890;217;484;618;272;10;16;592;608
17;Girona;2;Alt Empordà;17132;Peralada;1;1;A;;1099;352;685;856;243;4;13;839;852
17;Girona;2;Alt Empordà;17132;Peralada;1;1;B;;207;66;139;163;44;0;1;162;163
25;Lleida;4;Alt Urgell;25165;Peramola;1;1;U;;291;90;185;226;65;1;5;220;225
43;Tarragona;9;Baix Ebre;43104;Perelló, el;1;1;U;;596;206;239;259;337;5;7;247;254
43;Tarragona;9;Baix Ebre;43104;Perelló, el;1;2;A;;562;172;318;413;149;14;2;397;399
43;Tarragona;9;Baix Ebre;43104;Perelló, el;1;2;B;;685;197;467;503;182;4;13;486;499
8;Barcelona;6;Anoia;08161;Piera;1;1;U;;858;239;438;544;314;3;4;537;541
8;Barcelona;6;Anoia;08161;Piera;1;2;A;;1054;328;554;666;388;4;12;650;662
8;Barcelona;6;Anoia;08161;Piera;1;2;B;;1095;343;611;724;371;7;8;709;717
8;Barcelona;6;Anoia;08161;Piera;1;3;A;;815;220;456;561;254;10;4;547;551
8;Barcelona;6;Anoia;08161;Piera;1;3;B;;940;272;512;652;288;16;10;626;636
8;Barcelona;6;Anoia;08161;Piera;1;4;A;;220;60;157;190;30;0;0;190;190
8;Barcelona;6;Anoia;08161;Piera;1;4;B;;1119;320;551;664;455;11;9;644;653
8;Barcelona;6;Anoia;08161;Piera;1;5;A;;970;274;487;578;392;4;22;552;574
8;Barcelona;6;Anoia;08161;Piera;1;5;B;;1223;333;634;770;453;11;15;744;759
8;Barcelona;6;Anoia;08161;Piera;1;6;U;;1010;318;526;631;379;6;10;615;625
8;Barcelona;6;Anoia;08161;Piera;1;7;U;;619;196;332;411;208;1;3;407;410
8;Barcelona;6;Anoia;08161;Piera;1;8;U;;1115;330;555;678;437;7;13;658;671
43;Tarragona;16;Conca de Barberà;43105;Piles, les;1;1;U;;176;43;93;133;43;0;4;129;133
8;Barcelona;21;Maresme;08163;Pineda de Mar;1;1;A;;708;218;389;467;241;1;7;459;466
8;Barcelona;21;Maresme;08163;Pineda de Mar;1;1;B;;838;261;468;560;278;4;10;546;556
8;Barcelona;21;Maresme;08163;Pineda de Mar;1;10;A;;468;156;256;297;171;0;4;293;297
8;Barcelona;21;Maresme;08163;Pineda de Mar;1;10;B;;585;195;338;383;202;1;5;377;382
8;Barcelona;21;Maresme;08163;Pineda de Mar;1;11;A;;467;162;287;328;139;2;3;323;326
8;Barcelona;21;Maresme;08163;Pineda de Mar;1;11;B;;596;205;352;423;173;6;2;415;417
8;Barcelona;21;Maresme;08163;Pineda de Mar;1;12;A;;481;132;241;304;177;4;8;292;300
8;Barcelona;21;Maresme;08163;Pineda de Mar;1;12;B;;545;174;291;352;193;3;6;343;349
8;Barcelona;21;Maresme;08163;Pineda de Mar;1;13;A;;572;203;323;390;182;5;6;379;385
8;Barcelona;21;Maresme;08163;Pineda de Mar;1;13;B;;759;238;439;516;243;3;8;505;513
8;Barcelona;21;Maresme;08163;Pineda de Mar;1;14;A;;578;182;282;347;231;6;5;336;341
8;Barcelona;21;Maresme;08163;Pineda de Mar;1;14;B;;737;249;392;462;275;5;5;452;457
8;Barcelona;21;Maresme;08163;Pineda de Mar;1;2;A;;716;255;417;496;220;2;3;491;494
8;Barcelona;21;Maresme;08163;Pineda de Mar;1;2;B;;738;255;424;508;230;1;3;504;507
8;Barcelona;21;Maresme;08163;Pineda de Mar;1;3;A;;559;203;344;396;163;1;7;388;395
8;Barcelona;21;Maresme;08163;Pineda de Mar;1;3;B;;672;206;389;473;199;2;12;459;471
8;Barcelona;21;Maresme;08163;Pineda de Mar;1;4;A;;631;192;322;399;232;2;4;393;397
8;Barcelona;21;Maresme;08163;Pineda de Mar;1;4;B;;733;214;364;441;292;4;3;434;437
8;Barcelona;21;Maresme;08163;Pineda de Mar;1;4;C;;675;205;334;422;253;3;2;417;419
8;Barcelona;21;Maresme;08163;Pineda de Mar;1;5;A;;498;151;267;324;174;1;4;319;323
8;Barcelona;21;Maresme;08163;Pineda de Mar;1;5;B;;604;167;309;378;226;1;3;374;377
8;Barcelona;21;Maresme;08163;Pineda de Mar;1;6;A;;487;203;287;326;161;6;1;319;320
8;Barcelona;21;Maresme;08163;Pineda de Mar;1;6;B;;565;196;326;381;184;1;10;370;380
8;Barcelona;21;Maresme;08163;Pineda de Mar;1;7;A;;700;232;418;484;216;3;3;478;481
8;Barcelona;21;Maresme;08163;Pineda de Mar;1;7;B;;850;264;493;597;253;10;5;582;587
8;Barcelona;21;Maresme;08163;Pineda de Mar;1;8;A;;412;133;236;274;138;0;3;271;274
8;Barcelona;21;Maresme;08163;Pineda de Mar;1;8;B;;507;188;290;342;165;4;8;330;338
8;Barcelona;21;Maresme;08163;Pineda de Mar;1;9;A;;707;242;403;468;239;0;7;461;468
8;Barcelona;21;Maresme;08163;Pineda de Mar;1;9;B;;695;220;381;463;232;2;5;456;461
43;Tarragona;37;Terra Alta;43106;Pinell de Brai, el;1;1;U;;861;213;469;628;233;13;17;598;615
25;Lleida;35;Solsonès;25166;Pinell de Solsonès;1;1;U;;179;48;93;131;48;1;1;129;130
25;Lleida;35;Solsonès;25167;Pinós;1;1;U;;244;100;149;194;50;3;2;189;191
43;Tarragona;16;Conca de Barberà;43107;Pira;1;1;U;;375;99;226;281;94;4;7;270;277
8;Barcelona;3;Alt Penedès;08164;Pla del Penedès, el;1;1;U;;900;265;565;696;204;13;5;678;683
43;Tarragona;1;Alt Camp;43108;Pla de Santa Maria, el;1;1;A;;649;166;381;480;169;4;1;475;476
43;Tarragona;1;Alt Camp;43108;Pla de Santa Maria, el;1;1;B;;520;125;288;361;159;4;7;350;357
43;Tarragona;1;Alt Camp;43108;Pla de Santa Maria, el;1;1;C;;620;145;328;440;180;4;10;426;436
17;Girona;19;Garrotxa;17133;Planes d'Hostoles, les;1;1;A;;664;262;461;531;133;7;7;517;524
17;Girona;19;Garrotxa;17133;Planes d'Hostoles, les;1;1;B;;660;225;404;503;157;3;7;493;500
17;Girona;31;Ripollès;17134;Planoles;1;1;U;;233;95;151;196;37;1;0;195;195
25;Lleida;32;Segarra;25911;Plans de Sió, els;1;1;U;;465;104;270;344;121;2;17;325;342
25;Lleida;27;Pla d'Urgell;25168;Poal, el;1;1;U;;505;183;337;402;103;4;44;354;398
25;Lleida;18;Garrigues;25169;Pobla de Cérvoles, la;1;1;U;;195;58;116;146;49;0;0;146;146
8;Barcelona;6;Anoia;08165;Pobla de Claramunt, la;1;1;A;;772;211;462;554;218;6;4;544;548
8;Barcelona;6;Anoia;08165;Pobla de Claramunt, la;1;1;B;;915;272;520;634;281;7;14;613;627
8;Barcelona;14;Berguedà;08166;Pobla de Lillet, la;1;1;U;;335;113;210;257;78;3;5;249;254
8;Barcelona;14;Berguedà;08166;Pobla de Lillet, la;1;2;U;;756;239;447;536;220;4;10;522;532
43;Tarragona;36;Tarragonès;43109;Pobla de Mafumet, la;1;1;A;;543;153;286;362;181;4;7;351;358
43;Tarragona;36;Tarragonès;43109;Pobla de Mafumet, la;1;1;B;;499;144;261;319;180;5;8;306;314
43;Tarragona;36;Tarragonès;43109;Pobla de Mafumet, la;1;1;C;;609;177;292;365;244;4;7;354;361
43;Tarragona;36;Tarragonès;43109;Pobla de Mafumet, la;1;1;D;;542;155;275;350;192;3;10;337;347
43;Tarragona;37;Terra Alta;43110;Pobla de Massaluca, la;1;1;U;;310;61;179;218;92;1;6;211;217
43;Tarragona;36;Tarragonès;43111;Pobla de Montornès, la;1;1;U;;837;241;471;567;270;9;6;552;558
43;Tarragona;36;Tarragonès;43111;Pobla de Montornès, la;1;2;A;;588;169;310;354;234;3;6;345;351
43;Tarragona;36;Tarragonès;43111;Pobla de Montornès, la;1;2;B;;691;217;362;418;273;9;6;403;409
25;Lleida;25;Pallars Jussà;25171;Pobla de Segur, la;1;1;A;;494;136;274;408;86;2;8;398;406
25;Lleida;25;Pallars Jussà;25171;Pobla de Segur, la;1;1;B;;556;165;310;348;208;2;1;345;346
25;Lleida;25;Pallars Jussà;25171;Pobla de Segur, la;1;2;A;;593;186;354;444;149;4;0;440;440
25;Lleida;25;Pallars Jussà;25171;Pobla de Segur, la;1;2;B;;610;186;347;461;149;8;5;448;453
43;Tarragona;29;Priorat;43112;Poboleda;1;1;U;;279;77;163;221;58;1;2;218;220
8;Barcelona;40;Vallès Occidental;08167;Polinyà;1;1;A;;420;119;244;295;125;1;6;288;294
8;Barcelona;40;Vallès Occidental;08167;Polinyà;1;1;B;;468;122;262;316;152;9;4;303;307
8;Barcelona;40;Vallès Occidental;08167;Polinyà;1;1;C;;615;143;341;414;201;7;13;394;407
8;Barcelona;40;Vallès Occidental;08167;Polinyà;1;1;D;;525;155;317;372;153;2;8;362;370
8;Barcelona;40;Vallès Occidental;08167;Polinyà;1;2;A;;491;149;256;300;191;8;1;291;292
8;Barcelona;40;Vallès Occidental;08167;Polinyà;1;2;B;;662;158;304;388;274;2;5;381;386
8;Barcelona;40;Vallès Occidental;08167;Polinyà;1;3;A;;593;153;309;395;198;3;8;384;392
8;Barcelona;40;Vallès Occidental;08167;Polinyà;1;3;B;;697;184;358;444;253;3;14;427;441
8;Barcelona;40;Vallès Occidental;08167;Polinyà;1;4;A;;579;158;343;413;166;7;7;399;406
8;Barcelona;40;Vallès Occidental;08167;Polinyà;1;4;B;;723;213;441;520;203;4;5;511;516
43;Tarragona;1;Alt Camp;43113;Pont d'Armentera, el;1;1;U;;442;142;272;328;114;6;4;318;322
25;Lleida;4;Alt Urgell;25030;Pont de Bar, el;1;1;U;;147;42;78;103;44;0;2;101;103
17;Girona;2;Alt Empordà;17135;Pont de Molins;1;1;U;;381;105;243;281;100;2;4;275;279
25;Lleida;5;Alta Ribagorça;25173;Pont de Suert, el;1;1;A;;571;147;269;366;205;7;11;348;359
25;Lleida;5;Alta Ribagorça;25173;Pont de Suert, el;1;1;B;;601;171;322;415;186;16;9;390;399
25;Lleida;5;Alta Ribagorça;25173;Pont de Suert, el;1;2;U;;576;154;289;358;218;3;7;348;355
8;Barcelona;7;Bages;08182;Pont de Vilomara i Rocafort, el;1;1;A;;759;183;397;490;269;4;10;476;486
8;Barcelona;7;Bages;08182;Pont de Vilomara i Rocafort, el;1;1;B;;1054;230;536;674;380;3;14;657;671
8;Barcelona;7;Bages;08182;Pont de Vilomara i Rocafort, el;1;1;C;;1008;252;539;643;365;6;15;622;637
43;Tarragona;16;Conca de Barberà;43141;Pontils;1;1;U;;117;35;57;79;38;1;2;76;78
8;Barcelona;3;Alt Penedès;08168;Pontons;1;1;U;;380;105;196;262;118;3;3;256;259
17;Girona;2;Alt Empordà;17136;Pontós;1;1;U;;168;78;113;132;36;2;3;127;130
25;Lleida;23;Noguera;25172;Ponts;1;1;U;;738;289;476;567;171;2;3;562;565
25;Lleida;23;Noguera;25172;Ponts;1;2;A;;547;164;344;426;121;7;4;415;419
25;Lleida;23;Noguera;25172;Ponts;1;2;B;;551;163;348;436;115;5;8;423;431
17;Girona;28;Pla de l'Estany;17137;Porqueres;1;1;U;;583;180;369;450;133;2;2;446;448
17;Girona;28;Pla de l'Estany;17137;Porqueres;1;2;A;;772;262;521;614;158;4;6;604;610
17;Girona;28;Pla de l'Estany;17137;Porqueres;1;2;B;;859;288;599;684;175;2;10;672;682
17;Girona;28;Pla de l'Estany;17137;Porqueres;1;3;A;;588;170;409;483;105;2;3;478;481
17;Girona;28;Pla de l'Estany;17137;Porqueres;1;3;B;;578;168;391;472;106;3;0;469;469
43;Tarragona;29;Priorat;43114;Porrera;1;1;U;;386;132;234;288;98;2;1;285;286
17;Girona;2;Alt Empordà;17138;Portbou;1;1;A;;492;212;309;354;138;4;5;345;350
17;Girona;2;Alt Empordà;17138;Portbou;1;1;B;;494;195;306;342;152;4;3;335;338
17;Girona;2;Alt Empordà;17140;Port de la Selva, el;1;1;U;;667;277;439;546;121;8;2;536;538
25;Lleida;33;Segrià;25174;Portella, la;1;1;U;;421;119;269;322;99;4;2;316;318
43;Tarragona;29;Priorat;43115;Pradell de la Teixeta;1;1;U;;169;36;96;131;38;1;1;129;130
43;Tarragona;8;Baix Camp;43116;Prades;1;1;U;;485;168;319;378;107;2;1;375;376
43;Tarragona;37;Terra Alta;43117;Prat de Comte;1;1;U;;146;34;84;115;31;0;3;112;115
8;Barcelona;11;Baix Llobregat;08169;Prat de Llobregat, el;1;1;A;;593;163;326;417;176;1;5;411;416
8;Barcelona;11;Baix Llobregat;08169;Prat de Llobregat, el;1;1;B;;760;225;433;528;232;5;4;519;523
8;Barcelona;11;Baix Llobregat;08169;Prat de Llobregat, el;1;2;A;;645;187;379;470;175;2;6;462;468
8;Barcelona;11;Baix Llobregat;08169;Prat de Llobregat, el;1;2;B;;717;235;424;524;193;3;4;517;521
8;Barcelona;11;Baix Llobregat;08169;Prat de Llobregat, el;1;3;A;;416;132;253;297;119;1;1;295;296
8;Barcelona;11;Baix Llobregat;08169;Prat de Llobregat, el;1;3;B;;541;175;309;390;151;1;6;383;389
8;Barcelona;11;Baix Llobregat;08169;Prat de Llobregat, el;1;4;A;;635;205;361;445;190;6;7;432;439
8;Barcelona;11;Baix Llobregat;08169;Prat de Llobregat, el;1;4;B;;699;215;400;489;210;5;10;474;484
8;Barcelona;11;Baix Llobregat;08169;Prat de Llobregat, el;1;5;A;;530;165;295;356;174;4;6;346;352
8;Barcelona;11;Baix Llobregat;08169;Prat de Llobregat, el;1;5;B;;598;206;340;384;214;1;6;377;383
8;Barcelona;11;Baix Llobregat;08169;Prat de Llobregat, el;2;1;A;;574;211;356;427;147;2;5;420;425
8;Barcelona;11;Baix Llobregat;08169;Prat de Llobregat, el;2;1;B;;700;283;441;515;185;4;7;504;511
8;Barcelona;11;Baix Llobregat;08169;Prat de Llobregat, el;2;2;A;;683;216;405;501;182;5;9;487;496
8;Barcelona;11;Baix Llobregat;08169;Prat de Llobregat, el;2;2;B;;833;252;497;611;222;6;12;593;605
8;Barcelona;11;Baix Llobregat;08169;Prat de Llobregat, el;2;3;A;;418;129;204;255;163;0;2;253;255
8;Barcelona;11;Baix Llobregat;08169;Prat de Llobregat, el;2;3;B;;456;140;225;277;179;2;5;270;275
8;Barcelona;11;Baix Llobregat;08169;Prat de Llobregat, el;2;4;A;;624;198;336;435;189;6;7;422;429
8;Barcelona;11;Baix Llobregat;08169;Prat de Llobregat, el;2;4;B;;748;223;369;491;257;0;0;491;491
8;Barcelona;11;Baix Llobregat;08169;Prat de Llobregat, el;2;5;A;;658;182;344;409;249;6;6;397;403
8;Barcelona;11;Baix Llobregat;08169;Prat de Llobregat, el;2;5;B;;687;173;357;448;239;3;6;439;445
8;Barcelona;11;Baix Llobregat;08169;Prat de Llobregat, el;2;6;A;;833;232;496;629;204;10;4;615;619
8;Barcelona;11;Baix Llobregat;08169;Prat de Llobregat, el;2;6;B;;863;262;510;652;211;6;10;636;646
8;Barcelona;11;Baix Llobregat;08169;Prat de Llobregat, el;2;7;A;;695;197;416;523;172;3;8;512;520
8;Barcelona;11;Baix Llobregat;08169;Prat de Llobregat, el;2;7;B;;741;231;412;543;198;3;11;529;540
8;Barcelona;11;Baix Llobregat;08169;Prat de Llobregat, el;3;1;A;;529;172;310;381;148;9;3;369;372
8;Barcelona;11;Baix Llobregat;08169;Prat de Llobregat, el;3;1;B;;585;196;330;418;167;5;6;407;413
8;Barcelona;11;Baix Llobregat;08169;Prat de Llobregat, el;3;10;A;;692;187;343;465;227;4;5;456;461
8;Barcelona;11;Baix Llobregat;08169;Prat de Llobregat, el;3;10;B;;655;168;334;437;218;3;11;423;434
8;Barcelona;11;Baix Llobregat;08169;Prat de Llobregat, el;3;11;U;;928;232;503;670;258;5;14;651;665
8;Barcelona;11;Baix Llobregat;08169;Prat de Llobregat, el;3;12;U;;508;119;259;351;157;5;5;341;346
8;Barcelona;11;Baix Llobregat;08169;Prat de Llobregat, el;3;13;U;;568;135;283;410;158;2;7;401;408
8;Barcelona;11;Baix Llobregat;08169;Prat de Llobregat, el;3;2;U;;778;208;413;542;236;2;7;533;540
8;Barcelona;11;Baix Llobregat;08169;Prat de Llobregat, el;3;3;A;;601;164;320;385;216;6;2;377;379
8;Barcelona;11;Baix Llobregat;08169;Prat de Llobregat, el;3;3;B;;622;196;352;422;200;10;1;411;412
8;Barcelona;11;Baix Llobregat;08169;Prat de Llobregat, el;3;4;A;;488;156;255;314;174;8;1;305;306
8;Barcelona;11;Baix Llobregat;08169;Prat de Llobregat, el;3;4;B;;599;167;317;397;202;7;9;381;390
8;Barcelona;11;Baix Llobregat;08169;Prat de Llobregat, el;3;5;A;;791;232;424;568;223;9;4;555;559
8;Barcelona;11;Baix Llobregat;08169;Prat de Llobregat, el;3;5;B;;813;246;453;556;257;10;5;541;546
8;Barcelona;11;Baix Llobregat;08169;Prat de Llobregat, el;3;6;A;;490;137;261;347;143;4;3;340;343
8;Barcelona;11;Baix Llobregat;08169;Prat de Llobregat, el;3;6;B;;588;162;324;408;180;15;7;386;393
8;Barcelona;11;Baix Llobregat;08169;Prat de Llobregat, el;3;7;A;;694;252;404;515;179;4;9;502;511
8;Barcelona;11;Baix Llobregat;08169;Prat de Llobregat, el;3;7;B;;824;232;460;585;239;3;11;571;582
8;Barcelona;11;Baix Llobregat;08169;Prat de Llobregat, el;3;8;A;;753;201;369;463;290;5;3;455;458
8;Barcelona;11;Baix Llobregat;08169;Prat de Llobregat, el;3;8;B;;915;257;424;551;364;6;6;539;545
8;Barcelona;11;Baix Llobregat;08169;Prat de Llobregat, el;3;9;A;;829;222;432;548;281;4;4;540;544
8;Barcelona;11;Baix Llobregat;08169;Prat de Llobregat, el;3;9;B;;841;223;440;553;288;8;11;534;545
8;Barcelona;11;Baix Llobregat;08169;Prat de Llobregat, el;4;1;U;;769;235;389;470;299;5;11;454;465
8;Barcelona;11;Baix Llobregat;08169;Prat de Llobregat, el;4;2;A;;703;178;309;371;332;3;12;356;368
8;Barcelona;11;Baix Llobregat;08169;Prat de Llobregat, el;4;2;B;;838;191;369;448;390;3;11;434;445
8;Barcelona;11;Baix Llobregat;08169;Prat de Llobregat, el;4;3;A;;465;130;190;250;215;1;4;245;249
8;Barcelona;11;Baix Llobregat;08169;Prat de Llobregat, el;4;3;B;;571;162;279;341;230;2;11;328;339
8;Barcelona;11;Baix Llobregat;08169;Prat de Llobregat, el;4;4;U;;946;179;357;425;521;10;5;410;415
8;Barcelona;11;Baix Llobregat;08169;Prat de Llobregat, el;4;5;A;;471;103;183;225;246;1;3;221;224
8;Barcelona;11;Baix Llobregat;08169;Prat de Llobregat, el;4;5;B;;494;119;212;258;236;7;3;248;251
8;Barcelona;11;Baix Llobregat;08169;Prat de Llobregat, el;4;6;U;;834;54;105;144;690;0;4;140;144
8;Barcelona;11;Baix Llobregat;08169;Prat de Llobregat, el;5;1;A;;450;160;272;327;123;4;7;316;323
8;Barcelona;11;Baix Llobregat;08169;Prat de Llobregat, el;5;1;B;;459;164;274;332;127;2;7;323;330
8;Barcelona;11;Baix Llobregat;08169;Prat de Llobregat, el;5;2;A;;463;142;261;321;142;8;6;307;313
8;Barcelona;11;Baix Llobregat;08169;Prat de Llobregat, el;5;2;B;;505;142;276;345;160;3;3;339;342
8;Barcelona;11;Baix Llobregat;08169;Prat de Llobregat, el;5;3;A;;435;123;225;275;160;1;6;268;274
8;Barcelona;11;Baix Llobregat;08169;Prat de Llobregat, el;5;3;B;;487;141;245;290;197;4;10;276;286
8;Barcelona;11;Baix Llobregat;08169;Prat de Llobregat, el;5;4;A;;637;194;376;485;152;5;4;476;480
8;Barcelona;11;Baix Llobregat;08169;Prat de Llobregat, el;5;4;B;;721;223;445;542;179;4;11;527;538
8;Barcelona;11;Baix Llobregat;08169;Prat de Llobregat, el;5;5;A;;633;194;338;429;204;3;7;419;426
8;Barcelona;11;Baix Llobregat;08169;Prat de Llobregat, el;5;5;B;;736;216;397;495;241;6;10;479;489
8;Barcelona;11;Baix Llobregat;08169;Prat de Llobregat, el;5;6;A;;696;203;400;474;222;6;7;461;468
8;Barcelona;11;Baix Llobregat;08169;Prat de Llobregat, el;5;6;B;;786;217;379;527;259;8;3;516;519
8;Barcelona;11;Baix Llobregat;08169;Prat de Llobregat, el;5;7;A;;730;205;378;476;254;2;3;471;474
8;Barcelona;11;Baix Llobregat;08169;Prat de Llobregat, el;5;7;B;;808;230;449;553;255;0;5;548;553
8;Barcelona;11;Baix Llobregat;08169;Prat de Llobregat, el;5;8;A;;606;167;312;418;188;1;3;414;417
8;Barcelona;11;Baix Llobregat;08169;Prat de Llobregat, el;5;8;B;;753;203;411;544;209;4;24;516;540
8;Barcelona;11;Baix Llobregat;08169;Prat de Llobregat, el;5;8;C;;709;206;384;507;202;1;11;495;506
43;Tarragona;8;Baix Camp;43118;Pratdip;1;1;U;;430;154;275;324;106;1;2;321;323
8;Barcelona;24;Osona;08171;Prats de Lluçanès;1;1;A;;510;201;342;413;97;1;6;406;412
8;Barcelona;24;Osona;08171;Prats de Lluçanès;1;1;B;;513;181;329;403;110;0;4;399;403
8;Barcelona;24;Osona;08171;Prats de Lluçanès;1;2;A;;516;175;329;390;126;2;6;382;388
8;Barcelona;24;Osona;08171;Prats de Lluçanès;1;2;B;;608;230;387;447;161;2;6;439;445
8;Barcelona;6;Anoia;08170;Prats de Rei, els;1;1;U;;458;134;278;343;115;1;9;333;342
25;Lleida;15;Cerdanya;25175;Prats i Sansor;1;1;U;;221;61;118;165;56;0;1;164;165
25;Lleida;38;Urgell;25176;Preixana;1;1;U;;333;110;201;259;74;2;8;249;257
25;Lleida;23;Noguera;25177;Preixens;1;1;U;;377;98;208;279;98;0;0;279;279
8;Barcelona;21;Maresme;08230;Premià de Dalt;1;1;A;;824;274;569;672;152;3;8;661;669
8;Barcelona;21;Maresme;08230;Premià de Dalt;1;1;B;;951;301;644;767;184;2;7;758;765
8;Barcelona;21;Maresme;08230;Premià de Dalt;1;2;A;;666;218;400;481;185;1;7;473;480
8;Barcelona;21;Maresme;08230;Premià de Dalt;1;2;B;;830;242;523;630;200;4;20;606;626
8;Barcelona;21;Maresme;08230;Premià de Dalt;1;3;A;;470;138;245;304;166;3;7;294;301
8;Barcelona;21;Maresme;08230;Premià de Dalt;1;3;B;;578;172;294;378;200;4;6;368;374
8;Barcelona;21;Maresme;08230;Premià de Dalt;1;4;A;;663;192;392;478;185;5;6;467;473
8;Barcelona;21;Maresme;08230;Premià de Dalt;1;4;B;;655;190;401;484;171;0;10;474;484
8;Barcelona;21;Maresme;08230;Premià de Dalt;1;5;U;;690;202;335;433;257;2;5;426;431
8;Barcelona;21;Maresme;08230;Premià de Dalt;1;6;A;;511;170;349;410;101;1;1;408;409
8;Barcelona;21;Maresme;08230;Premià de Dalt;1;6;B;;671;215;420;509;162;2;4;503;507
8;Barcelona;21;Maresme;08172;Premià de Mar;1;1;A;;903;282;560;674;229;3;9;662;671
8;Barcelona;21;Maresme;08172;Premià de Mar;1;1;B;;929;280;561;677;252;8;6;663;669
8;Barcelona;21;Maresme;08172;Premià de Mar;1;2;A;;763;287;503;596;167;1;14;581;595
8;Barcelona;21;Maresme;08172;Premià de Mar;1;2;B;;868;310;584;669;199;6;6;657;663
8;Barcelona;21;Maresme;08172;Premià de Mar;1;3;A;;899;255;520;650;249;0;7;643;650
8;Barcelona;21;Maresme;08172;Premià de Mar;1;3;B;;960;279;541;702;258;5;14;683;697
8;Barcelona;21;Maresme;08172;Premià de Mar;2;1;A;;656;210;406;480;176;1;6;473;479
8;Barcelona;21;Maresme;08172;Premià de Mar;2;1;B;;846;285;538;639;207;4;6;629;635
8;Barcelona;21;Maresme;08172;Premià de Mar;2;2;A;;442;146;227;297;145;4;2;291;293
8;Barcelona;21;Maresme;08172;Premià de Mar;2;2;B;;536;165;286;350;186;4;2;344;346
8;Barcelona;21;Maresme;08172;Premià de Mar;2;2;C;;535;189;303;363;172;2;4;357;361
8;Barcelona;21;Maresme;08172;Premià de Mar;2;3;A;;577;184;338;393;184;8;8;377;385
8;Barcelona;21;Maresme;08172;Premià de Mar;2;3;B;;689;228;392;466;223;4;5;457;462
8;Barcelona;21;Maresme;08172;Premià de Mar;2;4;A;;534;135;241;309;225;2;7;300;307
8;Barcelona;21;Maresme;08172;Premià de Mar;2;4;B;;605;185;311;371;234;3;8;360;368
8;Barcelona;21;Maresme;08172;Premià de Mar;3;1;A;;545;162;336;405;140;4;5;396;401
8;Barcelona;21;Maresme;08172;Premià de Mar;3;1;B;;637;181;365;442;195;3;2;437;439
8;Barcelona;21;Maresme;08172;Premià de Mar;3;2;A;;487;157;244;324;163;5;6;313;319
8;Barcelona;21;Maresme;08172;Premià de Mar;3;2;B;;544;183;306;370;174;6;2;362;364
8;Barcelona;21;Maresme;08172;Premià de Mar;3;3;A;;469;174;262;325;144;3;8;314;322
8;Barcelona;21;Maresme;08172;Premià de Mar;3;3;B;;458;147;260;315;143;0;4;311;315
8;Barcelona;21;Maresme;08172;Premià de Mar;3;4;A;;600;200;371;434;166;6;9;419;428
8;Barcelona;21;Maresme;08172;Premià de Mar;3;4;B;;670;230;416;499;171;4;15;480;495
8;Barcelona;21;Maresme;08172;Premià de Mar;3;5;A;;449;114;231;290;159;7;3;280;283
8;Barcelona;21;Maresme;08172;Premià de Mar;3;5;B;;503;144;273;326;177;1;6;319;325
8;Barcelona;21;Maresme;08172;Premià de Mar;3;6;A;;459;140;292;350;109;5;3;342;345
8;Barcelona;21;Maresme;08172;Premià de Mar;3;6;B;;615;179;369;468;147;7;7;454;461
8;Barcelona;21;Maresme;08172;Premià de Mar;3;7;A;;485;140;279;352;133;2;7;343;350
8;Barcelona;21;Maresme;08172;Premià de Mar;3;7;B;;540;154;314;389;151;2;4;383;387
8;Barcelona;21;Maresme;08172;Premià de Mar;3;8;U;;837;282;437;624;213;4;8;612;620
8;Barcelona;21;Maresme;08172;Premià de Mar;3;9;A;;476;166;284;349;127;3;2;344;346
8;Barcelona;21;Maresme;08172;Premià de Mar;3;9;B;;575;185;341;406;169;2;6;398;404
17;Girona;19;Garrotxa;17139;Preses, les;1;1;A;;930;357;645;764;166;8;8;748;756
17;Girona;19;Garrotxa;17139;Preses, les;1;1;B;;421;158;295;319;102;2;5;312;317
25;Lleida;15;Cerdanya;25179;Prullans;1;1;U;;183;67;117;154;29;0;1;153;154
17;Girona;15;Cerdanya;17141;Puigcerdà;1;1;U;;573;134;253;342;231;4;4;334;338
17;Girona;15;Cerdanya;17141;Puigcerdà;1;2;A;;680;199;364;449;231;4;2;443;445
17;Girona;15;Cerdanya;17141;Puigcerdà;1;2;B;;682;182;379;470;212;4;5;461;466
17;Girona;15;Cerdanya;17141;Puigcerdà;1;3;A;;621;199;343;433;188;4;7;422;429
17;Girona;15;Cerdanya;17141;Puigcerdà;1;3;B;;779;232;424;524;255;8;4;512;516
17;Girona;15;Cerdanya;17141;Puigcerdà;1;4;A;;798;204;411;500;298;2;11;487;498
17;Girona;15;Cerdanya;17141;Puigcerdà;1;4;B;;846;222;429;546;300;7;13;526;539
17;Girona;15;Cerdanya;17141;Puigcerdà;1;5;U;;786;215;424;524;262;7;9;508;517
8;Barcelona;3;Alt Penedès;08174;Puigdàlber;1;1;U;;414;150;275;345;69;4;7;334;341
25;Lleida;18;Garrigues;25180;Puiggròs;1;1;U;;243;62;128;167;76;0;3;164;167
43;Tarragona;1;Alt Camp;43119;Puigpelat;1;1;U;;766;213;424;522;244;0;4;518;522
8;Barcelona;14;Berguedà;08175;Puig-reig;1;1;A;;849;255;506;599;250;4;14;581;595
8;Barcelona;14;Berguedà;08175;Puig-reig;1;1;B;;928;247;542;652;276;6;14;632;646
8;Barcelona;14;Berguedà;08175;Puig-reig;1;2;A;;547;175;347;410;137;4;3;403;406
8;Barcelona;14;Berguedà;08175;Puig-reig;1;2;B;;680;207;452;518;162;4;7;507;514
8;Barcelona;14;Berguedà;08175;Puig-reig;2;1;A;;178;63;117;148;30;3;0;145;145
8;Barcelona;14;Berguedà;08175;Puig-reig;2;1;B;;117;30;57;67;50;2;1;64;65
8;Barcelona;14;Berguedà;08175;Puig-reig;2;1;C;;179;61;123;150;29;0;4;146;150
25;Lleida;38;Urgell;25181;Puigverd d'Agramunt;1;1;U;;193;64;112;147;46;4;2;141;143
25;Lleida;33;Segrià;25182;Puigverd de Lleida;1;1;A;;533;143;287;369;164;4;7;358;365
25;Lleida;33;Segrià;25182;Puigverd de Lleida;1;1;B;;549;153;340;414;135;5;6;403;409
8;Barcelona;6;Anoia;08176;Pujalt;1;1;U;;162;61;95;125;37;0;3;122;125
8;Barcelona;14;Berguedà;08177;Quar, la;1;1;U;;48;19;29;34;14;0;0;34;34
17;Girona;20;Gironès;17142;Quart;1;1;A;;597;193;409;481;116;5;4;472;476
17;Girona;20;Gironès;17142;Quart;1;1;B;;512;189;350;410;102;6;4;400;404
17;Girona;20;Gironès;17142;Quart;1;2;A;;778;264;511;637;141;5;5;627;632
17;Girona;20;Gironès;17142;Quart;1;2;B;;592;183;361;438;154;5;11;422;433
17;Girona;31;Ripollès;17043;Queralbs;1;1;U;;157;42;93;121;36;0;1;120;121
43;Tarragona;1;Alt Camp;43120;Querol;1;1;U;;442;120;203;263;179;6;1;256;257
17;Girona;2;Alt Empordà;17143;Rabós;1;1;U;;135;50;86;105;30;0;0;105;105
8;Barcelona;7;Bages;08178;Rajadell;1;1;U;;444;166;272;340;104;1;6;333;339
43;Tarragona;30;Ribera d'Ebre;43121;Rasquera;1;1;U;;623;138;279;397;226;5;10;382;392
17;Girona;10;Baix Empordà;17144;Regencós;1;1;U;;213;72;135;168;45;0;0;168;168
8;Barcelona;40;Vallès Occidental;08179;Rellinars;1;1;U;;570;203;364;420;150;6;10;404;414
43;Tarragona;36;Tarragonès;43122;Renau;1;1;U;;90;36;58;73;17;1;2;70;72
43;Tarragona;8;Baix Camp;43123;Reus;1;1;U;;754;222;374;470;284;4;2;464;466
43;Tarragona;8;Baix Camp;43123;Reus;1;2;A;;626;235;387;449;177;1;6;442;448
43;Tarragona;8;Baix Camp;43123;Reus;1;2;B;;683;228;414;500;183;2;8;490;498
43;Tarragona;8;Baix Camp;43123;Reus;1;3;A;;460;145;271;346;114;3;3;340;343
43;Tarragona;8;Baix Camp;43123;Reus;1;3;B;;548;138;304;374;174;3;5;366;371
43;Tarragona;8;Baix Camp;43123;Reus;10;1;A;;738;187;376;506;232;5;9;492;501
43;Tarragona;8;Baix Camp;43123;Reus;10;1;B;;901;209;444;613;288;9;10;594;604
43;Tarragona;8;Baix Camp;43123;Reus;2;1;U;;539;167;275;342;197;3;13;326;339
43;Tarragona;8;Baix Camp;43123;Reus;2;10;A;;513;125;284;364;149;4;3;357;360
43;Tarragona;8;Baix Camp;43123;Reus;2;10;B;;470;123;258;323;147;2;3;318;321
43;Tarragona;8;Baix Camp;43123;Reus;2;10;C;;544;159;297;388;156;2;4;382;386
43;Tarragona;8;Baix Camp;43123;Reus;2;11;A;;324;85;153;195;129;1;3;191;194
43;Tarragona;8;Baix Camp;43123;Reus;2;11;B;;377;95;169;213;164;0;2;211;213
43;Tarragona;8;Baix Camp;43123;Reus;2;12;A;;448;112;225;304;144;3;6;295;301
43;Tarragona;8;Baix Camp;43123;Reus;2;12;B;;523;156;281;360;163;6;6;348;354
43;Tarragona;8;Baix Camp;43123;Reus;2;13;A;;372;115;188;231;141;1;2;228;230
43;Tarragona;8;Baix Camp;43123;Reus;2;13;B;;459;151;240;301;158;5;1;295;296
43;Tarragona;8;Baix Camp;43123;Reus;2;14;U;;574;206;364;439;135;4;6;429;435
43;Tarragona;8;Baix Camp;43123;Reus;2;15;A;;352;105;208;278;74;1;9;268;277
43;Tarragona;8;Baix Camp;43123;Reus;2;15;B;;368;140;242;294;74;4;5;285;290
43;Tarragona;8;Baix Camp;43123;Reus;2;2;A;;477;147;259;348;129;1;8;339;347
43;Tarragona;8;Baix Camp;43123;Reus;2;2;B;;420;131;212;278;142;0;2;276;278
43;Tarragona;8;Baix Camp;43123;Reus;2;2;C;;493;155;270;329;164;1;3;325;328
43;Tarragona;8;Baix Camp;43123;Reus;2;3;A;;360;122;208;258;102;0;4;254;258
43;Tarragona;8;Baix Camp;43123;Reus;2;3;B;;423;130;240;305;118;2;6;297;303
43;Tarragona;8;Baix Camp;43123;Reus;2;4;A;;520;155;249;311;209;3;8;300;308
43;Tarragona;8;Baix Camp;43123;Reus;2;4;B;;612;179;290;359;253;0;1;358;359
43;Tarragona;8;Baix Camp;43123;Reus;2;6;A;;501;129;270;343;158;2;5;336;341
43;Tarragona;8;Baix Camp;43123;Reus;2;6;B;;532;130;270;345;187;3;7;335;342
43;Tarragona;8;Baix Camp;43123;Reus;2;6;C;;553;144;281;374;179;9;8;357;365
43;Tarragona;8;Baix Camp;43123;Reus;2;7;A;;517;150;282;354;163;2;3;349;352
43;Tarragona;8;Baix Camp;43123;Reus;2;7;B;;592;190;359;422;170;5;2;415;417
43;Tarragona;8;Baix Camp;43123;Reus;2;8;U;;738;205;375;483;255;2;5;476;481
43;Tarragona;8;Baix Camp;43123;Reus;2;9;A;;362;145;244;284;78;0;3;281;284
43;Tarragona;8;Baix Camp;43123;Reus;2;9;B;;384;158;240;296;88;0;2;294;296
43;Tarragona;8;Baix Camp;43123;Reus;3;1;U;;795;232;407;502;293;4;3;495;498
43;Tarragona;8;Baix Camp;43123;Reus;3;10;A;;335;100;153;185;150;1;3;181;184
43;Tarragona;8;Baix Camp;43123;Reus;3;10;B;;418;105;182;219;199;2;5;212;217
43;Tarragona;8;Baix Camp;43123;Reus;3;10;C;;393;116;191;243;150;5;6;232;238
43;Tarragona;8;Baix Camp;43123;Reus;3;11;A;;480;123;220;283;197;2;7;274;281
43;Tarragona;8;Baix Camp;43123;Reus;3;11;B;;548;125;254;313;235;6;5;302;307
43;Tarragona;8;Baix Camp;43123;Reus;3;11;C;;549;140;277;351;198;3;7;341;348
43;Tarragona;8;Baix Camp;43123;Reus;3;12;A;;249;102;135;154;95;1;0;153;153
43;Tarragona;8;Baix Camp;43123;Reus;3;12;B;;331;74;184;231;100;6;4;221;225
43;Tarragona;8;Baix Camp;43123;Reus;3;12;C;;326;95;153;206;120;5;4;197;201
43;Tarragona;8;Baix Camp;43123;Reus;3;13;A;;444;130;229;295;149;4;6;285;291
43;Tarragona;8;Baix Camp;43123;Reus;3;13;B;;488;111;235;320;168;3;5;312;317
43;Tarragona;8;Baix Camp;43123;Reus;3;3;A;;384;125;192;241;143;3;1;237;238
43;Tarragona;8;Baix Camp;43123;Reus;3;3;B;;407;114;207;265;142;7;4;254;258
43;Tarragona;8;Baix Camp;43123;Reus;3;4;A;;485;156;248;324;161;1;8;315;323
43;Tarragona;8;Baix Camp;43123;Reus;3;4;B;;518;162;278;348;170;2;4;342;346
43;Tarragona;8;Baix Camp;43123;Reus;3;5;A;;444;140;230;270;174;2;6;262;268
43;Tarragona;8;Baix Camp;43123;Reus;3;5;B;;527;150;257;318;209;7;9;302;311
43;Tarragona;8;Baix Camp;43123;Reus;3;7;A;;568;115;261;349;219;5;13;331;344
43;Tarragona;8;Baix Camp;43123;Reus;3;7;B;;585;155;301;382;203;1;5;376;381
43;Tarragona;8;Baix Camp;43123;Reus;3;8;A;;393;124;208;258;135;4;8;246;254
43;Tarragona;8;Baix Camp;43123;Reus;3;8;B;;406;136;228;273;133;1;6;266;272
43;Tarragona;8;Baix Camp;43123;Reus;3;8;C;;436;137;270;299;137;3;9;287;296
43;Tarragona;8;Baix Camp;43123;Reus;3;9;A;;356;112;173;216;140;1;8;207;215
43;Tarragona;8;Baix Camp;43123;Reus;3;9;B;;418;138;213;250;168;1;11;238;249
43;Tarragona;8;Baix Camp;43123;Reus;4;2;A;;347;117;183;228;119;2;2;224;226
43;Tarragona;8;Baix Camp;43123;Reus;4;2;B;;318;101;159;194;124;3;2;189;191
43;Tarragona;8;Baix Camp;43123;Reus;4;2;C;;365;123;192;238;127;5;1;232;233
43;Tarragona;8;Baix Camp;43123;Reus;4;3;A;;647;172;298;370;277;3;8;359;367
43;Tarragona;8;Baix Camp;43123;Reus;4;3;B;;656;171;320;401;255;4;8;389;397
43;Tarragona;8;Baix Camp;43123;Reus;4;4;A;;473;140;230;283;190;3;1;279;280
43;Tarragona;8;Baix Camp;43123;Reus;4;4;B;;541;142;260;337;204;2;7;328;335
43;Tarragona;8;Baix Camp;43123;Reus;4;5;A;;328;88;177;226;102;1;3;222;225
43;Tarragona;8;Baix Camp;43123;Reus;4;5;B;;309;90;167;219;90;1;7;211;218
43;Tarragona;8;Baix Camp;43123;Reus;4;7;A;;298;76;140;172;126;1;1;170;171
43;Tarragona;8;Baix Camp;43123;Reus;4;7;B;;343;100;162;198;145;4;4;190;194
43;Tarragona;8;Baix Camp;43123;Reus;4;7;C;;344;92;149;195;149;3;2;190;192
43;Tarragona;8;Baix Camp;43123;Reus;4;8;A;;394;107;195;235;159;5;4;226;230
43;Tarragona;8;Baix Camp;43123;Reus;4;8;B;;335;88;167;206;129;4;3;199;202
43;Tarragona;8;Baix Camp;43123;Reus;4;8;C;;359;96;177;224;135;2;5;217;222
43;Tarragona;8;Baix Camp;43123;Reus;5;1;A;;417;101;201;260;157;2;5;253;258
43;Tarragona;8;Baix Camp;43123;Reus;5;1;B;;403;97;190;253;150;2;6;245;251
43;Tarragona;8;Baix Camp;43123;Reus;5;1;C;;393;121;206;250;143;0;3;247;250
43;Tarragona;8;Baix Camp;43123;Reus;5;2;A;;460;144;254;323;137;3;5;315;320
43;Tarragona;8;Baix Camp;43123;Reus;5;2;B;;502;167;286;351;151;3;7;341;348
43;Tarragona;8;Baix Camp;43123;Reus;5;2;C;;536;148;274;362;174;3;8;351;359
43;Tarragona;8;Baix Camp;43123;Reus;5;3;A;;317;97;157;180;137;0;8;172;180
43;Tarragona;8;Baix Camp;43123;Reus;5;3;B;;325;116;160;191;134;2;5;184;189
43;Tarragona;8;Baix Camp;43123;Reus;5;4;A;;410;121;233;296;114;0;6;290;296
43;Tarragona;8;Baix Camp;43123;Reus;5;4;B;;430;115;209;274;156;2;8;264;272
43;Tarragona;8;Baix Camp;43123;Reus;5;4;C;;460;137;249;314;146;3;6;305;311
43;Tarragona;8;Baix Camp;43123;Reus;5;5;A;;329;79;136;178;151;1;3;174;177
43;Tarragona;8;Baix Camp;43123;Reus;5;5;B;;361;105;163;200;161;1;6;193;199
43;Tarragona;8;Baix Camp;43123;Reus;5;5;C;;426;125;205;253;173;2;5;246;251
43;Tarragona;8;Baix Camp;43123;Reus;5;7;A;;458;122;227;315;143;5;5;305;310
43;Tarragona;8;Baix Camp;43123;Reus;5;7;B;;547;137;272;365;182;5;6;354;360
43;Tarragona;8;Baix Camp;43123;Reus;6;1;A;;318;85;160;201;117;1;3;197;200
43;Tarragona;8;Baix Camp;43123;Reus;6;1;B;;375;138;207;254;121;3;4;247;251
43;Tarragona;8;Baix Camp;43123;Reus;6;11;A;;483;103;303;380;103;2;8;370;378
43;Tarragona;8;Baix Camp;43123;Reus;6;11;B;;386;121;208;287;99;3;4;280;284
43;Tarragona;8;Baix Camp;43123;Reus;6;11;C;;503;153;299;397;106;3;5;389;394
43;Tarragona;8;Baix Camp;43123;Reus;6;12;A;;392;119;214;283;109;4;4;275;279
43;Tarragona;8;Baix Camp;43123;Reus;6;12;B;;481;161;306;378;103;6;9;363;372
43;Tarragona;8;Baix Camp;43123;Reus;6;13;A;;322;105;187;225;97;0;5;220;225
43;Tarragona;8;Baix Camp;43123;Reus;6;13;B;;318;100;178;222;96;3;1;218;219
43;Tarragona;8;Baix Camp;43123;Reus;6;2;A;;351;110;240;289;62;0;3;286;289
43;Tarragona;8;Baix Camp;43123;Reus;6;2;B;;300;102;201;232;68;0;5;227;232
43;Tarragona;8;Baix Camp;43123;Reus;6;2;C;;397;116;256;324;73;2;3;319;322
43;Tarragona;8;Baix Camp;43123;Reus;6;3;A;;487;163;303;372;115;0;5;367;372
43;Tarragona;8;Baix Camp;43123;Reus;6;3;B;;450;117;259;320;130;3;5;312;317
43;Tarragona;8;Baix Camp;43123;Reus;6;3;C;;523;175;313;396;127;0;8;388;396
43;Tarragona;8;Baix Camp;43123;Reus;6;4;A;;438;160;286;365;73;2;4;359;363
43;Tarragona;8;Baix Camp;43123;Reus;6;4;B;;413;146;146;334;79;2;2;330;332
43;Tarragona;8;Baix Camp;43123;Reus;6;4;C;;463;178;330;404;59;1;7;396;403
43;Tarragona;8;Baix Camp;43123;Reus;6;5;A;;572;140;259;325;247;0;8;317;325
43;Tarragona;8;Baix Camp;43123;Reus;6;5;B;;681;197;352;428;253;5;6;417;423
43;Tarragona;8;Baix Camp;43123;Reus;6;6;A;;648;213;401;493;155;2;3;488;491
43;Tarragona;8;Baix Camp;43123;Reus;6;6;B;;536;180;327;403;133;3;8;392;400
43;Tarragona;8;Baix Camp;43123;Reus;6;6;C;;611;186;361;452;159;1;6;445;451
43;Tarragona;8;Baix Camp;43123;Reus;6;7;A;;464;153;261;331;133;1;7;323;330
43;Tarragona;8;Baix Camp;43123;Reus;6;7;B;;453;137;252;331;122;0;2;329;331
43;Tarragona;8;Baix Camp;43123;Reus;6;8;A;;424;117;235;294;130;4;2;288;290
43;Tarragona;8;Baix Camp;43123;Reus;6;8;B;;462;144;245;292;170;3;4;285;289
43;Tarragona;8;Baix Camp;43123;Reus;6;9;A;;533;147;251;310;223;1;5;304;309
43;Tarragona;8;Baix Camp;43123;Reus;6;9;B;;583;157;267;328;255;5;3;320;323
43;Tarragona;8;Baix Camp;43123;Reus;7;1;A;;375;66;130;167;208;2;3;162;165
43;Tarragona;8;Baix Camp;43123;Reus;7;1;B;;393;82;136;159;234;1;5;153;158
43;Tarragona;8;Baix Camp;43123;Reus;7;1;C;;376;79;132;160;216;1;2;157;159
43;Tarragona;8;Baix Camp;43123;Reus;7;2;A;;690;191;341;418;272;7;10;401;411
43;Tarragona;8;Baix Camp;43123;Reus;7;2;B;;832;200;388;494;338;4;8;482;490
43;Tarragona;8;Baix Camp;43123;Reus;7;2;C;;874;225;417;535;339;4;6;525;531
43;Tarragona;8;Baix Camp;43123;Reus;7;3;A;;520;139;248;300;220;2;8;290;298
43;Tarragona;8;Baix Camp;43123;Reus;7;3;B;;613;144;250;343;270;4;5;334;339
43;Tarragona;8;Baix Camp;43123;Reus;7;3;C;;534;139;250;312;222;4;7;301;308
43;Tarragona;8;Baix Camp;43123;Reus;8;1;A;;330;91;153;187;143;2;2;183;185
43;Tarragona;8;Baix Camp;43123;Reus;8;1;B;;402;102;180;210;192;3;2;205;207
43;Tarragona;8;Baix Camp;43123;Reus;8;2;A;;481;113;220;277;204;2;11;264;275
43;Tarragona;8;Baix Camp;43123;Reus;8;2;B;;489;116;229;293;196;6;4;283;287
43;Tarragona;8;Baix Camp;43123;Reus;8;3;A;;465;138;236;307;158;2;11;294;305
43;Tarragona;8;Baix Camp;43123;Reus;8;3;B;;598;184;315;405;193;1;4;400;404
43;Tarragona;8;Baix Camp;43123;Reus;8;4;A;;400;104;204;258;142;4;4;250;254
43;Tarragona;8;Baix Camp;43123;Reus;8;4;B;;442;133;232;303;139;8;6;289;295
43;Tarragona;8;Baix Camp;43123;Reus;8;5;U;;886;262;460;593;293;4;10;579;589
43;Tarragona;8;Baix Camp;43123;Reus;8;6;A;;660;198;358;452;208;6;3;443;446
43;Tarragona;8;Baix Camp;43123;Reus;8;6;B;;765;204;400;518;247;3;12;503;515
43;Tarragona;8;Baix Camp;43123;Reus;8;7;A;;609;147;313;431;178;4;17;410;427
43;Tarragona;8;Baix Camp;43123;Reus;8;7;B;;625;173;328;431;194;4;8;419;427
43;Tarragona;8;Baix Camp;43123;Reus;8;7;C;;626;142;314;450;176;3;9;438;447
43;Tarragona;8;Baix Camp;43123;Reus;9;1;A;;536;151;323;414;122;3;3;408;411
43;Tarragona;8;Baix Camp;43123;Reus;9;1;B;;635;171;373;471;164;1;5;465;470
43;Tarragona;8;Baix Camp;43123;Reus;9;2;A;;307;63;113;141;166;0;2;139;141
43;Tarragona;8;Baix Camp;43123;Reus;9;2;B;;300;58;113;152;148;0;5;147;152
25;Lleida;26;Pallars Sobirà;25183;Rialp;1;1;U;;495;150;280;388;107;8;7;373;380
43;Tarragona;1;Alt Camp;43124;Riba, la;1;1;U;;518;183;308;377;141;2;2;373;375
43;Tarragona;30;Ribera d'Ebre;43125;Riba-roja d'Ebre;1;1;A;;527;138;282;377;150;2;7;368;375
43;Tarragona;30;Ribera d'Ebre;43125;Riba-roja d'Ebre;1;1;B;;460;106;251;336;124;5;9;322;331
25;Lleida;32;Segarra;25905;Ribera d'Ondara;1;1;U;;366;95;245;280;86;6;7;267;274
25;Lleida;4;Alt Urgell;25185;Ribera d'Urgellet;1;1;U;;694;167;385;480;214;3;13;464;477
17;Girona;31;Ripollès;17145;Ribes de Freser;1;1;U;;725;251;470;560;165;0;10;550;560
17;Girona;31;Ripollès;17145;Ribes de Freser;1;2;U;;845;275;555;652;193;5;11;636;647
17;Girona;34;Selva;17146;Riells i Viabrea;1;1;A;;669;217;408;483;186;3;3;477;480
17;Girona;34;Selva;17146;Riells i Viabrea;1;1;B;;735;245;418;505;230;2;5;498;503
17;Girona;34;Selva;17146;Riells i Viabrea;1;2;A;;762;223;414;509;253;6;8;495;503
17;Girona;34;Selva;17146;Riells i Viabrea;1;2;B;;782;228;441;510;272;6;10;494;504
43;Tarragona;36;Tarragonès;43126;Riera de Gaià, la;1;1;U;;1166;321;760;920;246;6;10;904;914
25;Lleida;35;Solsonès;25186;Riner;1;1;U;;230;71;143;182;48;1;5;176;181
17;Girona;31;Ripollès;17147;Ripoll;1;1;A;;579;161;313;382;197;4;5;373;378
17;Girona;31;Ripollès;17147;Ripoll;1;1;B;;555;173;320;370;185;10;5;355;360
17;Girona;31;Ripollès;17147;Ripoll;2;1;U;;651;223;397;489;162;2;4;483;487
17;Girona;31;Ripollès;17147;Ripoll;2;2;U;;631;196;359;415;216;3;7;405;412
17;Girona;31;Ripollès;17147;Ripoll;3;1;A;;500;168;294;344;156;1;13;330;343
17;Girona;31;Ripollès;17147;Ripoll;3;1;B;;542;178;310;379;163;0;5;374;379
17;Girona;31;Ripollès;17147;Ripoll;3;2;U;;655;184;381;486;169;4;5;477;482
17;Girona;31;Ripollès;17147;Ripoll;3;3;A;;770;270;486;594;176;4;6;584;590
17;Girona;31;Ripollès;17147;Ripoll;3;3;B;;853;280;562;687;166;6;14;667;681
17;Girona;31;Ripollès;17147;Ripoll;3;4;A;;774;232;454;565;209;10;13;542;555
17;Girona;31;Ripollès;17147;Ripoll;3;4;B;;790;268;491;582;208;3;8;571;579
17;Girona;31;Ripollès;17147;Ripoll;4;1;U;;1019;316;624;767;252;1;20;746;766
8;Barcelona;40;Vallès Occidental;08180;Ripollet;1;1;A;;671;182;347;422;249;4;5;413;418
8;Barcelona;40;Vallès Occidental;08180;Ripollet;1;1;B;;770;249;436;512;258;5;9;498;507
8;Barcelona;40;Vallès Occidental;08180;Ripollet;1;10;A;;432;123;232;302;130;2;4;296;300
8;Barcelona;40;Vallès Occidental;08180;Ripollet;1;10;B;;504;125;261;333;171;2;6;325;331
8;Barcelona;40;Vallès Occidental;08180;Ripollet;1;11;A;;665;162;385;465;200;5;14;446;460
8;Barcelona;40;Vallès Occidental;08180;Ripollet;1;11;B;;836;210;458;577;259;7;11;559;570
8;Barcelona;40;Vallès Occidental;08180;Ripollet;1;12;A;;493;132;283;365;128;9;8;348;356
8;Barcelona;40;Vallès Occidental;08180;Ripollet;1;12;B;;602;150;323;412;190;9;11;392;403
8;Barcelona;40;Vallès Occidental;08180;Ripollet;1;13;A;;694;193;347;498;196;2;17;479;496
8;Barcelona;40;Vallès Occidental;08180;Ripollet;1;13;B;;816;209;419;566;250;2;10;554;564
8;Barcelona;40;Vallès Occidental;08180;Ripollet;1;2;A;;652;175;358;448;204;3;3;442;445
8;Barcelona;40;Vallès Occidental;08180;Ripollet;1;2;B;;776;205;438;552;224;3;12;537;549
8;Barcelona;40;Vallès Occidental;08180;Ripollet;1;3;A;;570;172;342;406;164;3;8;395;403
8;Barcelona;40;Vallès Occidental;08180;Ripollet;1;3;B;;728;230;396;485;243;11;6;468;474
8;Barcelona;40;Vallès Occidental;08180;Ripollet;1;4;A;;634;195;334;429;205;3;8;418;426
8;Barcelona;40;Vallès Occidental;08180;Ripollet;1;4;B;;773;236;394;514;259;11;14;489;503
8;Barcelona;40;Vallès Occidental;08180;Ripollet;1;5;A;;696;196;349;441;255;6;12;423;435
8;Barcelona;40;Vallès Occidental;08180;Ripollet;1;5;B;;868;220;437;557;311;2;6;549;555
8;Barcelona;40;Vallès Occidental;08180;Ripollet;1;6;A;;522;151;279;339;183;1;6;332;338
8;Barcelona;40;Vallès Occidental;08180;Ripollet;1;6;B;;647;201;372;437;210;5;8;424;432
8;Barcelona;40;Vallès Occidental;08180;Ripollet;1;7;A;;743;226;391;453;290;17;10;426;436
8;Barcelona;40;Vallès Occidental;08180;Ripollet;1;7;B;;847;228;426;539;308;9;7;523;530
8;Barcelona;40;Vallès Occidental;08180;Ripollet;1;8;A;;513;128;238;318;195;0;3;315;318
8;Barcelona;40;Vallès Occidental;08180;Ripollet;1;8;B;;670;188;361;440;230;4;7;429;436
8;Barcelona;40;Vallès Occidental;08180;Ripollet;1;8;C;;597;161;312;391;206;6;7;378;385
8;Barcelona;40;Vallès Occidental;08180;Ripollet;1;9;A;;548;147;308;402;146;3;4;395;399
8;Barcelona;40;Vallès Occidental;08180;Ripollet;1;9;B;;648;211;397;498;150;9;11;478;489
8;Barcelona;40;Vallès Occidental;08180;Ripollet;2;1;A;;544;160;276;354;190;2;4;348;352
8;Barcelona;40;Vallès Occidental;08180;Ripollet;2;1;B;;664;209;347;451;213;7;11;433;444
8;Barcelona;40;Vallès Occidental;08180;Ripollet;2;2;A;;646;192;342;434;212;10;12;412;424
8;Barcelona;40;Vallès Occidental;08180;Ripollet;2;2;B;;711;178;353;480;231;2;5;473;478
8;Barcelona;40;Vallès Occidental;08180;Ripollet;2;3;A;;580;151;279;347;233;4;11;332;343
8;Barcelona;40;Vallès Occidental;08180;Ripollet;2;3;B;;554;150;289;357;197;3;6;348;354
8;Barcelona;40;Vallès Occidental;08180;Ripollet;2;3;C;;432;111;206;273;159;4;7;262;269
8;Barcelona;40;Vallès Occidental;08180;Ripollet;2;4;A;;604;174;313;385;219;0;5;380;385
8;Barcelona;40;Vallès Occidental;08180;Ripollet;2;4;B;;689;186;352;436;253;6;3;427;430
8;Barcelona;40;Vallès Occidental;08180;Ripollet;2;5;A;;410;99;175;226;184;1;4;221;225
8;Barcelona;40;Vallès Occidental;08180;Ripollet;2;5;B;;455;114;191;252;203;7;4;241;245
8;Barcelona;40;Vallès Occidental;08180;Ripollet;2;6;A;;510;146;285;345;165;4;8;333;341
8;Barcelona;40;Vallès Occidental;08180;Ripollet;2;6;B;;657;206;343;408;249;5;5;398;403
8;Barcelona;40;Vallès Occidental;08180;Ripollet;2;7;A;;372;105;176;223;149;1;3;219;222
8;Barcelona;40;Vallès Occidental;08180;Ripollet;2;7;B;;498;117;239;286;212;4;6;276;282
17;Girona;34;Selva;17148;Riudarenes;1;1;A;;568;226;378;448;120;5;5;438;443
17;Girona;34;Selva;17148;Riudarenes;1;1;B;;545;205;368;437;108;1;10;426;436
17;Girona;34;Selva;17148;Riudarenes;1;1;C;;426;107;174;214;212;2;9;203;212
17;Girona;19;Garrotxa;17149;Riudaura;1;1;U;;362;163;262;310;52;1;3;306;309
43;Tarragona;8;Baix Camp;43127;Riudecanyes;1;1;U;;767;259;453;562;205;8;4;550;554
25;Lleida;15;Cerdanya;25913;Riu de Cerdanya;1;1;U;;101;38;70;89;12;0;0;89;89
43;Tarragona;8;Baix Camp;43128;Riudecols;1;1;U;;950;278;582;712;238;8;8;696;704
17;Girona;34;Selva;17150;Riudellots de la Selva;1;1;A;;727;265;505;590;137;11;7;572;579
17;Girona;34;Selva;17150;Riudellots de la Selva;1;1;B;;715;213;478;577;138;8;11;558;569
43;Tarragona;8;Baix Camp;43129;Riudoms;1;1;A;;485;135;252;340;145;11;3;326;329
43;Tarragona;8;Baix Camp;43129;Riudoms;1;1;B;;456;116;230;310;146;4;4;302;306
43;Tarragona;8;Baix Camp;43129;Riudoms;2;1;A;;291;96;187;219;72;3;5;211;216
43;Tarragona;8;Baix Camp;43129;Riudoms;2;1;B;;309;93;175;223;86;4;3;216;219
43;Tarragona;8;Baix Camp;43129;Riudoms;2;2;A;;409;110;213;307;102;3;4;300;304
43;Tarragona;8;Baix Camp;43129;Riudoms;2;2;B;;433;128;237;325;108;3;5;317;322
43;Tarragona;8;Baix Camp;43129;Riudoms;2;2;C;;418;102;211;295;123;1;10;284;294
43;Tarragona;8;Baix Camp;43129;Riudoms;2;2;D;;499;150;296;359;140;5;8;346;354
43;Tarragona;8;Baix Camp;43129;Riudoms;2;3;A;;403;122;220;305;98;1;4;300;304
43;Tarragona;8;Baix Camp;43129;Riudoms;2;3;B;;415;129;212;293;122;2;3;288;291
43;Tarragona;8;Baix Camp;43129;Riudoms;2;3;C;;429;130;231;312;117;1;7;304;311
17;Girona;2;Alt Empordà;17151;Riumors;1;1;U;;165;17;118;138;27;2;2;134;136
8;Barcelona;41;Vallès Oriental;08181;Roca del Vallès, la;1;1;U;;1019;346;667;792;227;2;10;780;790
8;Barcelona;41;Vallès Oriental;08181;Roca del Vallès, la;1;2;U;;784;249;446;549;235;5;7;537;544
8;Barcelona;41;Vallès Oriental;08181;Roca del Vallès, la;1;3;A;;613;154;327;422;191;4;4;414;418
8;Barcelona;41;Vallès Oriental;08181;Roca del Vallès, la;1;3;B;;782;188;417;538;244;8;8;522;530
8;Barcelona;41;Vallès Oriental;08181;Roca del Vallès, la;1;3;C;;660;170;349;468;192;4;9;455;464
8;Barcelona;41;Vallès Oriental;08181;Roca del Vallès, la;1;4;A;;768;225;427;539;229;5;4;530;534
8;Barcelona;41;Vallès Oriental;08181;Roca del Vallès, la;1;4;B;;803;227;440;514;289;0;0;514;514
8;Barcelona;41;Vallès Oriental;08181;Roca del Vallès, la;1;5;A;;783;247;463;574;209;6;7;561;568
8;Barcelona;41;Vallès Oriental;08181;Roca del Vallès, la;1;5;B;;790;230;438;553;237;7;11;535;546
8;Barcelona;41;Vallès Oriental;08181;Roca del Vallès, la;1;5;C;;740;236;441;558;182;4;8;546;554
43;Tarragona;16;Conca de Barberà;43130;Rocafort de Queralt;1;1;U;;199;62;136;156;43;0;1;155;156
43;Tarragona;36;Tarragonès;43131;Roda de Berà;1;1;A;;547;196;317;372;175;1;10;361;371
43;Tarragona;36;Tarragonès;43131;Roda de Berà;1;1;B;;733;222;403;480;253;4;14;462;476
43;Tarragona;36;Tarragonès;43131;Roda de Berà;1;1;C;;605;194;335;486;119;6;6;474;480
43;Tarragona;36;Tarragonès;43131;Roda de Berà;1;2;A;;594;182;288;346;248;3;7;336;343
43;Tarragona;36;Tarragonès;43131;Roda de Berà;1;2;B;;701;199;319;376;325;7;10;359;369
43;Tarragona;36;Tarragonès;43131;Roda de Berà;1;3;A;;613;164;346;415;198;4;8;403;411
43;Tarragona;36;Tarragonès;43131;Roda de Berà;1;3;B;;748;205;388;490;258;10;10;470;480
8;Barcelona;24;Osona;08183;Roda de Ter;1;1;A;;645;238;410;480;165;1;6;473;479
8;Barcelona;24;Osona;08183;Roda de Ter;1;1;B;;751;255;455;560;191;5;3;552;555
8;Barcelona;24;Osona;08183;Roda de Ter;1;2;A;;559;175;358;444;115;2;3;439;442
8;Barcelona;24;Osona;08183;Roda de Ter;1;2;B;;651;180;415;509;142;2;6;501;507
8;Barcelona;24;Osona;08183;Roda de Ter;1;3;A;;504;162;312;372;132;0;3;369;372
8;Barcelona;24;Osona;08183;Roda de Ter;1;3;B;;539;182;360;399;140;1;2;396;398
8;Barcelona;24;Osona;08183;Roda de Ter;2;1;U;;842;235;548;634;208;0;11;623;634
43;Tarragona;1;Alt Camp;43132;Rodonyà;1;1;U;;354;97;214;267;87;5;12;250;262
43;Tarragona;9;Baix Ebre;43133;Roquetes;1;1;A;;549;153;266;346;203;7;7;332;339
43;Tarragona;9;Baix Ebre;43133;Roquetes;1;1;B;;457;108;203;255;202;7;8;240;248
43;Tarragona;9;Baix Ebre;43133;Roquetes;1;2;A;;674;168;315;423;251;11;15;397;412
43;Tarragona;9;Baix Ebre;43133;Roquetes;1;2;B;;563;148;254;363;200;10;8;345;353
43;Tarragona;9;Baix Ebre;43133;Roquetes;2;1;A;;590;130;271;366;224;11;11;344;355
43;Tarragona;9;Baix Ebre;43133;Roquetes;2;1;B;;621;167;319;413;208;9;6;398;404
43;Tarragona;9;Baix Ebre;43133;Roquetes;2;1;C;;593;163;294;370;223;11;12;347;359
43;Tarragona;9;Baix Ebre;43133;Roquetes;2;2;A;;817;215;401;487;330;11;11;465;476
43;Tarragona;9;Baix Ebre;43133;Roquetes;2;2;B;;823;204;385;490;333;14;4;472;476
17;Girona;2;Alt Empordà;17152;Roses;1;1;A;;547;170;290;350;197;5;3;342;345
17;Girona;2;Alt Empordà;17152;Roses;1;1;B;;491;164;260;294;197;4;2;288;290
17;Girona;2;Alt Empordà;17152;Roses;1;2;A;;445;124;234;283;162;2;1;280;281
17;Girona;2;Alt Empordà;17152;Roses;1;2;B;;532;166;294;360;172;3;10;347;357
17;Girona;2;Alt Empordà;17152;Roses;1;3;A;;511;102;184;234;277;2;6;226;232
17;Girona;2;Alt Empordà;17152;Roses;1;3;B;;430;85;151;198;232;3;6;189;195
17;Girona;2;Alt Empordà;17152;Roses;1;4;A;;535;134;164;319;216;3;4;312;316
17;Girona;2;Alt Empordà;17152;Roses;1;4;B;;513;132;256;298;215;0;5;293;298
17;Girona;2;Alt Empordà;17152;Roses;1;5;U;;712;193;193;432;280;3;8;421;429
17;Girona;2;Alt Empordà;17152;Roses;1;6;A;;600;173;208;378;222;5;2;371;373
17;Girona;2;Alt Empordà;17152;Roses;1;6;B;;582;166;299;375;207;2;2;371;373
17;Girona;2;Alt Empordà;17152;Roses;2;1;A;;485;174;282;320;165;3;3;314;317
17;Girona;2;Alt Empordà;17152;Roses;2;1;B;;472;177;271;302;170;4;5;293;298
17;Girona;2;Alt Empordà;17152;Roses;2;2;A;;596;194;333;388;208;5;3;380;383
17;Girona;2;Alt Empordà;17152;Roses;2;2;B;;629;212;365;412;217;1;1;410;411
17;Girona;2;Alt Empordà;17152;Roses;2;3;U;;742;225;421;498;244;5;8;485;493
17;Girona;2;Alt Empordà;17152;Roses;2;4;U;;691;220;440;508;183;4;7;497;504
17;Girona;2;Alt Empordà;17152;Roses;2;5;A;;488;147;250;305;183;2;9;294;303
17;Girona;2;Alt Empordà;17152;Roses;2;5;B;;476;141;267;322;154;1;5;316;321
25;Lleida;33;Segrià;25189;Rosselló;1;1;A;;638;181;348;428;210;4;14;410;424
25;Lleida;33;Segrià;25189;Rosselló;1;1;B;;808;191;399;496;312;7;9;480;489
25;Lleida;33;Segrià;25189;Rosselló;1;1;C;;636;157;317;402;234;6;5;391;396
43;Tarragona;1;Alt Camp;43134;Rourell, el;1;1;U;;286;92;174;211;75;6;6;199;205
8;Barcelona;40;Vallès Occidental;08184;Rubí;1;1;A;;719;206;398;502;217;7;10;485;495
8;Barcelona;40;Vallès Occidental;08184;Rubí;1;1;B;;896;244;464;589;307;6;9;574;583
8;Barcelona;40;Vallès Occidental;08184;Rubí;1;1;C;;867;258;460;573;294;3;14;556;570
8;Barcelona;40;Vallès Occidental;08184;Rubí;1;2;A;;665;163;317;380;285;5;2;373;375
8;Barcelona;40;Vallès Occidental;08184;Rubí;1;2;B;;694;174;302;375;319;6;9;360;369
8;Barcelona;40;Vallès Occidental;08184;Rubí;1;3;A;;501;139;286;341;160;3;4;334;338
8;Barcelona;40;Vallès Occidental;08184;Rubí;1;3;B;;645;195;387;450;195;0;7;443;450
8;Barcelona;40;Vallès Occidental;08184;Rubí;2;1;A;;788;220;401;516;272;7;7;502;509
8;Barcelona;40;Vallès Occidental;08184;Rubí;2;1;B;;717;189;347;452;265;8;6;438;444
8;Barcelona;40;Vallès Occidental;08184;Rubí;2;1;C;;920;212;488;616;304;6;16;594;610
8;Barcelona;40;Vallès Occidental;08184;Rubí;2;1;D;;762;241;394;480;282;3;9;468;477
8;Barcelona;40;Vallès Occidental;08184;Rubí;2;3;A;;1001;256;492;596;405;9;11;576;587
8;Barcelona;40;Vallès Occidental;08184;Rubí;2;3;B;;750;178;356;449;301;3;8;438;446
8;Barcelona;40;Vallès Occidental;08184;Rubí;2;3;C;;807;211;394;486;321;7;5;474;479
8;Barcelona;40;Vallès Occidental;08184;Rubí;2;3;D;;791;185;367;454;337;1;15;438;453
8;Barcelona;40;Vallès Occidental;08184;Rubí;2;3;E;;577;145;265;338;239;1;3;334;337
8;Barcelona;40;Vallès Occidental;08184;Rubí;3;1;A;;673;190;377;486;187;1;2;483;485
8;Barcelona;40;Vallès Occidental;08184;Rubí;3;1;B;;631;177;366;453;178;4;1;448;449
8;Barcelona;40;Vallès Occidental;08184;Rubí;3;1;C;;859;269;496;617;242;4;8;605;613
8;Barcelona;40;Vallès Occidental;08184;Rubí;3;1;D;;706;193;393;487;219;3;6;478;484
8;Barcelona;40;Vallès Occidental;08184;Rubí;3;2;U;;482;97;224;274;208;2;10;262;272
8;Barcelona;40;Vallès Occidental;08184;Rubí;3;3;U;;765;210;353;432;333;2;6;424;430
8;Barcelona;40;Vallès Occidental;08184;Rubí;3;4;A;;600;168;298;375;225;2;4;369;373
8;Barcelona;40;Vallès Occidental;08184;Rubí;3;4;B;;709;148;341;440;269;3;6;431;437
8;Barcelona;40;Vallès Occidental;08184;Rubí;3;5;A;;644;170;333;418;226;0;3;415;418
8;Barcelona;40;Vallès Occidental;08184;Rubí;3;5;B;;816;235;432;532;284;4;10;518;528
8;Barcelona;40;Vallès Occidental;08184;Rubí;3;6;A;;627;168;318;379;248;9;6;364;370
8;Barcelona;40;Vallès Occidental;08184;Rubí;3;6;B;;702;206;397;469;233;3;8;458;466
8;Barcelona;40;Vallès Occidental;08184;Rubí;3;7;A;;562;154;288;391;171;2;7;382;389
8;Barcelona;40;Vallès Occidental;08184;Rubí;3;7;B;;660;197;341;452;208;8;4;440;444
8;Barcelona;40;Vallès Occidental;08184;Rubí;3;8;A;;417;124;205;226;191;7;1;218;219
8;Barcelona;40;Vallès Occidental;08184;Rubí;3;8;B;;496;134;229;255;241;3;5;247;252
8;Barcelona;40;Vallès Occidental;08184;Rubí;4;1;A;;460;158;280;339;121;1;7;331;338
8;Barcelona;40;Vallès Occidental;08184;Rubí;4;1;B;;623;198;362;436;187;3;1;432;433
8;Barcelona;40;Vallès Occidental;08184;Rubí;4;10;A;;761;185;369;475;286;0;7;468;475
8;Barcelona;40;Vallès Occidental;08184;Rubí;4;10;B;;922;193;445;561;361;10;10;541;551
8;Barcelona;40;Vallès Occidental;08184;Rubí;4;10;C;;899;216;447;561;338;2;4;555;559
8;Barcelona;40;Vallès Occidental;08184;Rubí;4;11;A;;484;126;258;317;167;1;6;310;316
8;Barcelona;40;Vallès Occidental;08184;Rubí;4;11;B;;615;178;328;403;212;1;4;398;402
8;Barcelona;40;Vallès Occidental;08184;Rubí;4;11;C;;610;162;287;380;230;5;8;367;375
8;Barcelona;40;Vallès Occidental;08184;Rubí;4;12;A;;517;157;270;332;185;1;10;321;331
8;Barcelona;40;Vallès Occidental;08184;Rubí;4;12;B;;681;218;358;434;247;6;6;422;428
8;Barcelona;40;Vallès Occidental;08184;Rubí;4;13;A;;745;220;408;495;250;3;8;484;492
8;Barcelona;40;Vallès Occidental;08184;Rubí;4;13;B;;733;231;406;503;230;6;8;489;497
8;Barcelona;40;Vallès Occidental;08184;Rubí;4;13;C;;772;200;382;490;282;5;8;477;485
8;Barcelona;40;Vallès Occidental;08184;Rubí;4;14;A;;617;172;312;386;231;8;9;369;378
8;Barcelona;40;Vallès Occidental;08184;Rubí;4;14;B;;706;185;360;455;251;4;7;444;451
8;Barcelona;40;Vallès Occidental;08184;Rubí;4;14;C;;704;188;363;440;264;3;8;429;437
8;Barcelona;40;Vallès Occidental;08184;Rubí;4;15;A;;494;131;257;326;168;3;9;314;323
8;Barcelona;40;Vallès Occidental;08184;Rubí;4;15;B;;591;145;283;369;222;6;9;354;363
8;Barcelona;40;Vallès Occidental;08184;Rubí;4;16;A;;661;173;348;444;217;3;10;431;441
8;Barcelona;40;Vallès Occidental;08184;Rubí;4;16;B;;711;174;360;457;254;2;5;450;455
8;Barcelona;40;Vallès Occidental;08184;Rubí;4;16;C;;858;196;425;534;324;9;12;513;525
8;Barcelona;40;Vallès Occidental;08184;Rubí;4;16;D;;702;216;380;457;245;5;6;446;452
8;Barcelona;40;Vallès Occidental;08184;Rubí;4;16;E;;298;81;129;146;152;0;2;144;146
8;Barcelona;40;Vallès Occidental;08184;Rubí;4;18;A;;439;120;224;284;155;4;3;277;280
8;Barcelona;40;Vallès Occidental;08184;Rubí;4;18;B;;460;131;224;294;166;2;1;291;292
8;Barcelona;40;Vallès Occidental;08184;Rubí;4;19;A;;424;117;201;244;180;1;5;238;243
8;Barcelona;40;Vallès Occidental;08184;Rubí;4;19;B;;490;137;245;281;209;4;2;275;277
8;Barcelona;40;Vallès Occidental;08184;Rubí;4;2;U;;919;253;480;619;300;4;6;609;615
8;Barcelona;40;Vallès Occidental;08184;Rubí;4;20;A;;445;122;231;281;164;1;4;276;280
8;Barcelona;40;Vallès Occidental;08184;Rubí;4;20;B;;511;132;256;306;205;3;0;303;303
8;Barcelona;40;Vallès Occidental;08184;Rubí;4;21;A;;632;174;345;449;183;6;8;435;443
8;Barcelona;40;Vallès Occidental;08184;Rubí;4;21;B;;743;208;393;491;252;8;9;474;483
8;Barcelona;40;Vallès Occidental;08184;Rubí;4;22;A;;634;198;362;438;196;4;3;431;434
8;Barcelona;40;Vallès Occidental;08184;Rubí;4;22;B;;752;214;436;533;219;3;11;519;530
8;Barcelona;40;Vallès Occidental;08184;Rubí;4;3;A;;519;154;279;341;178;4;6;331;337
8;Barcelona;40;Vallès Occidental;08184;Rubí;4;3;B;;628;172;345;431;197;12;6;413;419
8;Barcelona;40;Vallès Occidental;08184;Rubí;4;4;A;;729;201;385;438;291;9;9;420;429
8;Barcelona;40;Vallès Occidental;08184;Rubí;4;4;B;;837;198;400;504;333;6;10;488;498
8;Barcelona;40;Vallès Occidental;08184;Rubí;4;5;A;;531;198;331;391;140;2;6;383;389
8;Barcelona;40;Vallès Occidental;08184;Rubí;4;5;B;;603;176;342;416;187;0;9;407;416
8;Barcelona;40;Vallès Occidental;08184;Rubí;4;6;A;;544;162;301;367;177;2;5;360;365
8;Barcelona;40;Vallès Occidental;08184;Rubí;4;6;B;;594;177;320;395;199;6;1;388;389
8;Barcelona;40;Vallès Occidental;08184;Rubí;4;7;A;;536;154;312;374;162;2;3;369;372
8;Barcelona;40;Vallès Occidental;08184;Rubí;4;7;B;;630;181;350;404;226;1;6;397;403
8;Barcelona;40;Vallès Occidental;08184;Rubí;4;8;U;;866;225;397;471;395;2;1;468;469
8;Barcelona;40;Vallès Occidental;08184;Rubí;4;9;A;;594;145;290;369;225;8;11;350;361
8;Barcelona;40;Vallès Occidental;08184;Rubí;4;9;B;;747;199;377;473;274;2;5;466;471
8;Barcelona;6;Anoia;08185;Rubió;1;1;U;;183;51;108;139;44;1;1;137;138
17;Girona;10;Baix Empordà;17153;Rupià;1;1;U;;171;83;137;153;18;0;2;151;153
8;Barcelona;24;Osona;08901;Rupit i Pruit;1;1;U;;250;102;170;218;32;0;3;215;218
8;Barcelona;40;Vallès Occidental;08187;Sabadell;1;1;U;;525;196;361;430;95;0;10;420;430
8;Barcelona;40;Vallès Occidental;08187;Sabadell;1;10;U;;896;310;585;708;188;4;11;693;704
8;Barcelona;40;Vallès Occidental;08187;Sabadell;1;11;U;;969;350;653;783;186;4;5;774;779
8;Barcelona;40;Vallès Occidental;08187;Sabadell;1;12;U;;809;267;520;626;183;4;4;618;622
8;Barcelona;40;Vallès Occidental;08187;Sabadell;1;13;U;;767;281;500;609;158;2;4;603;607
8;Barcelona;40;Vallès Occidental;08187;Sabadell;1;14;A;;617;243;430;523;94;1;8;514;522
8;Barcelona;40;Vallès Occidental;08187;Sabadell;1;14;B;;754;266;516;633;121;1;4;628;632
8;Barcelona;40;Vallès Occidental;08187;Sabadell;1;15;A;;524;196;381;443;81;2;2;439;441
8;Barcelona;40;Vallès Occidental;08187;Sabadell;1;15;B;;648;249;461;550;98;2;5;543;548
8;Barcelona;40;Vallès Occidental;08187;Sabadell;1;16;A;;730;230;484;582;148;2;7;573;580
8;Barcelona;40;Vallès Occidental;08187;Sabadell;1;16;B;;829;280;618;688;141;1;4;683;687
8;Barcelona;40;Vallès Occidental;08187;Sabadell;1;17;A;;723;212;448;543;180;1;6;536;542
8;Barcelona;40;Vallès Occidental;08187;Sabadell;1;17;B;;908;250;553;679;229;4;8;667;675
8;Barcelona;40;Vallès Occidental;08187;Sabadell;1;18;A;;657;170;337;458;199;4;8;446;454
8;Barcelona;40;Vallès Occidental;08187;Sabadell;1;18;B;;758;495;515;545;213;5;10;530;540
8;Barcelona;40;Vallès Occidental;08187;Sabadell;1;19;A;;649;227;449;517;132;0;8;509;517
8;Barcelona;40;Vallès Occidental;08187;Sabadell;1;19;B;;742;238;493;597;145;6;10;581;591
8;Barcelona;40;Vallès Occidental;08187;Sabadell;1;2;U;;869;319;633;750;119;2;3;745;748
8;Barcelona;40;Vallès Occidental;08187;Sabadell;1;20;A;;585;197;363;450;135;3;3;444;447
8;Barcelona;40;Vallès Occidental;08187;Sabadell;1;20;B;;632;196;345;470;162;0;5;465;470
8;Barcelona;40;Vallès Occidental;08187;Sabadell;1;21;U;;861;279;485;634;227;9;8;617;625
8;Barcelona;40;Vallès Occidental;08187;Sabadell;1;22;U;;742;251;470;580;162;8;5;567;572
8;Barcelona;40;Vallès Occidental;08187;Sabadell;1;23;A;;608;235;375;449;159;5;11;433;444
8;Barcelona;40;Vallès Occidental;08187;Sabadell;1;23;B;;796;209;454;558;238;1;9;548;557
8;Barcelona;40;Vallès Occidental;08187;Sabadell;1;24;A;;533;192;305;382;151;7;4;371;375
8;Barcelona;40;Vallès Occidental;08187;Sabadell;1;24;B;;646;161;357;452;194;4;8;440;448
8;Barcelona;40;Vallès Occidental;08187;Sabadell;1;25;A;;487;182;316;367;120;3;7;357;364
8;Barcelona;40;Vallès Occidental;08187;Sabadell;1;25;B;;607;224;370;440;167;2;3;435;438
8;Barcelona;40;Vallès Occidental;08187;Sabadell;1;26;U;;662;210;419;506;156;9;8;489;497
8;Barcelona;40;Vallès Occidental;08187;Sabadell;1;27;U;;787;240;403;570;217;4;6;560;566
8;Barcelona;40;Vallès Occidental;08187;Sabadell;1;28;U;;1054;300;647;809;245;8;14;787;801
8;Barcelona;40;Vallès Occidental;08187;Sabadell;1;29;U;;888;259;495;668;220;3;4;661;665
8;Barcelona;40;Vallès Occidental;08187;Sabadell;1;3;U;;778;268;531;647;131;0;6;641;647
8;Barcelona;40;Vallès Occidental;08187;Sabadell;1;30;U;;856;255;564;715;141;1;9;705;714
8;Barcelona;40;Vallès Occidental;08187;Sabadell;1;31;U;;817;325;581;692;125;1;4;687;691
8;Barcelona;40;Vallès Occidental;08187;Sabadell;1;32;U;;918;242;567;719;199;1;9;709;718
8;Barcelona;40;Vallès Occidental;08187;Sabadell;1;33;U;;932;258;550;687;245;5;15;667;682
8;Barcelona;40;Vallès Occidental;08187;Sabadell;1;34;U;;1136;333;701;880;256;4;16;860;876
8;Barcelona;40;Vallès Occidental;08187;Sabadell;1;35;U;;775;252;464;581;194;9;11;561;572
8;Barcelona;40;Vallès Occidental;08187;Sabadell;1;4;A;;761;264;525;632;129;3;4;625;629
8;Barcelona;40;Vallès Occidental;08187;Sabadell;1;4;B;;922;297;726;768;154;2;3;763;766
8;Barcelona;40;Vallès Occidental;08187;Sabadell;1;5;A;;524;171;367;431;93;3;3;425;428
8;Barcelona;40;Vallès Occidental;08187;Sabadell;1;5;B;;596;205;393;475;121;1;7;467;474
8;Barcelona;40;Vallès Occidental;08187;Sabadell;1;6;A;;896;283;610;757;139;1;9;747;756
8;Barcelona;40;Vallès Occidental;08187;Sabadell;1;6;B;;1029;323;682;857;172;0;12;845;857
8;Barcelona;40;Vallès Occidental;08187;Sabadell;1;7;A;;738;250;499;618;120;6;5;607;612
8;Barcelona;40;Vallès Occidental;08187;Sabadell;1;7;B;;791;266;537;670;121;4;4;662;666
8;Barcelona;40;Vallès Occidental;08187;Sabadell;1;8;A;;789;275;526;642;147;5;10;627;637
8;Barcelona;40;Vallès Occidental;08187;Sabadell;1;8;B;;947;315;652;787;160;4;9;774;783
8;Barcelona;40;Vallès Occidental;08187;Sabadell;1;9;A;;902;318;638;765;137;4;5;756;761
8;Barcelona;40;Vallès Occidental;08187;Sabadell;1;9;B;;957;350;668;814;143;5;3;806;809
8;Barcelona;40;Vallès Occidental;08187;Sabadell;2;1;A;;560;215;402;489;71;2;2;485;487
8;Barcelona;40;Vallès Occidental;08187;Sabadell;2;1;B;;689;245;500;591;98;5;2;584;586
8;Barcelona;40;Vallès Occidental;08187;Sabadell;2;10;U;;670;236;444;514;156;2;7;505;512
8;Barcelona;40;Vallès Occidental;08187;Sabadell;2;11;U;;657;140;247;305;352;3;2;300;302
8;Barcelona;40;Vallès Occidental;08187;Sabadell;2;12;A;;556;151;261;309;247;5;7;297;304
8;Barcelona;40;Vallès Occidental;08187;Sabadell;2;12;B;;687;202;344;408;279;4;14;390;404
8;Barcelona;40;Vallès Occidental;08187;Sabadell;2;13;U;;877;202;399;502;375;6;9;487;496
8;Barcelona;40;Vallès Occidental;08187;Sabadell;2;14;U;;835;215;346;434;401;5;6;423;429
8;Barcelona;40;Vallès Occidental;08187;Sabadell;2;15;A;;470;143;275;323;147;7;4;312;316
8;Barcelona;40;Vallès Occidental;08187;Sabadell;2;15;B;;603;188;364;425;178;2;6;417;423
8;Barcelona;40;Vallès Occidental;08187;Sabadell;2;16;A;;553;196;375;457;96;4;1;452;453
8;Barcelona;40;Vallès Occidental;08187;Sabadell;2;16;B;;612;221;439;513;99;4;5;504;509
8;Barcelona;40;Vallès Occidental;08187;Sabadell;2;17;U;;712;238;443;563;149;3;5;555;560
8;Barcelona;40;Vallès Occidental;08187;Sabadell;2;2;A;;496;192;362;419;77;4;3;412;415
8;Barcelona;40;Vallès Occidental;08187;Sabadell;2;2;B;;553;224;371;446;107;1;2;443;445
8;Barcelona;40;Vallès Occidental;08187;Sabadell;2;3;A;;470;154;277;347;123;10;3;334;337
8;Barcelona;40;Vallès Occidental;08187;Sabadell;2;3;B;;579;209;340;416;163;7;1;408;409
8;Barcelona;40;Vallès Occidental;08187;Sabadell;2;4;A;;646;221;426;522;124;3;4;515;519
8;Barcelona;40;Vallès Occidental;08187;Sabadell;2;4;B;;810;316;569;666;144;1;6;659;665
8;Barcelona;40;Vallès Occidental;08187;Sabadell;2;5;A;;584;227;396;476;108;1;3;472;475
8;Barcelona;40;Vallès Occidental;08187;Sabadell;2;5;B;;743;268;491;573;170;4;2;567;569
8;Barcelona;40;Vallès Occidental;08187;Sabadell;2;6;A;;531;177;329;395;136;3;2;390;392
8;Barcelona;40;Vallès Occidental;08187;Sabadell;2;6;B;;694;221;421;518;176;7;2;509;511
8;Barcelona;40;Vallès Occidental;08187;Sabadell;2;7;A;;581;220;365;444;137;4;10;430;440
8;Barcelona;40;Vallès Occidental;08187;Sabadell;2;7;B;;670;281;433;509;161;2;4;503;507
8;Barcelona;40;Vallès Occidental;08187;Sabadell;2;8;U;;671;233;441;529;142;3;3;523;526
8;Barcelona;40;Vallès Occidental;08187;Sabadell;2;9;U;;949;276;624;758;191;4;12;742;754
8;Barcelona;40;Vallès Occidental;08187;Sabadell;3;1;A;;496;129;255;326;170;7;1;318;319
8;Barcelona;40;Vallès Occidental;08187;Sabadell;3;1;B;;604;185;346;426;178;6;7;413;420
8;Barcelona;40;Vallès Occidental;08187;Sabadell;3;10;U;;682;199;368;439;243;3;5;431;436
8;Barcelona;40;Vallès Occidental;08187;Sabadell;3;11;U;;895;283;478;558;337;5;6;547;553
8;Barcelona;40;Vallès Occidental;08187;Sabadell;3;12;U;;917;250;493;606;311;8;8;590;598
8;Barcelona;40;Vallès Occidental;08187;Sabadell;3;13;U;;864;257;452;539;325;4;9;526;535
8;Barcelona;40;Vallès Occidental;08187;Sabadell;3;14;A;;521;148;277;319;202;2;3;314;317
8;Barcelona;40;Vallès Occidental;08187;Sabadell;3;14;B;;663;213;360;426;237;5;2;419;421
8;Barcelona;40;Vallès Occidental;08187;Sabadell;3;15;A;;471;125;217;287;184;4;4;279;283
8;Barcelona;40;Vallès Occidental;08187;Sabadell;3;15;B;;656;192;316;428;228;2;11;415;426
8;Barcelona;40;Vallès Occidental;08187;Sabadell;3;16;U;;985;249;473;570;415;10;8;552;560
8;Barcelona;40;Vallès Occidental;08187;Sabadell;3;17;U;;798;242;394;470;328;2;11;457;468
8;Barcelona;40;Vallès Occidental;08187;Sabadell;3;18;A;;983;298;650;667;316;2;11;654;665
8;Barcelona;40;Vallès Occidental;08187;Sabadell;3;18;B;;893;250;518;674;219;6;9;659;668
8;Barcelona;40;Vallès Occidental;08187;Sabadell;3;19;U;;746;229;433;539;207;3;13;523;536
8;Barcelona;40;Vallès Occidental;08187;Sabadell;3;2;A;;444;119;213;270;174;5;5;260;265
8;Barcelona;40;Vallès Occidental;08187;Sabadell;3;2;B;;571;128;256;312;259;1;6;305;311
8;Barcelona;40;Vallès Occidental;08187;Sabadell;3;20;U;;1005;254;533;687;318;3;11;673;684
8;Barcelona;40;Vallès Occidental;08187;Sabadell;3;21;U;;969;262;490;582;387;5;11;566;577
8;Barcelona;40;Vallès Occidental;08187;Sabadell;3;22;U;;594;143;271;350;244;1;5;344;349
8;Barcelona;40;Vallès Occidental;08187;Sabadell;3;23;U;;517;157;277;339;178;2;9;328;337
8;Barcelona;40;Vallès Occidental;08187;Sabadell;3;24;A;;521;141;285;354;167;0;10;344;354
8;Barcelona;40;Vallès Occidental;08187;Sabadell;3;24;B;;597;165;327;414;183;4;7;403;410
8;Barcelona;40;Vallès Occidental;08187;Sabadell;3;25;U;;962;230;565;716;246;13;11;692;703
8;Barcelona;40;Vallès Occidental;08187;Sabadell;3;26;A;;515;131;285;369;146;2;10;357;367
8;Barcelona;40;Vallès Occidental;08187;Sabadell;3;26;B;;638;178;362;454;184;5;5;444;449
8;Barcelona;40;Vallès Occidental;08187;Sabadell;3;27;U;;569;120;271;364;205;4;10;350;360
8;Barcelona;40;Vallès Occidental;08187;Sabadell;3;3;A;;528;158;250;317;211;2;7;308;315
8;Barcelona;40;Vallès Occidental;08187;Sabadell;3;3;B;;672;209;355;425;247;2;10;413;423
8;Barcelona;40;Vallès Occidental;08187;Sabadell;3;4;A;;510;150;263;309;201;3;8;298;306
8;Barcelona;40;Vallès Occidental;08187;Sabadell;3;4;B;;688;203;376;455;233;2;14;439;453
8;Barcelona;40;Vallès Occidental;08187;Sabadell;3;5;U;;693;206;372;439;254;6;13;420;433
8;Barcelona;40;Vallès Occidental;08187;Sabadell;3;6;A;;492;160;269;333;159;4;5;324;329
8;Barcelona;40;Vallès Occidental;08187;Sabadell;3;6;B;;628;174;340;432;196;5;6;421;427
8;Barcelona;40;Vallès Occidental;08187;Sabadell;3;7;U;;639;214;387;448;191;7;4;437;441
8;Barcelona;40;Vallès Occidental;08187;Sabadell;3;8;U;;934;269;471;575;359;5;10;560;570
8;Barcelona;40;Vallès Occidental;08187;Sabadell;3;9;U;;685;169;361;387;298;4;3;380;383
8;Barcelona;40;Vallès Occidental;08187;Sabadell;4;1;A;;599;157;324;414;185;1;11;402;413
8;Barcelona;40;Vallès Occidental;08187;Sabadell;4;1;B;;737;201;407;521;216;1;11;509;520
8;Barcelona;40;Vallès Occidental;08187;Sabadell;4;10;A;;622;199;362;425;197;1;6;418;424
8;Barcelona;40;Vallès Occidental;08187;Sabadell;4;10;B;;718;250;416;478;240;1;5;472;477
8;Barcelona;40;Vallès Occidental;08187;Sabadell;4;11;U;;706;210;394;491;215;3;11;477;488
8;Barcelona;40;Vallès Occidental;08187;Sabadell;4;12;U;;768;222;373;477;291;4;5;468;473
8;Barcelona;40;Vallès Occidental;08187;Sabadell;4;13;A;;620;173;325;414;206;1;4;409;413
8;Barcelona;40;Vallès Occidental;08187;Sabadell;4;13;B;;722;202;386;492;230;3;9;480;489
8;Barcelona;40;Vallès Occidental;08187;Sabadell;4;14;A;;470;156;301;356;114;2;5;349;354
8;Barcelona;40;Vallès Occidental;08187;Sabadell;4;14;B;;522;161;312;385;137;2;2;381;383
8;Barcelona;40;Vallès Occidental;08187;Sabadell;4;15;U;;654;203;314;368;286;7;5;356;361
8;Barcelona;40;Vallès Occidental;08187;Sabadell;4;16;A;;667;177;369;453;214;3;7;443;450
8;Barcelona;40;Vallès Occidental;08187;Sabadell;4;16;B;;864;249;473;581;283;4;5;572;577
8;Barcelona;40;Vallès Occidental;08187;Sabadell;4;17;A;;635;191;335;414;221;6;7;401;408
8;Barcelona;40;Vallès Occidental;08187;Sabadell;4;17;B;;733;222;397;483;250;5;15;463;478
8;Barcelona;40;Vallès Occidental;08187;Sabadell;4;18;U;;559;165;298;373;186;3;3;367;370
8;Barcelona;40;Vallès Occidental;08187;Sabadell;4;19;U;;930;264;435;552;378;7;2;543;545
8;Barcelona;40;Vallès Occidental;08187;Sabadell;4;2;U;;826;173;473;551;275;3;9;539;548
8;Barcelona;40;Vallès Occidental;08187;Sabadell;4;20;A;;664;202;333;419;245;4;8;407;415
8;Barcelona;40;Vallès Occidental;08187;Sabadell;4;20;B;;842;225;472;623;219;4;12;607;619
8;Barcelona;40;Vallès Occidental;08187;Sabadell;4;20;C;;968;235;538;727;241;6;15;706;721
8;Barcelona;40;Vallès Occidental;08187;Sabadell;4;20;D;;754;201;402;532;222;3;17;512;529
8;Barcelona;40;Vallès Occidental;08187;Sabadell;4;20;E;;888;232;508;651;237;12;12;627;639
8;Barcelona;40;Vallès Occidental;08187;Sabadell;4;20;F;;774;222;455;585;189;11;18;556;574
8;Barcelona;40;Vallès Occidental;08187;Sabadell;4;20;G;;865;222;522;650;215;7;18;625;643
8;Barcelona;40;Vallès Occidental;08187;Sabadell;4;20;H;;743;186;391;507;236;5;6;496;502
8;Barcelona;40;Vallès Occidental;08187;Sabadell;4;21;U;;834;239;502;601;233;6;12;583;595
8;Barcelona;40;Vallès Occidental;08187;Sabadell;4;22;U;;748;182;397;518;230;13;6;499;505
8;Barcelona;40;Vallès Occidental;08187;Sabadell;4;3;U;;739;236;456;528;211;3;8;517;525
8;Barcelona;40;Vallès Occidental;08187;Sabadell;4;4;A;;595;177;336;418;177;1;10;407;417
8;Barcelona;40;Vallès Occidental;08187;Sabadell;4;4;B;;696;187;399;481;215;5;8;468;476
8;Barcelona;40;Vallès Occidental;08187;Sabadell;4;5;A;;513;137;307;369;144;8;4;357;361
8;Barcelona;40;Vallès Occidental;08187;Sabadell;4;5;B;;642;234;390;455;187;8;9;438;447
8;Barcelona;40;Vallès Occidental;08187;Sabadell;4;6;A;;584;162;328;413;171;3;7;403;410
8;Barcelona;40;Vallès Occidental;08187;Sabadell;4;6;B;;731;214;411;521;210;7;7;507;514
8;Barcelona;40;Vallès Occidental;08187;Sabadell;4;7;U;;874;257;528;627;247;7;3;617;620
8;Barcelona;40;Vallès Occidental;08187;Sabadell;4;8;A;;562;166;354;418;144;3;6;409;415
8;Barcelona;40;Vallès Occidental;08187;Sabadell;4;8;B;;649;197;390;496;153;4;12;480;492
8;Barcelona;40;Vallès Occidental;08187;Sabadell;4;9;U;;938;304;574;726;212;5;5;716;721
8;Barcelona;40;Vallès Occidental;08187;Sabadell;5;1;A;;514;174;318;384;130;0;5;379;384
8;Barcelona;40;Vallès Occidental;08187;Sabadell;5;1;B;;614;204;371;448;166;0;4;444;448
8;Barcelona;40;Vallès Occidental;08187;Sabadell;5;10;U;;440;126;201;235;205;2;2;231;233
8;Barcelona;40;Vallès Occidental;08187;Sabadell;5;11;U;;959;254;470;539;420;9;6;524;530
8;Barcelona;40;Vallès Occidental;08187;Sabadell;5;12;U;;847;225;453;540;307;9;10;521;531
8;Barcelona;40;Vallès Occidental;08187;Sabadell;5;13;A;;710;169;360;476;234;2;7;467;474
8;Barcelona;40;Vallès Occidental;08187;Sabadell;5;13;B;;862;215;425;577;285;3;15;559;574
8;Barcelona;40;Vallès Occidental;08187;Sabadell;5;14;U;;822;263;455;620;202;11;14;595;609
8;Barcelona;40;Vallès Occidental;08187;Sabadell;5;15;U;;1050;338;676;840;210;1;1;838;839
8;Barcelona;40;Vallès Occidental;08187;Sabadell;5;2;A;;572;193;363;459;113;1;4;454;458
8;Barcelona;40;Vallès Occidental;08187;Sabadell;5;2;B;;698;188;428;547;151;1;11;535;546
8;Barcelona;40;Vallès Occidental;08187;Sabadell;5;3;U;;1084;396;747;898;186;5;6;887;893
8;Barcelona;40;Vallès Occidental;08187;Sabadell;5;4;U;;658;208;408;491;167;0;7;484;491
8;Barcelona;40;Vallès Occidental;08187;Sabadell;5;5;U;;969;329;618;733;236;5;15;713;728
8;Barcelona;40;Vallès Occidental;08187;Sabadell;5;6;U;;838;296;553;641;197;4;3;634;637
8;Barcelona;40;Vallès Occidental;08187;Sabadell;5;7;U;;794;260;401;501;293;1;5;495;500
8;Barcelona;40;Vallès Occidental;08187;Sabadell;5;8;U;;366;123;209;250;116;8;6;236;242
8;Barcelona;40;Vallès Occidental;08187;Sabadell;5;9;A;;527;167;299;371;156;1;9;361;370
8;Barcelona;40;Vallès Occidental;08187;Sabadell;5;9;B;;649;188;366;459;190;1;5;453;458
8;Barcelona;40;Vallès Occidental;08187;Sabadell;6;1;U;;576;163;305;364;212;1;3;360;363
8;Barcelona;40;Vallès Occidental;08187;Sabadell;6;10;U;;626;181;277;332;294;12;1;319;320
8;Barcelona;40;Vallès Occidental;08187;Sabadell;6;11;U;;582;157;263;317;265;2;10;305;315
8;Barcelona;40;Vallès Occidental;08187;Sabadell;6;12;U;;743;244;383;445;298;3;7;435;442
8;Barcelona;40;Vallès Occidental;08187;Sabadell;6;13;U;;712;226;335;392;320;1;3;388;391
8;Barcelona;40;Vallès Occidental;08187;Sabadell;6;14;U;;413;105;223;272;141;7;8;257;265
8;Barcelona;40;Vallès Occidental;08187;Sabadell;6;15;A;;455;129;226;293;162;6;7;280;287
8;Barcelona;40;Vallès Occidental;08187;Sabadell;6;15;B;;580;172;307;375;205;6;7;362;369
8;Barcelona;40;Vallès Occidental;08187;Sabadell;6;16;A;;567;182;330;389;178;5;7;377;384
8;Barcelona;40;Vallès Occidental;08187;Sabadell;6;16;B;;659;223;391;476;183;6;10;460;470
8;Barcelona;40;Vallès Occidental;08187;Sabadell;6;17;A;;465;143;233;292;173;3;5;284;289
8;Barcelona;40;Vallès Occidental;08187;Sabadell;6;17;B;;632;185;342;427;205;2;1;424;425
8;Barcelona;40;Vallès Occidental;08187;Sabadell;6;18;U;;662;194;358;423;239;5;7;411;418
8;Barcelona;40;Vallès Occidental;08187;Sabadell;6;19;U;;477;159;248;287;190;4;3;280;283
8;Barcelona;40;Vallès Occidental;08187;Sabadell;6;2;U;;656;205;355;416;240;2;3;411;414
8;Barcelona;40;Vallès Occidental;08187;Sabadell;6;20;U;;973;205;480;596;377;6;7;583;590
8;Barcelona;40;Vallès Occidental;08187;Sabadell;6;21;U;;845;222;460;555;290;5;3;547;550
8;Barcelona;40;Vallès Occidental;08187;Sabadell;6;22;A;;564;160;288;361;203;3;10;348;358
8;Barcelona;40;Vallès Occidental;08187;Sabadell;6;22;B;;702;210;387;474;228;2;5;467;472
8;Barcelona;40;Vallès Occidental;08187;Sabadell;6;23;A;;607;188;330;401;206;4;6;391;397
8;Barcelona;40;Vallès Occidental;08187;Sabadell;6;23;B;;783;273;452;553;230;7;5;541;546
8;Barcelona;40;Vallès Occidental;08187;Sabadell;6;24;U;;778;210;424;516;262;6;2;508;510
8;Barcelona;40;Vallès Occidental;08187;Sabadell;6;3;U;;698;201;304;396;302;2;3;391;394
8;Barcelona;40;Vallès Occidental;08187;Sabadell;6;4;U;;969;271;456;557;412;5;7;545;552
8;Barcelona;40;Vallès Occidental;08187;Sabadell;6;5;U;;768;210;382;465;303;7;3;455;458
8;Barcelona;40;Vallès Occidental;08187;Sabadell;6;6;U;;799;213;379;471;328;2;11;458;469
8;Barcelona;40;Vallès Occidental;08187;Sabadell;6;7;U;;603;176;293;345;258;0;6;339;345
8;Barcelona;40;Vallès Occidental;08187;Sabadell;6;8;A;;527;176;300;388;139;1;2;385;387
8;Barcelona;40;Vallès Occidental;08187;Sabadell;6;8;B;;541;181;318;392;149;4;3;385;388
8;Barcelona;40;Vallès Occidental;08187;Sabadell;6;9;A;;563;165;287;344;219;0;2;342;344
8;Barcelona;40;Vallès Occidental;08187;Sabadell;6;9;B;;677;184;344;400;277;3;3;394;397
8;Barcelona;40;Vallès Occidental;08187;Sabadell;7;1;U;;733;175;363;437;296;0;5;432;437
8;Barcelona;40;Vallès Occidental;08187;Sabadell;7;2;U;;967;216;476;568;399;6;2;560;562
8;Barcelona;40;Vallès Occidental;08187;Sabadell;7;3;U;;655;332;333;365;290;0;10;355;365
8;Barcelona;40;Vallès Occidental;08187;Sabadell;7;4;U;;570;144;322;367;203;0;11;356;367
8;Barcelona;40;Vallès Occidental;08187;Sabadell;7;5;U;;783;138;345;457;326;9;17;431;448
8;Barcelona;40;Vallès Occidental;08187;Sabadell;7;6;U;;562;124;253;354;208;7;3;344;347
8;Barcelona;40;Vallès Occidental;08187;Sabadell;7;7;U;;782;203;449;509;273;4;8;497;505
8;Barcelona;40;Vallès Occidental;08187;Sabadell;7;8;U;;760;214;350;357;403;5;2;350;352
8;Barcelona;14;Berguedà;08188;Sagàs;1;1;U;;110;31;82;97;13;0;2;95;97
25;Lleida;25;Pallars Jussà;25190;Salàs de Pallars;1;1;U;;285;102;161;217;68;4;5;208;213
8;Barcelona;14;Berguedà;08190;Saldes;1;1;U;;274;75;160;209;65;8;6;195;201
17;Girona;19;Garrotxa;17154;Sales de Llierca;1;1;U;;89;23;49;64;25;0;0;64;64
8;Barcelona;7;Bages;08191;Sallent;1;1;U;;512;167;286;352;160;3;6;343;349
8;Barcelona;7;Bages;08191;Sallent;1;2;U;;510;137;283;351;159;1;8;342;350
8;Barcelona;7;Bages;08191;Sallent;1;3;A;;560;137;318;390;170;0;5;385;390
8;Barcelona;7;Bages;08191;Sallent;1;3;B;;554;174;348;413;141;1;8;404;412
8;Barcelona;7;Bages;08191;Sallent;1;4;A;;518;137;275;335;183;4;9;322;331
8;Barcelona;7;Bages;08191;Sallent;1;4;B;;525;163;318;374;151;6;10;358;368
8;Barcelona;7;Bages;08191;Sallent;1;5;A;;453;166;282;329;124;2;4;323;327
8;Barcelona;7;Bages;08191;Sallent;1;5;B;;649;217;396;486;163;2;11;473;484
8;Barcelona;7;Bages;08191;Sallent;1;6;U;;725;179;404;487;238;0;5;482;487
8;Barcelona;7;Bages;08191;Sallent;2;1;A;;148;64;86;100;48;0;2;98;100
8;Barcelona;7;Bages;08191;Sallent;2;1;B;;274;111;199;223;51;5;1;217;218
43;Tarragona;36;Tarragonès;43135;Salomó;1;1;U;;335;108;222;266;69;4;5;257;262
43;Tarragona;36;Tarragonès;43905;Salou;1;1;A;;801;210;377;467;334;6;5;456;461
43;Tarragona;36;Tarragonès;43905;Salou;1;1;B;;982;255;450;581;401;5;5;571;576
43;Tarragona;36;Tarragonès;43905;Salou;1;10;A;;644;172;309;434;210;2;4;428;432
43;Tarragona;36;Tarragonès;43905;Salou;1;10;B;;660;185;342;409;251;5;4;400;404
43;Tarragona;36;Tarragonès;43905;Salou;1;11;U;;1011;254;523;672;339;4;11;657;668
43;Tarragona;36;Tarragonès;43905;Salou;1;12;U;;836;179;410;520;316;12;9;499;508
43;Tarragona;36;Tarragonès;43905;Salou;1;2;A;;591;140;265;322;269;5;5;312;317
43;Tarragona;36;Tarragonès;43905;Salou;1;2;B;;673;140;265;321;352;3;2;316;318
43;Tarragona;36;Tarragonès;43905;Salou;1;3;U;;735;171;359;451;284;2;5;444;449
43;Tarragona;36;Tarragonès;43905;Salou;1;4;U;;886;214;383;475;411;2;2;471;473
43;Tarragona;36;Tarragonès;43905;Salou;1;5;U;;804;209;394;497;307;9;6;482;488
43;Tarragona;36;Tarragonès;43905;Salou;1;6;A;;825;144;296;396;429;2;2;392;394
43;Tarragona;36;Tarragonès;43905;Salou;1;6;B;;945;198;359;451;494;3;7;441;448
43;Tarragona;36;Tarragonès;43905;Salou;1;7;A;;700;155;313;408;292;3;3;402;405
43;Tarragona;36;Tarragonès;43905;Salou;1;7;B;;793;187;370;476;317;4;6;466;472
43;Tarragona;36;Tarragonès;43905;Salou;1;8;A;;526;124;225;312;214;6;6;300;306
43;Tarragona;36;Tarragonès;43905;Salou;1;8;B;;625;168;331;417;208;8;7;402;409
43;Tarragona;36;Tarragonès;43905;Salou;1;9;U;;830;246;442;550;280;5;14;531;545
17;Girona;20;Gironès;17155;Salt;1;1;A;;471;181;311;360;111;5;3;352;355
17;Girona;20;Gironès;17155;Salt;1;1;B;;496;183;323;369;127;6;5;358;363
17;Girona;20;Gironès;17155;Salt;1;2;U;;729;326;529;541;188;12;2;527;529
17;Girona;20;Gironès;17155;Salt;1;3;A;;655;206;357;420;235;2;5;413;418
17;Girona;20;Gironès;17155;Salt;1;3;B;;408;89;172;204;204;2;1;201;202
17;Girona;20;Gironès;17155;Salt;1;4;A;;816;202;458;555;261;10;11;534;545
17;Girona;20;Gironès;17155;Salt;1;4;B;;812;212;430;514;298;7;4;503;507
17;Girona;20;Gironès;17155;Salt;1;5;A;;533;142;245;285;248;5;9;271;280
17;Girona;20;Gironès;17155;Salt;1;5;B;;603;178;306;359;244;4;4;351;355
17;Girona;20;Gironès;17155;Salt;1;6;U;;796;222;358;430;366;1;2;427;429
17;Girona;20;Gironès;17155;Salt;1;8;U;;929;266;536;648;281;6;5;637;642
17;Girona;20;Gironès;17155;Salt;1;9;U;;689;209;442;534;155;4;6;524;530
17;Girona;20;Gironès;17155;Salt;2;1;A;;465;135;226;268;197;2;1;265;266
17;Girona;20;Gironès;17155;Salt;2;1;B;;478;152;269;317;161;5;0;312;312
17;Girona;20;Gironès;17155;Salt;2;2;U;;748;216;410;472;276;3;3;466;469
17;Girona;20;Gironès;17155;Salt;2;3;A;;472;160;243;288;184;8;3;277;280
17;Girona;20;Gironès;17155;Salt;2;3;B;;480;155;290;309;171;3;1;305;306
17;Girona;20;Gironès;17155;Salt;2;4;A;;710;206;353;421;289;4;1;416;417
17;Girona;20;Gironès;17155;Salt;2;4;B;;770;221;440;489;281;2;12;475;487
17;Girona;20;Gironès;17155;Salt;2;5;U;;694;307;358;529;165;6;0;523;523
17;Girona;20;Gironès;17155;Salt;2;6;U;;638;84;364;377;261;5;9;363;372
17;Girona;20;Gironès;17155;Salt;2;7;U;;775;220;450;472;303;4;8;460;468
25;Lleida;32;Segarra;25191;Sanaüja;1;1;U;;343;77;200;239;104;4;2;233;235
43;Tarragona;22;Montsià;43138;Santa Bàrbara;1;1;A;;267;71;139;182;85;2;5;175;180
43;Tarragona;22;Montsià;43138;Santa Bàrbara;1;1;B;;233;66;118;146;87;9;4;133;137
43;Tarragona;22;Montsià;43138;Santa Bàrbara;1;1;C;;310;76;142;204;106;3;15;186;201
43;Tarragona;22;Montsià;43138;Santa Bàrbara;1;1;D;;328;97;156;203;125;3;9;191;200
43;Tarragona;22;Montsià;43138;Santa Bàrbara;1;1;E;;361;94;158;223;138;6;9;208;217
43;Tarragona;22;Montsià;43138;Santa Bàrbara;2;1;A;;418;98;197;262;156;15;3;244;247
43;Tarragona;22;Montsià;43138;Santa Bàrbara;2;1;B;;411;116;211;269;142;7;9;253;262
43;Tarragona;22;Montsià;43138;Santa Bàrbara;2;1;C;;370;95;179;219;151;7;9;203;212
8;Barcelona;24;Osona;08243;Santa Cecília de Voltregà;1;1;U;;157;55;115;137;20;0;3;134;137
8;Barcelona;11;Baix Llobregat;08244;Santa Coloma de Cervelló;1;1;A;;490;135;261;350;140;3;6;341;347
8;Barcelona;11;Baix Llobregat;08244;Santa Coloma de Cervelló;1;1;B;;553;187;333;407;146;2;8;397;405
8;Barcelona;11;Baix Llobregat;08244;Santa Coloma de Cervelló;1;1;C;;610;182;351;452;158;7;11;434;445
8;Barcelona;11;Baix Llobregat;08244;Santa Coloma de Cervelló;1;2;U;;594;225;384;466;128;1;6;459;465
8;Barcelona;11;Baix Llobregat;08244;Santa Coloma de Cervelló;1;3;A;;502;163;293;381;121;8;7;366;373
8;Barcelona;11;Baix Llobregat;08244;Santa Coloma de Cervelló;1;3;B;;647;218;368;512;135;11;13;488;501
8;Barcelona;11;Baix Llobregat;08244;Santa Coloma de Cervelló;1;3;C;;524;147;277;393;131;5;10;378;388
8;Barcelona;11;Baix Llobregat;08244;Santa Coloma de Cervelló;1;4;A;;623;174;348;413;210;4;2;407;409
8;Barcelona;11;Baix Llobregat;08244;Santa Coloma de Cervelló;1;4;B;;695;171;349;444;251;0;0;444;444
8;Barcelona;11;Baix Llobregat;08244;Santa Coloma de Cervelló;1;5;U;;553;173;305;375;178;5;5;365;370
17;Girona;34;Selva;17180;Santa Coloma de Farners;1;1;A;;758;200;400;518;240;2;5;511;516
17;Girona;34;Selva;17180;Santa Coloma de Farners;1;1;B;;700;185;371;495;205;3;1;491;492
17;Girona;34;Selva;17180;Santa Coloma de Farners;1;2;A;;506;183;314;377;129;3;9;365;374
17;Girona;34;Selva;17180;Santa Coloma de Farners;1;2;B;;504;196;316;383;121;4;3;376;379
17;Girona;34;Selva;17180;Santa Coloma de Farners;1;3;A;;729;245;415;527;202;3;8;516;524
17;Girona;34;Selva;17180;Santa Coloma de Farners;1;3;B;;701;210;385;482;219;6;8;468;476
17;Girona;34;Selva;17180;Santa Coloma de Farners;1;4;A;;833;230;625;645;188;2;2;641;643
17;Girona;34;Selva;17180;Santa Coloma de Farners;1;4;B;;896;218;558;685;211;5;14;666;680
17;Girona;34;Selva;17180;Santa Coloma de Farners;1;5;A;;662;172;363;460;202;3;3;454;457
17;Girona;34;Selva;17180;Santa Coloma de Farners;1;5;B;;598;182;344;436;162;2;6;428;434
17;Girona;34;Selva;17180;Santa Coloma de Farners;1;6;A;;565;148;273;337;228;4;2;331;333
17;Girona;34;Selva;17180;Santa Coloma de Farners;1;6;B;;641;163;310;385;256;2;7;376;383
8;Barcelona;13;Barcelonès;08245;Santa Coloma de Gramenet;1;1;U;;810;276;533;646;164;6;9;631;640
8;Barcelona;13;Barcelonès;08245;Santa Coloma de Gramenet;1;10;A;;480;115;228;288;192;4;5;279;284
8;Barcelona;13;Barcelonès;08245;Santa Coloma de Gramenet;1;10;B;;508;172;259;326;182;0;6;320;326
8;Barcelona;13;Barcelonès;08245;Santa Coloma de Gramenet;1;11;A;;386;109;203;250;136;4;2;244;246
8;Barcelona;13;Barcelonès;08245;Santa Coloma de Gramenet;1;11;B;;399;112;217;266;133;5;2;259;261
8;Barcelona;13;Barcelonès;08245;Santa Coloma de Gramenet;1;12;U;;620;179;357;442;178;5;12;425;437
8;Barcelona;13;Barcelonès;08245;Santa Coloma de Gramenet;1;13;A;;410;127;237;290;120;3;2;285;287
8;Barcelona;13;Barcelonès;08245;Santa Coloma de Gramenet;1;13;B;;531;154;314;387;144;10;9;368;377
8;Barcelona;13;Barcelonès;08245;Santa Coloma de Gramenet;1;13;C;;499;167;296;364;135;7;6;351;357
8;Barcelona;13;Barcelonès;08245;Santa Coloma de Gramenet;1;14;U;;847;201;470;617;230;7;14;596;610
8;Barcelona;13;Barcelonès;08245;Santa Coloma de Gramenet;1;15;U;;602;181;320;406;196;7;3;396;399
8;Barcelona;13;Barcelonès;08245;Santa Coloma de Gramenet;1;16;U;;674;194;392;487;187;3;19;465;484
8;Barcelona;13;Barcelonès;08245;Santa Coloma de Gramenet;1;17;A;;567;154;276;359;208;7;1;351;352
8;Barcelona;13;Barcelonès;08245;Santa Coloma de Gramenet;1;17;B;;649;202;337;422;227;6;6;410;416
8;Barcelona;13;Barcelonès;08245;Santa Coloma de Gramenet;1;18;A;;497;151;263;335;162;4;5;326;331
8;Barcelona;13;Barcelonès;08245;Santa Coloma de Gramenet;1;18;B;;524;159;277;360;164;4;5;351;356
8;Barcelona;13;Barcelonès;08245;Santa Coloma de Gramenet;1;19;A;;498;133;264;335;163;5;7;323;330
8;Barcelona;13;Barcelonès;08245;Santa Coloma de Gramenet;1;19;B;;582;188;327;392;190;2;5;385;390
8;Barcelona;13;Barcelonès;08245;Santa Coloma de Gramenet;1;2;U;;692;225;394;491;201;3;5;483;488
8;Barcelona;13;Barcelonès;08245;Santa Coloma de Gramenet;1;3;A;;412;141;223;269;143;3;1;265;266
8;Barcelona;13;Barcelonès;08245;Santa Coloma de Gramenet;1;3;B;;483;156;267;318;165;7;5;306;311
8;Barcelona;13;Barcelonès;08245;Santa Coloma de Gramenet;1;4;U;;584;179;312;374;210;4;2;368;370
8;Barcelona;13;Barcelonès;08245;Santa Coloma de Gramenet;1;5;U;;618;189;336;421;197;3;2;416;418
8;Barcelona;13;Barcelonès;08245;Santa Coloma de Gramenet;1;6;U;;590;164;317;375;215;2;5;368;373
8;Barcelona;13;Barcelonès;08245;Santa Coloma de Gramenet;1;7;U;;446;145;227;266;180;1;6;259;265
8;Barcelona;13;Barcelonès;08245;Santa Coloma de Gramenet;1;8;U;;445;142;218;272;173;2;2;268;270
8;Barcelona;13;Barcelonès;08245;Santa Coloma de Gramenet;1;9;A;;402;107;191;256;146;1;5;250;255
8;Barcelona;13;Barcelonès;08245;Santa Coloma de Gramenet;1;9;B;;493;149;246;315;178;2;6;307;313
8;Barcelona;13;Barcelonès;08245;Santa Coloma de Gramenet;2;1;U;;732;207;430;523;209;8;11;504;515
8;Barcelona;13;Barcelonès;08245;Santa Coloma de Gramenet;2;10;U;;554;151;262;338;216;5;3;330;333
8;Barcelona;13;Barcelonès;08245;Santa Coloma de Gramenet;2;11;A;;438;116;218;264;174;3;6;255;261
8;Barcelona;13;Barcelonès;08245;Santa Coloma de Gramenet;2;11;B;;512;130;251;305;207;7;0;298;298
8;Barcelona;13;Barcelonès;08245;Santa Coloma de Gramenet;2;2;A;;351;109;202;254;97;2;3;249;252
8;Barcelona;13;Barcelonès;08245;Santa Coloma de Gramenet;2;2;B;;401;126;231;279;122;1;4;274;278
8;Barcelona;13;Barcelonès;08245;Santa Coloma de Gramenet;2;2;C;;406;119;230;280;126;1;4;275;279
8;Barcelona;13;Barcelonès;08245;Santa Coloma de Gramenet;2;3;A;;584;141;282;351;233;2;5;344;349
8;Barcelona;13;Barcelonès;08245;Santa Coloma de Gramenet;2;3;B;;671;150;292;390;281;7;6;377;383
8;Barcelona;13;Barcelonès;08245;Santa Coloma de Gramenet;2;4;A;;369;106;190;226;143;0;4;222;226
8;Barcelona;13;Barcelonès;08245;Santa Coloma de Gramenet;2;4;B;;445;127;219;277;168;2;4;271;275
8;Barcelona;13;Barcelonès;08245;Santa Coloma de Gramenet;2;5;A;;428;142;239;284;144;3;5;276;281
8;Barcelona;13;Barcelonès;08245;Santa Coloma de Gramenet;2;5;B;;438;152;218;290;148;2;1;287;288
8;Barcelona;13;Barcelonès;08245;Santa Coloma de Gramenet;2;6;A;;412;113;215;263;149;1;3;259;262
8;Barcelona;13;Barcelonès;08245;Santa Coloma de Gramenet;2;6;B;;477;147;263;312;165;3;5;304;309
8;Barcelona;13;Barcelonès;08245;Santa Coloma de Gramenet;2;7;A;;471;138;238;296;175;2;6;288;294
8;Barcelona;13;Barcelonès;08245;Santa Coloma de Gramenet;2;7;B;;526;136;272;345;181;4;10;331;341
8;Barcelona;13;Barcelonès;08245;Santa Coloma de Gramenet;2;7;C;;527;151;272;335;192;6;10;319;329
8;Barcelona;13;Barcelonès;08245;Santa Coloma de Gramenet;2;8;A;;459;121;239;302;157;1;4;297;301
8;Barcelona;13;Barcelonès;08245;Santa Coloma de Gramenet;2;8;B;;562;158;298;377;185;1;10;366;376
8;Barcelona;13;Barcelonès;08245;Santa Coloma de Gramenet;2;9;A;;421;108;198;248;173;4;2;242;244
8;Barcelona;13;Barcelonès;08245;Santa Coloma de Gramenet;2;9;B;;439;119;207;279;160;4;4;271;275
8;Barcelona;13;Barcelonès;08245;Santa Coloma de Gramenet;3;1;U;;602;138;308;389;213;4;7;378;385
8;Barcelona;13;Barcelonès;08245;Santa Coloma de Gramenet;3;10;U;;546;157;305;383;163;3;1;379;380
8;Barcelona;13;Barcelonès;08245;Santa Coloma de Gramenet;3;11;U;;860;204;461;585;275;5;13;567;580
8;Barcelona;13;Barcelonès;08245;Santa Coloma de Gramenet;3;12;A;;511;120;266;354;157;3;5;346;351
8;Barcelona;13;Barcelonès;08245;Santa Coloma de Gramenet;3;12;B;;638;168;327;429;209;5;7;417;424
8;Barcelona;13;Barcelonès;08245;Santa Coloma de Gramenet;3;13;A;;374;109;194;242;132;1;3;238;241
8;Barcelona;13;Barcelonès;08245;Santa Coloma de Gramenet;3;13;B;;472;150;267;316;156;0;3;313;316
8;Barcelona;13;Barcelonès;08245;Santa Coloma de Gramenet;3;13;C;;485;163;273;330;155;3;1;326;327
8;Barcelona;13;Barcelonès;08245;Santa Coloma de Gramenet;3;14;A;;455;96;200;259;196;1;6;252;258
8;Barcelona;13;Barcelonès;08245;Santa Coloma de Gramenet;3;14;B;;501;104;247;293;208;3;4;286;290
8;Barcelona;13;Barcelonès;08245;Santa Coloma de Gramenet;3;15;A;;463;108;244;319;144;3;3;313;316
8;Barcelona;13;Barcelonès;08245;Santa Coloma de Gramenet;3;15;B;;558;132;286;371;187;5;7;359;366
8;Barcelona;13;Barcelonès;08245;Santa Coloma de Gramenet;3;16;U;;709;216;369;453;256;4;3;446;449
8;Barcelona;13;Barcelonès;08245;Santa Coloma de Gramenet;3;17;U;;538;174;281;334;204;3;3;328;331
8;Barcelona;13;Barcelonès;08245;Santa Coloma de Gramenet;3;2;U;;575;160;283;348;227;7;8;333;341
8;Barcelona;13;Barcelonès;08245;Santa Coloma de Gramenet;3;3;U;;680;184;258;444;236;4;4;436;440
8;Barcelona;13;Barcelonès;08245;Santa Coloma de Gramenet;3;4;A;;383;92;190;228;155;1;8;219;227
8;Barcelona;13;Barcelonès;08245;Santa Coloma de Gramenet;3;4;B;;435;117;217;254;181;3;5;246;251
8;Barcelona;13;Barcelonès;08245;Santa Coloma de Gramenet;3;5;A;;367;96;165;194;173;1;6;187;193
8;Barcelona;13;Barcelonès;08245;Santa Coloma de Gramenet;3;5;B;;491;116;211;256;235;1;10;245;255
8;Barcelona;13;Barcelonès;08245;Santa Coloma de Gramenet;3;6;A;;358;103;180;235;123;3;4;228;232
8;Barcelona;13;Barcelonès;08245;Santa Coloma de Gramenet;3;6;B;;495;133;254;322;173;7;1;314;315
8;Barcelona;13;Barcelonès;08245;Santa Coloma de Gramenet;3;7;A;;399;117;218;267;132;7;6;254;260
8;Barcelona;13;Barcelonès;08245;Santa Coloma de Gramenet;3;7;B;;524;156;283;363;161;5;7;351;358
8;Barcelona;13;Barcelonès;08245;Santa Coloma de Gramenet;3;7;C;;460;121;233;304;156;2;0;302;302
8;Barcelona;13;Barcelonès;08245;Santa Coloma de Gramenet;3;8;U;;616;164;326;439;177;1;6;432;438
8;Barcelona;13;Barcelonès;08245;Santa Coloma de Gramenet;3;9;U;;1140;245;573;715;425;9;15;691;706
8;Barcelona;13;Barcelonès;08245;Santa Coloma de Gramenet;4;1;U;;828;241;431;536;292;9;11;516;527
8;Barcelona;13;Barcelonès;08245;Santa Coloma de Gramenet;4;10;A;;425;129;229;280;145;3;8;269;277
8;Barcelona;13;Barcelonès;08245;Santa Coloma de Gramenet;4;10;B;;495;148;275;324;171;3;1;320;321
8;Barcelona;13;Barcelonès;08245;Santa Coloma de Gramenet;4;11;A;;351;90;187;229;122;3;2;224;226
8;Barcelona;13;Barcelonès;08245;Santa Coloma de Gramenet;4;11;B;;409;115;228;281;128;7;7;267;274
8;Barcelona;13;Barcelonès;08245;Santa Coloma de Gramenet;4;12;A;;326;87;167;204;122;0;3;201;204
8;Barcelona;13;Barcelonès;08245;Santa Coloma de Gramenet;4;12;B;;412;109;229;282;130;3;7;272;279
8;Barcelona;13;Barcelonès;08245;Santa Coloma de Gramenet;4;13;A;;387;123;201;244;143;2;4;238;242
8;Barcelona;13;Barcelonès;08245;Santa Coloma de Gramenet;4;13;B;;451;176;254;314;137;5;8;301;309
8;Barcelona;13;Barcelonès;08245;Santa Coloma de Gramenet;4;14;A;;378;110;214;254;124;1;2;251;253
8;Barcelona;13;Barcelonès;08245;Santa Coloma de Gramenet;4;14;B;;448;131;265;310;138;3;3;304;307
8;Barcelona;13;Barcelonès;08245;Santa Coloma de Gramenet;4;14;C;;475;155;271;331;144;3;6;322;328
8;Barcelona;13;Barcelonès;08245;Santa Coloma de Gramenet;4;15;A;;428;125;213;263;165;1;7;255;262
8;Barcelona;13;Barcelonès;08245;Santa Coloma de Gramenet;4;15;B;;563;175;291;341;222;1;3;337;340
8;Barcelona;13;Barcelonès;08245;Santa Coloma de Gramenet;4;16;A;;482;148;248;318;164;3;2;313;315
8;Barcelona;13;Barcelonès;08245;Santa Coloma de Gramenet;4;16;B;;640;178;328;407;233;8;6;393;399
8;Barcelona;13;Barcelonès;08245;Santa Coloma de Gramenet;4;2;A;;455;149;267;329;126;3;4;322;326
8;Barcelona;13;Barcelonès;08245;Santa Coloma de Gramenet;4;2;B;;463;143;266;328;135;3;4;321;325
8;Barcelona;13;Barcelonès;08245;Santa Coloma de Gramenet;4;3;A;;574;168;298;391;183;4;11;376;387
8;Barcelona;13;Barcelonès;08245;Santa Coloma de Gramenet;4;3;B;;652;185;339;435;217;2;6;427;433
8;Barcelona;13;Barcelonès;08245;Santa Coloma de Gramenet;4;4;A;;554;151;306;386;168;4;9;373;382
8;Barcelona;13;Barcelonès;08245;Santa Coloma de Gramenet;4;4;B;;659;180;357;458;201;2;11;445;456
8;Barcelona;13;Barcelonès;08245;Santa Coloma de Gramenet;4;5;U;;802;198;427;555;247;2;11;542;553
8;Barcelona;13;Barcelonès;08245;Santa Coloma de Gramenet;4;6;A;;480;136;256;315;165;3;3;309;312
8;Barcelona;13;Barcelonès;08245;Santa Coloma de Gramenet;4;6;B;;562;144;284;363;199;4;2;357;359
8;Barcelona;13;Barcelonès;08245;Santa Coloma de Gramenet;4;7;A;;513;134;291;352;161;1;3;348;351
8;Barcelona;13;Barcelonès;08245;Santa Coloma de Gramenet;4;7;B;;635;183;342;417;218;6;8;403;411
8;Barcelona;13;Barcelonès;08245;Santa Coloma de Gramenet;4;8;A;;334;114;200;243;91;0;3;240;243
8;Barcelona;13;Barcelonès;08245;Santa Coloma de Gramenet;4;8;B;;420;125;234;296;124;1;9;286;295
8;Barcelona;13;Barcelonès;08245;Santa Coloma de Gramenet;4;8;C;;505;136;263;327;178;1;4;322;326
8;Barcelona;13;Barcelonès;08245;Santa Coloma de Gramenet;4;9;A;;577;170;346;404;173;2;8;394;402
8;Barcelona;13;Barcelonès;08245;Santa Coloma de Gramenet;4;9;B;;602;182;350;422;180;8;8;406;414
8;Barcelona;13;Barcelonès;08245;Santa Coloma de Gramenet;5;1;U;;583;156;278;338;245;0;1;337;338
8;Barcelona;13;Barcelonès;08245;Santa Coloma de Gramenet;5;10;U;;456;139;212;278;178;7;2;269;271
8;Barcelona;13;Barcelonès;08245;Santa Coloma de Gramenet;5;11;A;;425;98;181;224;201;4;2;218;220
8;Barcelona;13;Barcelonès;08245;Santa Coloma de Gramenet;5;11;B;;462;95;174;225;237;1;4;220;224
8;Barcelona;13;Barcelonès;08245;Santa Coloma de Gramenet;5;12;U;;751;178;348;423;328;5;12;406;418
8;Barcelona;13;Barcelonès;08245;Santa Coloma de Gramenet;5;13;A;;406;101;181;220;186;3;4;213;217
8;Barcelona;13;Barcelonès;08245;Santa Coloma de Gramenet;5;13;B;;425;91;192;250;175;6;6;238;244
8;Barcelona;13;Barcelonès;08245;Santa Coloma de Gramenet;5;14;A;;454;118;222;267;187;3;5;259;264
8;Barcelona;13;Barcelonès;08245;Santa Coloma de Gramenet;5;14;B;;529;132;262;326;203;2;9;315;324
8;Barcelona;13;Barcelonès;08245;Santa Coloma de Gramenet;5;15;A;;413;91;175;228;185;0;4;224;228
8;Barcelona;13;Barcelonès;08245;Santa Coloma de Gramenet;5;15;B;;511;110;224;275;236;1;4;270;274
8;Barcelona;13;Barcelonès;08245;Santa Coloma de Gramenet;5;16;U;;806;175;410;500;306;2;7;491;498
8;Barcelona;13;Barcelonès;08245;Santa Coloma de Gramenet;5;17;U;;509;118;200;244;265;2;3;239;242
8;Barcelona;13;Barcelonès;08245;Santa Coloma de Gramenet;5;18;A;;335;52;106;130;205;1;1;128;129
8;Barcelona;13;Barcelonès;08245;Santa Coloma de Gramenet;5;18;B;;271;60;107;131;140;1;3;127;130
8;Barcelona;13;Barcelonès;08245;Santa Coloma de Gramenet;5;19;U;;839;256;442;525;314;2;6;517;523
8;Barcelona;13;Barcelonès;08245;Santa Coloma de Gramenet;5;2;A;;420;103;228;271;149;2;0;269;269
8;Barcelona;13;Barcelonès;08245;Santa Coloma de Gramenet;5;2;B;;516;148;267;319;197;4;1;314;315
8;Barcelona;13;Barcelonès;08245;Santa Coloma de Gramenet;5;3;U;;677;220;364;433;244;6;4;423;427
8;Barcelona;13;Barcelonès;08245;Santa Coloma de Gramenet;5;4;U;;583;176;316;370;213;3;14;353;367
8;Barcelona;13;Barcelonès;08245;Santa Coloma de Gramenet;5;5;A;;382;94;160;199;183;2;2;195;197
8;Barcelona;13;Barcelonès;08245;Santa Coloma de Gramenet;5;5;B;;409;107;169;196;213;2;2;192;194
8;Barcelona;13;Barcelonès;08245;Santa Coloma de Gramenet;5;6;U;;621;180;322;383;238;1;6;376;382
8;Barcelona;13;Barcelonès;08245;Santa Coloma de Gramenet;5;7;A;;343;102;186;228;115;3;3;222;225
8;Barcelona;13;Barcelonès;08245;Santa Coloma de Gramenet;5;7;B;;361;102;196;241;120;3;3;235;238
8;Barcelona;13;Barcelonès;08245;Santa Coloma de Gramenet;5;8;U;;559;135;240;309;250;3;2;304;306
8;Barcelona;13;Barcelonès;08245;Santa Coloma de Gramenet;5;9;U;;783;195;375;445;338;7;6;432;438
8;Barcelona;13;Barcelonès;08245;Santa Coloma de Gramenet;6;1;U;;474;143;270;319;155;6;2;311;313
8;Barcelona;13;Barcelonès;08245;Santa Coloma de Gramenet;6;10;U;;471;107;181;214;257;1;0;213;213
8;Barcelona;13;Barcelonès;08245;Santa Coloma de Gramenet;6;11;U;;449;126;207;246;203;0;3;243;246
8;Barcelona;13;Barcelonès;08245;Santa Coloma de Gramenet;6;12;U;;462;144;233;289;173;0;4;285;289
8;Barcelona;13;Barcelonès;08245;Santa Coloma de Gramenet;6;13;U;;254;70;118;146;108;0;5;141;146
8;Barcelona;13;Barcelonès;08245;Santa Coloma de Gramenet;6;14;A;;299;100;137;164;135;0;0;164;164
8;Barcelona;13;Barcelonès;08245;Santa Coloma de Gramenet;6;14;B;;386;116;193;229;157;0;5;224;229
8;Barcelona;13;Barcelonès;08245;Santa Coloma de Gramenet;6;15;U;;288;74;115;148;140;1;6;141;147
8;Barcelona;13;Barcelonès;08245;Santa Coloma de Gramenet;6;16;U;;269;52;93;108;161;3;0;105;105
8;Barcelona;13;Barcelonès;08245;Santa Coloma de Gramenet;6;17;U;;427;112;165;197;230;1;7;189;196
8;Barcelona;13;Barcelonès;08245;Santa Coloma de Gramenet;6;2;U;;613;184;224;394;219;3;6;385;391
8;Barcelona;13;Barcelonès;08245;Santa Coloma de Gramenet;6;3;A;;295;84;143;172;123;3;2;167;169
8;Barcelona;13;Barcelonès;08245;Santa Coloma de Gramenet;6;3;B;;330;103;165;194;136;3;2;189;191
8;Barcelona;13;Barcelonès;08245;Santa Coloma de Gramenet;6;4;A;;263;74;138;163;100;0;3;160;163
8;Barcelona;13;Barcelonès;08245;Santa Coloma de Gramenet;6;4;B;;374;107;185;224;150;3;4;217;221
8;Barcelona;13;Barcelonès;08245;Santa Coloma de Gramenet;6;5;U;;610;167;307;405;205;10;2;393;395
8;Barcelona;13;Barcelonès;08245;Santa Coloma de Gramenet;6;6;U;;471;151;239;292;179;2;2;288;290
8;Barcelona;13;Barcelonès;08245;Santa Coloma de Gramenet;6;7;U;;295;86;155;183;112;9;0;174;174
8;Barcelona;13;Barcelonès;08245;Santa Coloma de Gramenet;6;8;A;;348;110;188;225;123;0;4;221;225
8;Barcelona;13;Barcelonès;08245;Santa Coloma de Gramenet;6;8;B;;343;104;194;228;115;2;3;223;226
8;Barcelona;13;Barcelonès;08245;Santa Coloma de Gramenet;6;9;U;;365;92;184;227;138;0;0;227;227
43;Tarragona;16;Conca de Barberà;43139;Santa Coloma de Queralt;1;1;A;;622;125;334;443;179;1;3;439;442
43;Tarragona;16;Conca de Barberà;43139;Santa Coloma de Queralt;1;1;B;;695;171;362;510;185;3;5;502;507
43;Tarragona;16;Conca de Barberà;43139;Santa Coloma de Queralt;2;1;U;;816;216;455;613;203;0;9;604;613
17;Girona;10;Baix Empordà;17181;Santa Cristina d'Aro;1;1;A;;799;236;477;549;250;10;7;532;539
17;Girona;10;Baix Empordà;17181;Santa Cristina d'Aro;1;1;B;;856;226;504;586;270;12;5;569;574
17;Girona;10;Baix Empordà;17181;Santa Cristina d'Aro;1;2;A;;783;282;474;569;214;4;2;563;565
17;Girona;10;Baix Empordà;17181;Santa Cristina d'Aro;1;2;B;;848;281;492;601;247;6;9;586;595
8;Barcelona;13;Barcelonès;08194;Sant Adrià de Besòs;1;1;A;;516;130;269;341;175;5;1;335;336
8;Barcelona;13;Barcelonès;08194;Sant Adrià de Besòs;1;1;B;;613;186;339;415;198;6;3;406;409
8;Barcelona;13;Barcelonès;08194;Sant Adrià de Besòs;1;2;A;;530;185;330;390;140;1;9;380;389
8;Barcelona;13;Barcelonès;08194;Sant Adrià de Besòs;1;2;B;;642;174;339;441;201;2;6;433;439
8;Barcelona;13;Barcelonès;08194;Sant Adrià de Besòs;1;3;A;;615;175;330;416;199;0;7;409;416
8;Barcelona;13;Barcelonès;08194;Sant Adrià de Besòs;1;3;B;;736;200;384;486;250;4;5;477;482
8;Barcelona;13;Barcelonès;08194;Sant Adrià de Besòs;1;4;A;;621;195;366;441;180;2;7;432;439
8;Barcelona;13;Barcelonès;08194;Sant Adrià de Besòs;1;4;B;;682;211;376;471;211;6;7;458;465
8;Barcelona;13;Barcelonès;08194;Sant Adrià de Besòs;1;5;A;;742;193;388;492;250;7;8;477;485
8;Barcelona;13;Barcelonès;08194;Sant Adrià de Besòs;1;5;B;;755;203;403;514;241;4;3;507;510
8;Barcelona;13;Barcelonès;08194;Sant Adrià de Besòs;1;6;A;;475;138;253;313;162;5;5;303;308
8;Barcelona;13;Barcelonès;08194;Sant Adrià de Besòs;1;6;B;;573;156;316;386;187;2;5;379;384
8;Barcelona;13;Barcelonès;08194;Sant Adrià de Besòs;2;1;A;;539;140;266;338;201;3;7;328;335
8;Barcelona;13;Barcelonès;08194;Sant Adrià de Besòs;2;1;B;;631;170;314;400;231;3;4;393;397
8;Barcelona;13;Barcelonès;08194;Sant Adrià de Besòs;2;2;A;;563;143;271;334;229;1;5;328;333
8;Barcelona;13;Barcelonès;08194;Sant Adrià de Besòs;2;2;B;;693;190;315;401;292;7;6;388;394
8;Barcelona;13;Barcelonès;08194;Sant Adrià de Besòs;2;3;A;;529;129;263;331;198;1;5;325;330
8;Barcelona;13;Barcelonès;08194;Sant Adrià de Besòs;2;3;B;;724;161;344;456;268;2;5;449;454
8;Barcelona;13;Barcelonès;08194;Sant Adrià de Besòs;2;4;A;;615;157;336;402;213;1;6;395;401
8;Barcelona;13;Barcelonès;08194;Sant Adrià de Besòs;2;4;B;;772;243;437;520;252;8;7;505;512
8;Barcelona;13;Barcelonès;08194;Sant Adrià de Besòs;2;5;A;;676;188;375;489;187;5;8;476;484
8;Barcelona;13;Barcelonès;08194;Sant Adrià de Besòs;2;5;B;;689;168;367;478;211;1;9;468;477
8;Barcelona;13;Barcelonès;08194;Sant Adrià de Besòs;3;1;U;;425;108;219;267;158;0;5;262;267
8;Barcelona;13;Barcelonès;08194;Sant Adrià de Besòs;4;1;U;;352;125;195;242;110;0;5;237;242
8;Barcelona;13;Barcelonès;08194;Sant Adrià de Besòs;5;1;A;;527;153;272;339;188;6;4;329;333
8;Barcelona;13;Barcelonès;08194;Sant Adrià de Besòs;5;1;B;;595;174;327;398;197;6;1;391;392
8;Barcelona;13;Barcelonès;08194;Sant Adrià de Besòs;5;2;A;;523;160;283;329;194;3;6;320;326
8;Barcelona;13;Barcelonès;08194;Sant Adrià de Besòs;5;2;B;;606;169;308;369;237;6;4;359;363
8;Barcelona;13;Barcelonès;08194;Sant Adrià de Besòs;5;3;U;;671;221;368;430;241;5;5;420;425
8;Barcelona;13;Barcelonès;08194;Sant Adrià de Besòs;5;4;A;;456;141;259;318;138;6;8;304;312
8;Barcelona;13;Barcelonès;08194;Sant Adrià de Besòs;5;4;B;;475;134;262;320;155;1;2;317;319
8;Barcelona;13;Barcelonès;08194;Sant Adrià de Besòs;6;1;U;;356;72;121;151;205;4;1;146;147
8;Barcelona;13;Barcelonès;08194;Sant Adrià de Besòs;6;2;A;;552;82;132;170;382;2;5;163;168
8;Barcelona;13;Barcelonès;08194;Sant Adrià de Besòs;6;2;B;;479;88;138;175;304;4;3;168;171
8;Barcelona;13;Barcelonès;08194;Sant Adrià de Besòs;6;3;U;;503;85;127;167;336;5;1;161;162
8;Barcelona;13;Barcelonès;08194;Sant Adrià de Besòs;6;4;A;;864;95;179;209;655;2;4;203;207
8;Barcelona;13;Barcelonès;08194;Sant Adrià de Besòs;6;4;B;;494;87;140;174;320;4;2;168;170
8;Barcelona;13;Barcelonès;08194;Sant Adrià de Besòs;6;5;A;;462;116;202;243;219;3;5;235;240
8;Barcelona;13;Barcelonès;08194;Sant Adrià de Besòs;6;5;B;;477;115;202;246;231;1;2;243;245
8;Barcelona;13;Barcelonès;08194;Sant Adrià de Besòs;6;6;A;;616;81;149;185;431;1;0;184;184
8;Barcelona;13;Barcelonès;08194;Sant Adrià de Besòs;6;6;B;;495;86;146;181;314;0;2;179;181
8;Barcelona;13;Barcelonès;08194;Sant Adrià de Besòs;6;7;A;;529;133;240;316;213;2;1;313;314
8;Barcelona;13;Barcelonès;08194;Sant Adrià de Besòs;6;7;B;;537;156;259;318;219;3;2;313;315
8;Barcelona;24;Osona;08246;Santa Eugènia de Berga;1;1;A;;819;264;537;646;173;1;7;638;645
8;Barcelona;24;Osona;08246;Santa Eugènia de Berga;1;1;B;;907;329;625;749;158;7;5;737;742
8;Barcelona;24;Osona;08247;Santa Eulàlia de Riuprimer;1;1;U;;919;305;606;760;159;2;7;751;758
8;Barcelona;41;Vallès Oriental;08248;Santa Eulàlia de Ronçana;1;1;A;;838;250;517;621;217;9;9;603;612
8;Barcelona;41;Vallès Oriental;08248;Santa Eulàlia de Ronçana;1;1;B;;972;293;556;669;303;10;9;650;659
8;Barcelona;41;Vallès Oriental;08248;Santa Eulàlia de Ronçana;1;1;C;;867;251;494;602;265;6;9;587;596
8;Barcelona;41;Vallès Oriental;08248;Santa Eulàlia de Ronçana;1;2;A;;866;300;501;617;249;12;13;592;605
8;Barcelona;41;Vallès Oriental;08248;Santa Eulàlia de Ronçana;1;2;B;;933;288;407;617;316;5;5;607;612
8;Barcelona;41;Vallès Oriental;08248;Santa Eulàlia de Ronçana;1;2;C;;821;255;480;580;241;2;8;570;578
8;Barcelona;3;Alt Penedès;08249;Santa Fe del Penedès;1;1;U;;268;95;195;237;31;2;2;233;235
8;Barcelona;24;Osona;08195;Sant Agustí de Lluçanès;1;1;U;;86;30;53;73;13;0;1;72;73
17;Girona;2;Alt Empordà;17182;Santa Llogaia d'Àlguema;1;1;U;;257;82;158;197;60;0;3;194;197
8;Barcelona;6;Anoia;08250;Santa Margarida de Montbui;1;1;U;;681;163;445;551;130;4;9;538;547
8;Barcelona;6;Anoia;08250;Santa Margarida de Montbui;1;2;A;;807;205;384;485;322;10;9;466;475
8;Barcelona;6;Anoia;08250;Santa Margarida de Montbui;1;2;B;;772;231;396;475;297;8;13;454;467
8;Barcelona;6;Anoia;08250;Santa Margarida de Montbui;1;3;U;;872;223;445;571;301;3;27;541;568
8;Barcelona;6;Anoia;08250;Santa Margarida de Montbui;1;4;U;;707;196;367;496;211;2;13;481;494
8;Barcelona;6;Anoia;08250;Santa Margarida de Montbui;1;5;A;;598;154;282;367;231;11;2;354;356
8;Barcelona;6;Anoia;08250;Santa Margarida de Montbui;1;5;B;;663;181;313;403;260;8;8;387;395
8;Barcelona;6;Anoia;08250;Santa Margarida de Montbui;1;5;C;;593;153;307;380;213;4;7;369;376
8;Barcelona;6;Anoia;08250;Santa Margarida de Montbui;1;6;U;;811;178;323;433;378;2;5;426;431
8;Barcelona;6;Anoia;08250;Santa Margarida de Montbui;1;7;U;;569;160;296;374;195;1;10;363;373
8;Barcelona;3;Alt Penedès;08251;Santa Margarida i els Monjos;1;1;U;;909;254;541;667;242;6;4;657;661
8;Barcelona;3;Alt Penedès;08251;Santa Margarida i els Monjos;1;2;U;;1101;329;634;802;299;9;6;787;793
8;Barcelona;3;Alt Penedès;08251;Santa Margarida i els Monjos;1;3;A;;751;225;412;498;253;0;8;490;498
8;Barcelona;3;Alt Penedès;08251;Santa Margarida i els Monjos;1;3;B;;938;273;513;640;298;2;13;625;638
8;Barcelona;3;Alt Penedès;08251;Santa Margarida i els Monjos;1;4;A;;525;139;285;341;184;6;6;329;335
8;Barcelona;3;Alt Penedès;08251;Santa Margarida i els Monjos;1;4;B;;635;209;343;417;218;4;15;398;413
8;Barcelona;;;08258;Santa Maria d'Oló;1;1;U;;836;214;547;691;145;3;6;682;688
8;Barcelona;24;Osona;08253;Santa Maria de Besora;1;1;U;;136;61;95;114;22;0;2;112;114
8;Barcelona;41;Vallès Oriental;08256;Santa Maria de Martorelles;1;1;U;;656;213;396;499;157;1;9;489;498
8;Barcelona;14;Berguedà;08255;Santa Maria de Merlès;1;1;U;;138;30;64;98;40;0;0;98;98
8;Barcelona;6;Anoia;08257;Santa Maria de Miralles;1;1;U;;112;34;67;93;19;0;1;92;93
8;Barcelona;41;Vallès Oriental;08259;Santa Maria de Palautordera;1;1;A;;663;218;414;490;173;1;10;479;489
8;Barcelona;41;Vallès Oriental;08259;Santa Maria de Palautordera;1;1;B;;688;221;422;508;180;2;12;494;506
8;Barcelona;41;Vallès Oriental;08259;Santa Maria de Palautordera;1;1;C;;660;206;426;499;161;2;8;489;497
8;Barcelona;41;Vallès Oriental;08259;Santa Maria de Palautordera;1;2;A;;718;270;514;591;127;3;12;576;588
8;Barcelona;41;Vallès Oriental;08259;Santa Maria de Palautordera;1;2;B;;781;282;496;591;190;3;5;583;588
8;Barcelona;41;Vallès Oriental;08259;Santa Maria de Palautordera;1;2;C;;791;370;549;652;139;3;3;646;649
8;Barcelona;41;Vallès Oriental;08259;Santa Maria de Palautordera;1;2;D;;442;134;247;284;158;1;5;278;283
8;Barcelona;41;Vallès Oriental;08259;Santa Maria de Palautordera;1;3;A;;343;125;204;244;99;2;3;239;242
8;Barcelona;41;Vallès Oriental;08259;Santa Maria de Palautordera;1;3;B;;387;117;221;283;104;3;6;274;280
8;Barcelona;41;Vallès Oriental;08259;Santa Maria de Palautordera;1;3;C;;437;120;273;342;95;3;7;332;339
8;Barcelona;41;Vallès Oriental;08259;Santa Maria de Palautordera;1;3;D;;507;153;309;389;118;4;7;378;385
8;Barcelona;11;Baix Llobregat;08196;Sant Andreu de la Barca;1;1;A;;679;181;316;403;276;5;4;394;398
8;Barcelona;11;Baix Llobregat;08196;Sant Andreu de la Barca;1;1;B;;741;215;380;476;265;5;6;465;471
8;Barcelona;11;Baix Llobregat;08196;Sant Andreu de la Barca;1;10;A;;501;159;254;313;188;3;7;303;310
8;Barcelona;11;Baix Llobregat;08196;Sant Andreu de la Barca;1;10;B;;605;156;287;347;258;3;6;338;344
8;Barcelona;11;Baix Llobregat;08196;Sant Andreu de la Barca;1;10;C;;520;149;270;329;191;1;9;319;328
8;Barcelona;11;Baix Llobregat;08196;Sant Andreu de la Barca;1;11;A;;431;118;224;298;133;4;3;291;294
8;Barcelona;11;Baix Llobregat;08196;Sant Andreu de la Barca;1;11;B;;598;180;333;416;182;1;16;399;415
8;Barcelona;11;Baix Llobregat;08196;Sant Andreu de la Barca;1;11;C;;447;121;231;310;137;2;7;301;308
8;Barcelona;11;Baix Llobregat;08196;Sant Andreu de la Barca;1;12;A;;470;129;261;330;140;2;0;328;328
8;Barcelona;11;Baix Llobregat;08196;Sant Andreu de la Barca;1;12;B;;599;129;283;407;192;5;11;391;402
8;Barcelona;11;Baix Llobregat;08196;Sant Andreu de la Barca;1;12;C;;479;117;233;324;155;3;5;316;321
8;Barcelona;11;Baix Llobregat;08196;Sant Andreu de la Barca;1;13;A;;428;127;245;300;128;1;5;294;299
8;Barcelona;11;Baix Llobregat;08196;Sant Andreu de la Barca;1;13;B;;507;169;292;366;141;2;1;363;364
8;Barcelona;11;Baix Llobregat;08196;Sant Andreu de la Barca;1;14;A;;589;161;357;429;160;3;10;416;426
8;Barcelona;11;Baix Llobregat;08196;Sant Andreu de la Barca;1;14;B;;749;185;381;516;233;5;17;494;511
8;Barcelona;11;Baix Llobregat;08196;Sant Andreu de la Barca;1;14;C;;573;155;330;419;154;4;9;406;415
8;Barcelona;11;Baix Llobregat;08196;Sant Andreu de la Barca;1;2;A;;649;181;336;411;238;4;15;392;407
8;Barcelona;11;Baix Llobregat;08196;Sant Andreu de la Barca;1;2;B;;773;192;367;439;334;6;12;421;433
8;Barcelona;11;Baix Llobregat;08196;Sant Andreu de la Barca;1;3;A;;474;143;240;302;172;2;14;286;300
8;Barcelona;11;Baix Llobregat;08196;Sant Andreu de la Barca;1;3;B;;531;171;282;352;179;2;2;348;350
8;Barcelona;11;Baix Llobregat;08196;Sant Andreu de la Barca;1;4;A;;558;143;285;363;195;5;3;355;358
8;Barcelona;11;Baix Llobregat;08196;Sant Andreu de la Barca;1;4;B;;662;181;336;439;223;3;5;431;436
8;Barcelona;11;Baix Llobregat;08196;Sant Andreu de la Barca;1;5;A;;529;127;303;378;151;5;8;365;373
8;Barcelona;11;Baix Llobregat;08196;Sant Andreu de la Barca;1;5;B;;690;168;361;454;236;2;4;448;452
8;Barcelona;11;Baix Llobregat;08196;Sant Andreu de la Barca;1;6;A;;526;159;276;337;189;7;1;329;330
8;Barcelona;11;Baix Llobregat;08196;Sant Andreu de la Barca;1;6;B;;637;189;323;415;222;9;2;404;406
8;Barcelona;11;Baix Llobregat;08196;Sant Andreu de la Barca;1;7;A;;676;175;372;483;193;5;3;475;478
8;Barcelona;11;Baix Llobregat;08196;Sant Andreu de la Barca;1;7;B;;707;210;415;490;217;4;6;480;486
8;Barcelona;11;Baix Llobregat;08196;Sant Andreu de la Barca;1;8;A;;494;153;280;381;113;1;9;371;380
8;Barcelona;11;Baix Llobregat;08196;Sant Andreu de la Barca;1;8;B;;523;142;297;391;132;7;4;380;384
8;Barcelona;11;Baix Llobregat;08196;Sant Andreu de la Barca;1;9;A;;499;124;240;306;193;1;5;300;305
8;Barcelona;11;Baix Llobregat;08196;Sant Andreu de la Barca;1;9;B;;617;180;347;411;206;5;9;397;406
8;Barcelona;11;Baix Llobregat;08196;Sant Andreu de la Barca;1;9;C;;556;162;284;352;204;1;6;345;351
8;Barcelona;21;Maresme;08197;Sant Andreu de Llavaneres;1;1;A;;794;236;469;567;227;5;7;555;562
8;Barcelona;21;Maresme;08197;Sant Andreu de Llavaneres;1;1;B;;670;203;384;461;209;2;9;450;459
8;Barcelona;21;Maresme;08197;Sant Andreu de Llavaneres;1;2;A;;803;231;498;608;195;5;9;594;603
8;Barcelona;21;Maresme;08197;Sant Andreu de Llavaneres;1;2;B;;747;223;456;555;192;2;8;545;553
8;Barcelona;21;Maresme;08197;Sant Andreu de Llavaneres;1;3;A;;639;203;396;459;180;6;8;445;453
8;Barcelona;21;Maresme;08197;Sant Andreu de Llavaneres;1;3;B;;588;193;370;418;170;4;8;406;414
8;Barcelona;21;Maresme;08197;Sant Andreu de Llavaneres;2;1;A;;560;172;336;403;157;1;8;394;402
8;Barcelona;21;Maresme;08197;Sant Andreu de Llavaneres;2;1;B;;650;192;391;474;176;2;3;469;472
8;Barcelona;21;Maresme;08197;Sant Andreu de Llavaneres;2;2;A;;502;187;311;364;138;1;4;359;363
8;Barcelona;21;Maresme;08197;Sant Andreu de Llavaneres;2;2;B;;650;218;368;442;208;3;5;434;439
8;Barcelona;21;Maresme;08197;Sant Andreu de Llavaneres;2;3;U;;785;260;502;600;185;3;4;593;597
17;Girona;20;Gironès;17157;Sant Andreu Salou;1;1;U;;131;52;74;95;36;0;0;95;95
17;Girona;19;Garrotxa;17183;Sant Aniol de Finestres;1;1;U;;263;127;187;214;49;1;0;213;213
8;Barcelona;41;Vallès Oriental;08198;Sant Antoni de Vilamajor;1;1;A;;569;180;345;443;126;8;5;430;435
8;Barcelona;41;Vallès Oriental;08198;Sant Antoni de Vilamajor;1;1;B;;491;167;305;379;112;6;3;370;373
8;Barcelona;41;Vallès Oriental;08198;Sant Antoni de Vilamajor;1;1;C;;620;176;375;469;151;8;6;455;461
8;Barcelona;41;Vallès Oriental;08198;Sant Antoni de Vilamajor;1;1;D;;525;162;312;387;138;7;4;376;380
8;Barcelona;41;Vallès Oriental;08198;Sant Antoni de Vilamajor;1;2;A;;480;121;297;320;160;0;2;318;320
8;Barcelona;41;Vallès Oriental;08198;Sant Antoni de Vilamajor;1;2;B;;562;143;356;386;176;1;5;380;385
8;Barcelona;41;Vallès Oriental;08198;Sant Antoni de Vilamajor;1;3;A;;457;135;266;331;126;2;3;326;329
8;Barcelona;41;Vallès Oriental;08198;Sant Antoni de Vilamajor;1;3;B;;489;162;358;377;112;1;4;372;376
43;Tarragona;12;Baix Penedès;43140;Santa Oliva;1;1;A;;786;247;494;587;199;3;5;579;584
43;Tarragona;12;Baix Penedès;43140;Santa Oliva;1;1;B;;276;87;138;170;106;2;2;166;168
43;Tarragona;12;Baix Penedès;43140;Santa Oliva;1;2;A;;599;183;311;378;221;4;5;369;374
43;Tarragona;12;Baix Penedès;43140;Santa Oliva;1;2;B;;715;219;374;448;267;3;11;434;445
17;Girona;19;Garrotxa;17184;Santa Pau;1;1;A;;430;137;287;325;105;0;0;325;325
17;Girona;19;Garrotxa;17184;Santa Pau;1;1;B;;463;121;267;346;117;5;7;334;341
17;Girona;19;Garrotxa;17184;Santa Pau;1;1;C;;389;164;272;325;64;1;0;324;324
8;Barcelona;40;Vallès Occidental;08260;Santa Perpètua de Mogoda;1;1;A;;600;171;335;402;198;6;6;390;396
8;Barcelona;40;Vallès Occidental;08260;Santa Perpètua de Mogoda;1;1;B;;627;187;339;418;209;8;6;404;410
8;Barcelona;40;Vallès Occidental;08260;Santa Perpètua de Mogoda;1;10;U;;753;225;438;540;213;5;4;531;535
8;Barcelona;40;Vallès Occidental;08260;Santa Perpètua de Mogoda;1;11;U;;915;241;484;575;340;3;9;563;572
8;Barcelona;40;Vallès Occidental;08260;Santa Perpètua de Mogoda;1;12;A;;463;128;250;317;146;6;6;305;311
8;Barcelona;40;Vallès Occidental;08260;Santa Perpètua de Mogoda;1;12;B;;623;167;346;438;185;8;7;423;430
8;Barcelona;40;Vallès Occidental;08260;Santa Perpètua de Mogoda;1;12;C;;419;120;222;282;137;5;5;272;277
8;Barcelona;40;Vallès Occidental;08260;Santa Perpètua de Mogoda;1;13;A;;612;169;317;433;179;8;7;418;425
8;Barcelona;40;Vallès Occidental;08260;Santa Perpètua de Mogoda;1;13;B;;796;217;418;568;228;7;14;547;561
8;Barcelona;40;Vallès Occidental;08260;Santa Perpètua de Mogoda;1;13;C;;629;153;338;468;161;2;7;459;466
8;Barcelona;40;Vallès Occidental;08260;Santa Perpètua de Mogoda;1;14;U;;718;236;431;521;197;8;23;490;513
8;Barcelona;40;Vallès Occidental;08260;Santa Perpètua de Mogoda;1;2;A;;658;210;376;451;207;2;11;438;449
8;Barcelona;40;Vallès Occidental;08260;Santa Perpètua de Mogoda;1;2;B;;743;203;373;462;281;1;7;454;461
8;Barcelona;40;Vallès Occidental;08260;Santa Perpètua de Mogoda;1;2;C;;622;171;308;389;233;2;12;375;387
8;Barcelona;40;Vallès Occidental;08260;Santa Perpètua de Mogoda;1;3;A;;749;229;462;569;180;7;14;548;562
8;Barcelona;40;Vallès Occidental;08260;Santa Perpètua de Mogoda;1;3;B;;870;280;537;639;231;6;9;624;633
8;Barcelona;40;Vallès Occidental;08260;Santa Perpètua de Mogoda;1;4;A;;604;143;263;320;284;0;4;316;320
8;Barcelona;40;Vallès Occidental;08260;Santa Perpètua de Mogoda;1;4;B;;554;121;257;303;251;5;0;298;298
8;Barcelona;40;Vallès Occidental;08260;Santa Perpètua de Mogoda;1;5;A;;456;109;218;282;174;1;7;274;281
8;Barcelona;40;Vallès Occidental;08260;Santa Perpètua de Mogoda;1;5;B;;507;120;232;301;206;3;9;289;298
8;Barcelona;40;Vallès Occidental;08260;Santa Perpètua de Mogoda;1;6;U;;784;233;427;495;289;7;3;485;488
8;Barcelona;40;Vallès Occidental;08260;Santa Perpètua de Mogoda;1;7;A;;438;104;206;287;151;3;5;279;284
8;Barcelona;40;Vallès Occidental;08260;Santa Perpètua de Mogoda;1;7;B;;553;151;305;376;177;1;4;371;375
8;Barcelona;40;Vallès Occidental;08260;Santa Perpètua de Mogoda;1;8;A;;387;108;210;261;126;1;2;258;260
8;Barcelona;40;Vallès Occidental;08260;Santa Perpètua de Mogoda;1;8;B;;977;250;533;608;369;2;11;595;606
8;Barcelona;40;Vallès Occidental;08260;Santa Perpètua de Mogoda;1;9;A;;564;157;316;402;162;3;4;395;399
8;Barcelona;40;Vallès Occidental;08260;Santa Perpètua de Mogoda;1;9;B;;714;166;372;477;237;6;8;463;471
8;Barcelona;40;Vallès Occidental;08260;Santa Perpètua de Mogoda;1;9;C;;580;141;294;390;190;4;5;381;386
8;Barcelona;21;Maresme;08261;Santa Susanna;1;1;A;;575;182;352;425;150;0;7;418;425
8;Barcelona;21;Maresme;08261;Santa Susanna;1;1;B;;713;139;426;530;183;2;7;521;528
8;Barcelona;21;Maresme;08261;Santa Susanna;1;2;A;;478;169;270;316;162;0;4;312;316
8;Barcelona;21;Maresme;08261;Santa Susanna;1;2;B;;528;173;288;346;182;2;3;341;344
8;Barcelona;24;Osona;08199;Sant Bartomeu del Grau;1;1;U;;697;232;470;550;147;0;4;546;550
8;Barcelona;11;Baix Llobregat;08200;Sant Boi de Llobregat;1;1;U;;731;208;356;429;302;5;7;417;424
8;Barcelona;11;Baix Llobregat;08200;Sant Boi de Llobregat;1;2;A;;567;194;340;387;180;10;4;373;377
8;Barcelona;11;Baix Llobregat;08200;Sant Boi de Llobregat;1;2;B;;574;166;318;380;194;4;4;372;376
8;Barcelona;11;Baix Llobregat;08200;Sant Boi de Llobregat;1;3;A;;406;126;227;276;130;8;4;264;268
8;Barcelona;11;Baix Llobregat;08200;Sant Boi de Llobregat;1;3;B;;432;145;242;285;147;1;4;280;284
8;Barcelona;11;Baix Llobregat;08200;Sant Boi de Llobregat;1;4;A;;602;146;293;377;225;2;4;371;375
8;Barcelona;11;Baix Llobregat;08200;Sant Boi de Llobregat;1;4;B;;690;166;330;392;298;5;5;382;387
8;Barcelona;11;Baix Llobregat;08200;Sant Boi de Llobregat;1;5;A;;669;166;315;386;283;5;6;375;381
8;Barcelona;11;Baix Llobregat;08200;Sant Boi de Llobregat;1;5;B;;763;150;422;432;331;10;6;416;422
8;Barcelona;11;Baix Llobregat;08200;Sant Boi de Llobregat;1;6;U;;715;200;386;439;276;1;6;432;438
8;Barcelona;11;Baix Llobregat;08200;Sant Boi de Llobregat;1;7;A;;380;120;217;266;114;4;2;260;262
8;Barcelona;11;Baix Llobregat;08200;Sant Boi de Llobregat;1;7;B;;455;156;236;317;138;5;3;309;312
8;Barcelona;11;Baix Llobregat;08200;Sant Boi de Llobregat;2;1;A;;586;162;317;423;163;12;5;406;411
8;Barcelona;11;Baix Llobregat;08200;Sant Boi de Llobregat;2;1;B;;715;226;400;520;195;11;9;500;509
8;Barcelona;11;Baix Llobregat;08200;Sant Boi de Llobregat;2;1;C;;601;157;324;409;192;2;5;402;407
8;Barcelona;11;Baix Llobregat;08200;Sant Boi de Llobregat;2;10;A;;515;139;256;334;181;4;7;323;330
8;Barcelona;11;Baix Llobregat;08200;Sant Boi de Llobregat;2;10;B;;611;193;329;418;193;2;9;407;416
8;Barcelona;11;Baix Llobregat;08200;Sant Boi de Llobregat;2;10;C;;563;174;293;361;202;2;9;350;359
8;Barcelona;11;Baix Llobregat;08200;Sant Boi de Llobregat;2;11;A;;590;188;357;441;149;6;9;426;435
8;Barcelona;11;Baix Llobregat;08200;Sant Boi de Llobregat;2;11;B;;754;203;439;540;214;3;5;532;537
8;Barcelona;11;Baix Llobregat;08200;Sant Boi de Llobregat;2;12;A;;556;154;292;372;184;6;11;355;366
8;Barcelona;11;Baix Llobregat;08200;Sant Boi de Llobregat;2;12;B;;715;208;361;467;248;3;12;452;464
8;Barcelona;11;Baix Llobregat;08200;Sant Boi de Llobregat;2;12;C;;593;156;305;389;204;2;6;381;387
8;Barcelona;11;Baix Llobregat;08200;Sant Boi de Llobregat;2;13;A;;388;128;237;286;102;4;5;277;282
8;Barcelona;11;Baix Llobregat;08200;Sant Boi de Llobregat;2;13;B;;384;117;242;302;82;0;3;299;302
8;Barcelona;11;Baix Llobregat;08200;Sant Boi de Llobregat;2;13;C;;418;121;257;283;135;4;2;277;279
8;Barcelona;11;Baix Llobregat;08200;Sant Boi de Llobregat;2;14;A;;657;189;345;429;228;4;6;419;425
8;Barcelona;11;Baix Llobregat;08200;Sant Boi de Llobregat;2;14;B;;749;210;382;487;262;3;10;474;484
8;Barcelona;11;Baix Llobregat;08200;Sant Boi de Llobregat;2;15;A;;431;104;187;256;175;2;8;246;254
8;Barcelona;11;Baix Llobregat;08200;Sant Boi de Llobregat;2;15;B;;498;117;221;287;211;3;5;279;284
8;Barcelona;11;Baix Llobregat;08200;Sant Boi de Llobregat;2;15;C;;503;132;242;283;220;3;9;271;280
8;Barcelona;11;Baix Llobregat;08200;Sant Boi de Llobregat;2;16;A;;515;143;281;369;146;3;6;360;366
8;Barcelona;11;Baix Llobregat;08200;Sant Boi de Llobregat;2;16;B;;650;202;377;480;170;8;14;458;472
8;Barcelona;11;Baix Llobregat;08200;Sant Boi de Llobregat;2;17;A;;535;162;303;386;149;2;5;379;384
8;Barcelona;11;Baix Llobregat;08200;Sant Boi de Llobregat;2;17;B;;583;151;300;400;183;5;5;390;395
8;Barcelona;11;Baix Llobregat;08200;Sant Boi de Llobregat;2;18;A;;513;131;277;367;146;6;9;352;361
8;Barcelona;11;Baix Llobregat;08200;Sant Boi de Llobregat;2;18;B;;563;144;318;389;174;3;8;378;386
8;Barcelona;11;Baix Llobregat;08200;Sant Boi de Llobregat;2;19;U;;631;212;368;455;176;2;15;438;453
8;Barcelona;11;Baix Llobregat;08200;Sant Boi de Llobregat;2;2;A;;650;167;309;391;259;3;4;384;388
8;Barcelona;11;Baix Llobregat;08200;Sant Boi de Llobregat;2;2;B;;759;180;328;434;325;5;4;425;429
8;Barcelona;11;Baix Llobregat;08200;Sant Boi de Llobregat;2;3;A;;358;79;168;223;135;2;10;211;221
8;Barcelona;11;Baix Llobregat;08200;Sant Boi de Llobregat;2;3;B;;498;144;243;305;193;5;10;290;300
8;Barcelona;11;Baix Llobregat;08200;Sant Boi de Llobregat;2;3;C;;519;127;273;336;183;2;8;326;334
8;Barcelona;11;Baix Llobregat;08200;Sant Boi de Llobregat;2;4;A;;460;117;250;304;156;3;11;290;301
8;Barcelona;11;Baix Llobregat;08200;Sant Boi de Llobregat;2;4;B;;481;137;260;333;148;3;6;324;330
8;Barcelona;11;Baix Llobregat;08200;Sant Boi de Llobregat;2;5;A;;461;124;231;285;176;3;6;276;282
8;Barcelona;11;Baix Llobregat;08200;Sant Boi de Llobregat;2;5;B;;588;182;328;414;174;8;7;399;406
8;Barcelona;11;Baix Llobregat;08200;Sant Boi de Llobregat;2;6;A;;355;86;185;234;121;1;2;231;233
8;Barcelona;11;Baix Llobregat;08200;Sant Boi de Llobregat;2;6;B;;413;102;214;280;133;1;4;275;279
8;Barcelona;11;Baix Llobregat;08200;Sant Boi de Llobregat;2;6;C;;458;130;246;312;146;5;8;299;307
8;Barcelona;11;Baix Llobregat;08200;Sant Boi de Llobregat;2;7;A;;367;111;176;224;143;3;5;216;221
8;Barcelona;11;Baix Llobregat;08200;Sant Boi de Llobregat;2;7;B;;462;139;252;307;155;1;12;294;306
8;Barcelona;11;Baix Llobregat;08200;Sant Boi de Llobregat;2;8;A;;509;162;286;362;147;1;9;352;361
8;Barcelona;11;Baix Llobregat;08200;Sant Boi de Llobregat;2;8;B;;612;189;360;438;174;7;4;427;431
8;Barcelona;11;Baix Llobregat;08200;Sant Boi de Llobregat;2;9;A;;566;195;322;389;177;6;3;380;383
8;Barcelona;11;Baix Llobregat;08200;Sant Boi de Llobregat;2;9;B;;617;181;303;377;240;6;6;365;371
8;Barcelona;11;Baix Llobregat;08200;Sant Boi de Llobregat;3;1;A;;562;181;338;406;156;6;3;397;400
8;Barcelona;11;Baix Llobregat;08200;Sant Boi de Llobregat;3;1;B;;630;225;377;465;165;3;3;459;462
8;Barcelona;11;Baix Llobregat;08200;Sant Boi de Llobregat;3;2;A;;688;206;415;499;189;3;7;489;496
8;Barcelona;11;Baix Llobregat;08200;Sant Boi de Llobregat;3;2;B;;794;227;439;574;220;4;9;561;570
8;Barcelona;11;Baix Llobregat;08200;Sant Boi de Llobregat;3;3;A;;462;153;276;335;127;2;4;329;333
8;Barcelona;11;Baix Llobregat;08200;Sant Boi de Llobregat;3;3;B;;501;145;265;315;186;2;2;311;313
8;Barcelona;11;Baix Llobregat;08200;Sant Boi de Llobregat;3;3;C;;571;175;337;402;169;0;7;395;402
8;Barcelona;11;Baix Llobregat;08200;Sant Boi de Llobregat;3;4;U;;715;187;378;465;250;4;7;454;461
8;Barcelona;11;Baix Llobregat;08200;Sant Boi de Llobregat;3;5;A;;512;154;284;339;173;2;4;333;337
8;Barcelona;11;Baix Llobregat;08200;Sant Boi de Llobregat;3;5;B;;568;159;300;388;180;5;3;380;383
8;Barcelona;11;Baix Llobregat;08200;Sant Boi de Llobregat;3;5;C;;619;184;336;421;198;5;3;413;416
8;Barcelona;11;Baix Llobregat;08200;Sant Boi de Llobregat;3;6;A;;503;139;258;338;165;2;3;333;336
8;Barcelona;11;Baix Llobregat;08200;Sant Boi de Llobregat;3;6;B;;593;193;335;418;175;6;2;410;412
8;Barcelona;11;Baix Llobregat;08200;Sant Boi de Llobregat;3;7;A;;486;144;267;319;167;2;2;315;317
8;Barcelona;11;Baix Llobregat;08200;Sant Boi de Llobregat;3;7;B;;512;137;269;342;170;5;3;334;337
8;Barcelona;11;Baix Llobregat;08200;Sant Boi de Llobregat;3;7;C;;551;148;326;393;158;5;5;383;388
8;Barcelona;11;Baix Llobregat;08200;Sant Boi de Llobregat;3;8;U;;577;185;341;401;176;4;5;392;397
8;Barcelona;11;Baix Llobregat;08200;Sant Boi de Llobregat;3;9;A;;385;117;208;252;133;7;2;243;245
8;Barcelona;11;Baix Llobregat;08200;Sant Boi de Llobregat;3;9;B;;535;158;276;336;199;8;3;325;328
8;Barcelona;11;Baix Llobregat;08200;Sant Boi de Llobregat;4;1;A;;506;138;263;345;161;2;4;339;343
8;Barcelona;11;Baix Llobregat;08200;Sant Boi de Llobregat;4;1;B;;562;166;300;392;170;2;4;386;390
8;Barcelona;11;Baix Llobregat;08200;Sant Boi de Llobregat;4;1;C;;595;154;304;402;193;3;5;394;399
8;Barcelona;11;Baix Llobregat;08200;Sant Boi de Llobregat;4;2;A;;473;140;273;337;136;3;5;329;334
8;Barcelona;11;Baix Llobregat;08200;Sant Boi de Llobregat;4;2;B;;560;148;306;396;164;6;8;382;390
8;Barcelona;11;Baix Llobregat;08200;Sant Boi de Llobregat;4;2;C;;536;161;306;384;152;8;5;371;376
8;Barcelona;11;Baix Llobregat;08200;Sant Boi de Llobregat;4;3;A;;469;146;255;336;133;5;0;331;331
8;Barcelona;11;Baix Llobregat;08200;Sant Boi de Llobregat;4;3;B;;533;152;281;365;168;6;7;352;359
8;Barcelona;11;Baix Llobregat;08200;Sant Boi de Llobregat;4;4;A;;452;158;246;309;143;2;2;305;307
8;Barcelona;11;Baix Llobregat;08200;Sant Boi de Llobregat;4;4;B;;608;193;331;425;183;6;5;414;419
8;Barcelona;11;Baix Llobregat;08200;Sant Boi de Llobregat;4;5;A;;601;180;333;406;195;5;5;396;401
8;Barcelona;11;Baix Llobregat;08200;Sant Boi de Llobregat;4;5;B;;746;191;402;499;247;5;11;483;494
8;Barcelona;11;Baix Llobregat;08200;Sant Boi de Llobregat;4;6;A;;469;148;238;295;174;2;2;291;293
8;Barcelona;11;Baix Llobregat;08200;Sant Boi de Llobregat;4;6;B;;605;167;293;389;216;2;6;381;387
8;Barcelona;11;Baix Llobregat;08200;Sant Boi de Llobregat;4;6;C;;508;135;273;345;163;5;12;328;340
8;Barcelona;11;Baix Llobregat;08200;Sant Boi de Llobregat;4;7;A;;688;206;375;441;247;5;12;424;436
8;Barcelona;11;Baix Llobregat;08200;Sant Boi de Llobregat;4;7;B;;764;183;393;496;268;7;9;480;489
8;Barcelona;11;Baix Llobregat;08200;Sant Boi de Llobregat;4;8;A;;679;190;359;447;232;5;7;435;442
8;Barcelona;11;Baix Llobregat;08200;Sant Boi de Llobregat;4;8;B;;766;185;385;516;250;6;11;499;510
8;Barcelona;11;Baix Llobregat;08200;Sant Boi de Llobregat;4;9;A;;447;138;245;316;131;0;3;313;316
8;Barcelona;11;Baix Llobregat;08200;Sant Boi de Llobregat;4;9;B;;511;130;270;360;151;2;5;353;358
8;Barcelona;11;Baix Llobregat;08200;Sant Boi de Llobregat;5;1;A;;487;128;223;254;233;6;2;246;248
8;Barcelona;11;Baix Llobregat;08200;Sant Boi de Llobregat;5;1;B;;614;152;273;339;275;1;13;325;338
8;Barcelona;11;Baix Llobregat;08200;Sant Boi de Llobregat;5;1;C;;604;148;264;313;291;0;0;313;313
8;Barcelona;11;Baix Llobregat;08200;Sant Boi de Llobregat;5;2;U;;778;182;327;385;393;2;5;378;383
8;Barcelona;11;Baix Llobregat;08200;Sant Boi de Llobregat;5;3;U;;469;112;296;383;86;1;12;370;382
8;Barcelona;11;Baix Llobregat;08200;Sant Boi de Llobregat;5;4;U;;713;194;208;216;497;3;3;210;213
8;Barcelona;11;Baix Llobregat;08200;Sant Boi de Llobregat;6;1;A;;444;131;228;295;149;3;5;287;292
8;Barcelona;11;Baix Llobregat;08200;Sant Boi de Llobregat;6;1;B;;595;177;325;398;197;4;11;383;394
8;Barcelona;11;Baix Llobregat;08200;Sant Boi de Llobregat;6;1;C;;624;184;350;434;190;4;10;420;430
8;Barcelona;11;Baix Llobregat;08200;Sant Boi de Llobregat;6;2;A;;419;127;233;278;141;4;2;272;274
8;Barcelona;11;Baix Llobregat;08200;Sant Boi de Llobregat;6;2;B;;483;136;265;310;173;6;3;301;304
8;Barcelona;11;Baix Llobregat;08200;Sant Boi de Llobregat;6;2;C;;500;139;270;329;171;4;4;321;325
8;Barcelona;11;Baix Llobregat;08200;Sant Boi de Llobregat;6;3;A;;399;120;203;236;163;1;7;228;235
8;Barcelona;11;Baix Llobregat;08200;Sant Boi de Llobregat;6;3;B;;438;107;200;243;195;4;4;235;239
8;Barcelona;24;Osona;08201;Sant Boi de Lluçanès;1;1;U;;451;113;270;351;100;1;5;345;350
43;Tarragona;22;Montsià;43136;Sant Carles de la Ràpita;1;1;A;;900;230;451;554;346;12;16;526;542
43;Tarragona;22;Montsià;43136;Sant Carles de la Ràpita;1;1;B;;1002;275;503;616;386;7;10;599;609
43;Tarragona;22;Montsià;43136;Sant Carles de la Ràpita;1;2;A;;494;150;256;319;175;2;5;312;317
43;Tarragona;22;Montsià;43136;Sant Carles de la Ràpita;1;2;B;;568;174;334;395;173;6;16;373;389
43;Tarragona;22;Montsià;43136;Sant Carles de la Ràpita;1;3;A;;449;124;232;285;164;4;3;278;281
43;Tarragona;22;Montsià;43136;Sant Carles de la Ràpita;1;3;B;;476;131;236;299;177;5;8;286;294
43;Tarragona;22;Montsià;43136;Sant Carles de la Ràpita;1;4;A;;732;221;376;450;282;5;12;433;445
43;Tarragona;22;Montsià;43136;Sant Carles de la Ràpita;1;4;B;;758;212;379;467;291;17;3;447;450
43;Tarragona;22;Montsià;43136;Sant Carles de la Ràpita;1;5;U;;890;231;408;500;390;11;7;482;489
43;Tarragona;22;Montsià;43136;Sant Carles de la Ràpita;2;1;U;;569;182;295;365;204;6;5;354;359
43;Tarragona;22;Montsià;43136;Sant Carles de la Ràpita;2;2;U;;569;177;309;359;210;3;5;351;356
43;Tarragona;22;Montsià;43136;Sant Carles de la Ràpita;2;3;U;;931;234;469;554;377;4;11;539;550
43;Tarragona;22;Montsià;43136;Sant Carles de la Ràpita;2;4;A;;365;133;218;258;107;4;6;248;254
43;Tarragona;22;Montsià;43136;Sant Carles de la Ràpita;2;4;B;;387;129;224;272;115;2;4;266;270
43;Tarragona;22;Montsià;43136;Sant Carles de la Ràpita;2;5;A;;592;190;323;402;190;4;9;389;398
43;Tarragona;22;Montsià;43136;Sant Carles de la Ràpita;2;5;B;;573;190;317;378;195;7;4;367;371
8;Barcelona;21;Maresme;08203;Sant Cebrià de Vallalta;1;1;A;;609;207;347;440;169;4;2;434;436
8;Barcelona;21;Maresme;08203;Sant Cebrià de Vallalta;1;1;B;;692;237;385;467;225;5;5;457;462
8;Barcelona;21;Maresme;08203;Sant Cebrià de Vallalta;1;2;A;;478;172;261;318;160;1;2;315;317
8;Barcelona;21;Maresme;08203;Sant Cebrià de Vallalta;1;2;B;;622;198;315;410;212;3;4;403;407
8;Barcelona;41;Vallès Oriental;08202;Sant Celoni;1;1;A;;622;223;405;487;135;6;4;477;481
8;Barcelona;41;Vallès Oriental;08202;Sant Celoni;1;1;B;;785;276;509;599;186;4;6;589;595
8;Barcelona;41;Vallès Oriental;08202;Sant Celoni;1;2;A;;632;236;435;500;132;5;3;492;495
8;Barcelona;41;Vallès Oriental;08202;Sant Celoni;1;2;B;;617;194;364;442;175;3;3;436;439
8;Barcelona;41;Vallès Oriental;08202;Sant Celoni;1;2;C;;638;240;418;485;153;2;5;478;483
8;Barcelona;41;Vallès Oriental;08202;Sant Celoni;1;3;A;;564;182;346;412;152;4;7;401;408
8;Barcelona;41;Vallès Oriental;08202;Sant Celoni;1;3;B;;725;228;438;505;220;5;8;492;500
8;Barcelona;41;Vallès Oriental;08202;Sant Celoni;1;3;C;;676;204;380;483;193;2;8;473;481
8;Barcelona;41;Vallès Oriental;08202;Sant Celoni;1;4;A;;245;90;142;167;78;1;1;165;166
8;Barcelona;41;Vallès Oriental;08202;Sant Celoni;1;4;B;;318;81;166;194;124;4;4;186;190
8;Barcelona;41;Vallès Oriental;08202;Sant Celoni;1;5;A;;870;274;528;636;234;5;14;617;631
8;Barcelona;41;Vallès Oriental;08202;Sant Celoni;1;5;B;;971;304;572;704;267;5;10;689;699
8;Barcelona;41;Vallès Oriental;08202;Sant Celoni;1;6;A;;566;170;313;393;173;5;9;379;388
8;Barcelona;41;Vallès Oriental;08202;Sant Celoni;1;6;B;;687;210;380;472;215;4;6;462;468
8;Barcelona;41;Vallès Oriental;08202;Sant Celoni;1;7;A;;535;159;297;346;189;6;7;333;340
8;Barcelona;41;Vallès Oriental;08202;Sant Celoni;1;7;B;;621;164;313;391;230;3;2;386;388
8;Barcelona;41;Vallès Oriental;08202;Sant Celoni;1;8;A;;346;120;208;267;79;1;4;262;266
8;Barcelona;41;Vallès Oriental;08202;Sant Celoni;1;8;B;;440;180;291;354;86;0;3;351;354
8;Barcelona;41;Vallès Oriental;08202;Sant Celoni;2;1;A;;900;282;510;598;302;6;2;590;592
8;Barcelona;41;Vallès Oriental;08202;Sant Celoni;2;1;B;;598;185;342;410;188;1;4;405;409
8;Barcelona;11;Baix Llobregat;08204;Sant Climent de Llobregat;1;1;A;;673;140;364;478;195;8;13;457;470
8;Barcelona;11;Baix Llobregat;08204;Sant Climent de Llobregat;1;1;B;;883;188;508;676;207;8;7;661;668
8;Barcelona;11;Baix Llobregat;08204;Sant Climent de Llobregat;1;2;A;;617;148;309;425;192;6;5;414;419
8;Barcelona;11;Baix Llobregat;08204;Sant Climent de Llobregat;1;2;B;;833;190;431;588;245;6;11;571;582
17;Girona;2;Alt Empordà;17158;Sant Climent Sescebes;1;1;U;;427;132;237;283;144;1;7;275;282
8;Barcelona;40;Vallès Occidental;08205;Sant Cugat del Vallès;1;1;A;;669;222;414;518;151;4;8;506;514
8;Barcelona;40;Vallès Occidental;08205;Sant Cugat del Vallès;1;1;B;;630;233;409;495;135;0;7;488;495
8;Barcelona;40;Vallès Occidental;08205;Sant Cugat del Vallès;1;10;U;;973;302;580;693;280;6;12;675;687
8;Barcelona;40;Vallès Occidental;08205;Sant Cugat del Vallès;1;11;A;;543;173;328;403;140;2;10;391;401
8;Barcelona;40;Vallès Occidental;08205;Sant Cugat del Vallès;1;11;B;;715;211;422;535;180;2;10;523;533
8;Barcelona;40;Vallès Occidental;08205;Sant Cugat del Vallès;1;12;A;;842;233;557;679;163;3;11;665;676
8;Barcelona;40;Vallès Occidental;08205;Sant Cugat del Vallès;1;12;B;;781;225;499;621;160;2;10;609;619
8;Barcelona;40;Vallès Occidental;08205;Sant Cugat del Vallès;1;13;U;;948;252;651;824;124;3;16;805;821
8;Barcelona;40;Vallès Occidental;08205;Sant Cugat del Vallès;1;14;U;;663;206;426;542;121;3;5;534;539
8;Barcelona;40;Vallès Occidental;08205;Sant Cugat del Vallès;1;15;A;;754;246;499;631;123;3;6;622;628
8;Barcelona;40;Vallès Occidental;08205;Sant Cugat del Vallès;1;15;B;;786;247;527;662;124;2;5;655;660
8;Barcelona;40;Vallès Occidental;08205;Sant Cugat del Vallès;1;16;U;;720;262;484;610;110;2;5;603;608
8;Barcelona;40;Vallès Occidental;08205;Sant Cugat del Vallès;1;17;A;;588;162;330;417;171;5;15;397;412
8;Barcelona;40;Vallès Occidental;08205;Sant Cugat del Vallès;1;17;B;;642;212;388;481;161;3;11;467;478
8;Barcelona;40;Vallès Occidental;08205;Sant Cugat del Vallès;1;18;U;;872;269;550;680;192;6;11;663;674
8;Barcelona;40;Vallès Occidental;08205;Sant Cugat del Vallès;1;19;U;;720;218;476;590;130;4;11;575;586
8;Barcelona;40;Vallès Occidental;08205;Sant Cugat del Vallès;1;2;A;;549;200;346;427;122;2;6;419;425
8;Barcelona;40;Vallès Occidental;08205;Sant Cugat del Vallès;1;2;B;;517;181;329;406;111;0;7;399;406
8;Barcelona;40;Vallès Occidental;08205;Sant Cugat del Vallès;1;20;U;;920;294;592;735;185;4;12;719;731
8;Barcelona;40;Vallès Occidental;08205;Sant Cugat del Vallès;1;21;U;;699;217;438;538;161;6;7;525;532
8;Barcelona;40;Vallès Occidental;08205;Sant Cugat del Vallès;1;22;U;;889;291;535;645;244;8;12;625;637
8;Barcelona;40;Vallès Occidental;08205;Sant Cugat del Vallès;1;23;A;;490;152;309;405;85;5;7;393;400
8;Barcelona;40;Vallès Occidental;08205;Sant Cugat del Vallès;1;23;B;;539;159;340;439;100;3;7;429;436
8;Barcelona;40;Vallès Occidental;08205;Sant Cugat del Vallès;1;3;U;;867;263;522;663;204;4;3;656;659
8;Barcelona;40;Vallès Occidental;08205;Sant Cugat del Vallès;1;4;A;;680;200;447;558;122;0;5;553;558
8;Barcelona;40;Vallès Occidental;08205;Sant Cugat del Vallès;1;4;B;;705;214;440;573;132;2;9;562;571
8;Barcelona;40;Vallès Occidental;08205;Sant Cugat del Vallès;1;5;A;;544;155;342;442;102;1;8;433;441
8;Barcelona;40;Vallès Occidental;08205;Sant Cugat del Vallès;1;5;B;;607;157;364;477;130;2;8;467;475
8;Barcelona;40;Vallès Occidental;08205;Sant Cugat del Vallès;1;6;A;;779;226;449;535;244;5;4;526;530
8;Barcelona;40;Vallès Occidental;08205;Sant Cugat del Vallès;1;6;B;;940;277;534;676;264;4;7;665;672
8;Barcelona;40;Vallès Occidental;08205;Sant Cugat del Vallès;1;7;U;;676;235;398;479;197;3;7;469;476
8;Barcelona;40;Vallès Occidental;08205;Sant Cugat del Vallès;1;8;A;;724;213;425;527;197;1;9;517;526
8;Barcelona;40;Vallès Occidental;08205;Sant Cugat del Vallès;1;8;B;;928;274;539;662;266;4;9;649;658
8;Barcelona;40;Vallès Occidental;08205;Sant Cugat del Vallès;1;9;A;;586;231;425;489;97;0;8;481;489
8;Barcelona;40;Vallès Occidental;08205;Sant Cugat del Vallès;1;9;B;;604;197;424;511;93;4;10;497;507
8;Barcelona;40;Vallès Occidental;08205;Sant Cugat del Vallès;2;1;A;;488;151;341;419;69;2;6;411;417
8;Barcelona;40;Vallès Occidental;08205;Sant Cugat del Vallès;2;1;B;;536;172;375;458;78;0;5;453;458
8;Barcelona;40;Vallès Occidental;08205;Sant Cugat del Vallès;2;10;A;;520;168;352;438;82;0;5;433;438
8;Barcelona;40;Vallès Occidental;08205;Sant Cugat del Vallès;2;10;B;;677;177;461;581;96;2;4;575;579
8;Barcelona;40;Vallès Occidental;08205;Sant Cugat del Vallès;2;11;U;;886;285;587;733;153;3;13;717;730
8;Barcelona;40;Vallès Occidental;08205;Sant Cugat del Vallès;2;12;A;;518;150;351;431;87;1;4;426;430
8;Barcelona;40;Vallès Occidental;08205;Sant Cugat del Vallès;2;12;B;;562;180;394;480;82;2;4;474;478
8;Barcelona;40;Vallès Occidental;08205;Sant Cugat del Vallès;2;2;A;;606;188;397;474;132;3;2;469;471
8;Barcelona;40;Vallès Occidental;08205;Sant Cugat del Vallès;2;2;B;;668;219;437;532;136;2;5;525;530
8;Barcelona;40;Vallès Occidental;08205;Sant Cugat del Vallès;2;3;U;;902;260;550;669;233;6;10;653;663
8;Barcelona;40;Vallès Occidental;08205;Sant Cugat del Vallès;2;4;U;;888;268;566;718;170;4;10;704;714
8;Barcelona;40;Vallès Occidental;08205;Sant Cugat del Vallès;2;5;U;;914;234;514;637;277;5;6;626;632
8;Barcelona;40;Vallès Occidental;08205;Sant Cugat del Vallès;2;6;A;;597;183;392;500;97;0;8;492;500
8;Barcelona;40;Vallès Occidental;08205;Sant Cugat del Vallès;2;6;B;;613;191;426;525;88;0;4;521;525
8;Barcelona;40;Vallès Occidental;08205;Sant Cugat del Vallès;2;7;A;;519;184;317;387;132;1;4;382;386
8;Barcelona;40;Vallès Occidental;08205;Sant Cugat del Vallès;2;7;B;;573;191;365;445;128;3;3;439;442
8;Barcelona;40;Vallès Occidental;08205;Sant Cugat del Vallès;2;8;A;;653;189;435;536;117;1;7;528;535
8;Barcelona;40;Vallès Occidental;08205;Sant Cugat del Vallès;2;8;B;;684;215;452;567;117;2;12;553;565
8;Barcelona;40;Vallès Occidental;08205;Sant Cugat del Vallès;2;9;A;;587;189;396;499;88;0;4;495;499
8;Barcelona;40;Vallès Occidental;08205;Sant Cugat del Vallès;2;9;B;;688;233;472;596;92;0;6;590;596
8;Barcelona;40;Vallès Occidental;08205;Sant Cugat del Vallès;3;1;A;;572;181;340;412;160;2;5;405;410
8;Barcelona;40;Vallès Occidental;08205;Sant Cugat del Vallès;3;1;B;;621;166;332;463;158;1;3;459;462
8;Barcelona;40;Vallès Occidental;08205;Sant Cugat del Vallès;3;2;A;;725;224;464;595;130;3;5;587;592
8;Barcelona;40;Vallès Occidental;08205;Sant Cugat del Vallès;3;2;B;;797;287;541;658;139;6;10;642;652
8;Barcelona;40;Vallès Occidental;08205;Sant Cugat del Vallès;3;3;A;;631;184;398;498;133;3;5;490;495
8;Barcelona;40;Vallès Occidental;08205;Sant Cugat del Vallès;3;3;B;;654;175;397;499;155;4;9;486;495
8;Barcelona;40;Vallès Occidental;08205;Sant Cugat del Vallès;3;4;A;;635;194;403;485;150;3;2;480;482
8;Barcelona;40;Vallès Occidental;08205;Sant Cugat del Vallès;3;4;B;;704;235;454;548;156;7;7;534;541
8;Barcelona;40;Vallès Occidental;08205;Sant Cugat del Vallès;4;1;U;;944;275;527;669;275;3;3;663;666
8;Barcelona;40;Vallès Occidental;08205;Sant Cugat del Vallès;4;2;U;;938;320;562;672;266;6;11;655;666
8;Barcelona;40;Vallès Occidental;08205;Sant Cugat del Vallès;4;3;A;;589;165;320;414;175;1;5;408;413
8;Barcelona;40;Vallès Occidental;08205;Sant Cugat del Vallès;4;3;B;;579;155;312;396;183;0;4;392;396
8;Barcelona;40;Vallès Occidental;08205;Sant Cugat del Vallès;5;1;A;;590;170;398;500;90;3;8;489;497
8;Barcelona;40;Vallès Occidental;08205;Sant Cugat del Vallès;5;1;B;;692;195;452;589;103;5;6;578;584
8;Barcelona;40;Vallès Occidental;08205;Sant Cugat del Vallès;5;2;U;;873;218;501;657;216;4;7;646;653
8;Barcelona;40;Vallès Occidental;08205;Sant Cugat del Vallès;5;3;A;;627;190;383;489;138;2;14;473;487
8;Barcelona;40;Vallès Occidental;08205;Sant Cugat del Vallès;5;3;B;;769;245;503;627;142;1;6;620;626
8;Barcelona;40;Vallès Occidental;08205;Sant Cugat del Vallès;5;4;A;;645;201;421;547;98;2;9;536;545
8;Barcelona;40;Vallès Occidental;08205;Sant Cugat del Vallès;5;4;B;;697;228;468;583;114;2;5;576;581
8;Barcelona;40;Vallès Occidental;08205;Sant Cugat del Vallès;5;5;A;;458;131;280;358;100;2;3;353;356
8;Barcelona;40;Vallès Occidental;08205;Sant Cugat del Vallès;5;5;B;;547;170;330;420;127;0;4;416;420
8;Barcelona;40;Vallès Occidental;08205;Sant Cugat del Vallès;5;6;U;;901;230;529;688;213;1;5;682;687
8;Barcelona;40;Vallès Occidental;08205;Sant Cugat del Vallès;5;7;A;;523;142;322;428;95;4;7;417;424
8;Barcelona;40;Vallès Occidental;08205;Sant Cugat del Vallès;5;7;B;;555;159;388;444;111;3;12;429;441
8;Barcelona;40;Vallès Occidental;08205;Sant Cugat del Vallès;5;8;U;;866;258;530;678;188;3;9;666;675
8;Barcelona;40;Vallès Occidental;08205;Sant Cugat del Vallès;6;1;U;;874;240;410;537;337;3;6;528;534
8;Barcelona;3;Alt Penedès;08206;Sant Cugat Sesgarrigues;1;1;U;;721;250;506;583;138;7;8;568;576
25;Lleida;25;Pallars Jussà;25196;Sant Esteve de la Sarga;1;1;U;;121;37;58;83;38;2;1;80;81
8;Barcelona;41;Vallès Oriental;08207;Sant Esteve de Palautordera;1;1;A;;586;239;422;507;79;0;6;501;507
8;Barcelona;41;Vallès Oriental;08207;Sant Esteve de Palautordera;1;1;B;;539;212;361;457;82;3;6;448;454
8;Barcelona;41;Vallès Oriental;08207;Sant Esteve de Palautordera;1;1;C;;619;231;424;529;90;4;7;518;525
8;Barcelona;11;Baix Llobregat;08208;Sant Esteve Sesrovires;1;1;A;;506;163;272;338;168;3;4;331;335
8;Barcelona;11;Baix Llobregat;08208;Sant Esteve Sesrovires;1;1;B;;443;138;227;278;165;3;8;267;275
8;Barcelona;11;Baix Llobregat;08208;Sant Esteve Sesrovires;1;1;C;;580;183;314;393;187;7;8;378;386
8;Barcelona;11;Baix Llobregat;08208;Sant Esteve Sesrovires;1;1;D;;446;147;246;313;133;1;2;310;312
8;Barcelona;11;Baix Llobregat;08208;Sant Esteve Sesrovires;1;2;A;;456;157;279;339;117;5;1;333;334
8;Barcelona;11;Baix Llobregat;08208;Sant Esteve Sesrovires;1;2;B;;457;144;270;339;118;3;4;332;336
8;Barcelona;11;Baix Llobregat;08208;Sant Esteve Sesrovires;1;2;C;;550;196;318;427;123;3;5;419;424
8;Barcelona;11;Baix Llobregat;08208;Sant Esteve Sesrovires;1;2;D;;432;153;252;328;104;6;2;320;322
8;Barcelona;11;Baix Llobregat;08208;Sant Esteve Sesrovires;1;3;A;;372;116;206;276;96;0;9;267;276
8;Barcelona;11;Baix Llobregat;08208;Sant Esteve Sesrovires;1;3;B;;466;128;239;315;151;1;7;307;314
8;Barcelona;11;Baix Llobregat;08208;Sant Esteve Sesrovires;1;4;A;;425;130;245;298;127;6;2;290;292
8;Barcelona;11;Baix Llobregat;08208;Sant Esteve Sesrovires;1;4;B;;434;125;248;309;125;4;4;301;305
17;Girona;34;Selva;17159;Sant Feliu de Buixalleu;1;1;U;;640;191;418;474;166;10;8;456;464
8;Barcelona;41;Vallès Oriental;08210;Sant Feliu de Codines;1;1;A;;509;146;262;333;176;0;3;330;333
8;Barcelona;41;Vallès Oriental;08210;Sant Feliu de Codines;1;1;B;;540;131;295;391;149;1;1;389;390
8;Barcelona;41;Vallès Oriental;08210;Sant Feliu de Codines;1;2;A;;597;187;337;416;181;5;7;404;411
8;Barcelona;41;Vallès Oriental;08210;Sant Feliu de Codines;1;2;B;;696;219;409;490;206;6;7;477;484
8;Barcelona;41;Vallès Oriental;08210;Sant Feliu de Codines;2;1;A;;502;144;280;345;157;2;0;343;343
8;Barcelona;41;Vallès Oriental;08210;Sant Feliu de Codines;2;1;B;;613;203;352;411;202;5;1;405;406
8;Barcelona;41;Vallès Oriental;08210;Sant Feliu de Codines;2;2;A;;349;132;211;253;96;1;2;250;252
8;Barcelona;41;Vallès Oriental;08210;Sant Feliu de Codines;2;2;B;;422;153;252;319;103;9;1;309;310
17;Girona;10;Baix Empordà;17160;Sant Feliu de Guíxols;1;1;A;;537;178;326;388;149;1;4;383;387
17;Girona;10;Baix Empordà;17160;Sant Feliu de Guíxols;1;1;B;;475;153;292;350;125;1;4;345;349
17;Girona;10;Baix Empordà;17160;Sant Feliu de Guíxols;1;2;A;;671;244;437;495;176;2;7;486;493
17;Girona;10;Baix Empordà;17160;Sant Feliu de Guíxols;1;2;B;;754;230;446;531;223;4;3;524;527
17;Girona;10;Baix Empordà;17160;Sant Feliu de Guíxols;2;1;A;;484;198;313;353;131;0;4;349;353
17;Girona;10;Baix Empordà;17160;Sant Feliu de Guíxols;2;1;B;;495;195;292;350;145;3;1;346;347
17;Girona;10;Baix Empordà;17160;Sant Feliu de Guíxols;2;2;A;;752;259;429;505;247;3;9;493;502
17;Girona;10;Baix Empordà;17160;Sant Feliu de Guíxols;2;2;B;;825;284;483;525;300;2;11;512;523
17;Girona;10;Baix Empordà;17160;Sant Feliu de Guíxols;2;3;A;;848;225;458;546;302;4;13;529;542
17;Girona;10;Baix Empordà;17160;Sant Feliu de Guíxols;2;3;B;;888;223;452;544;344;7;11;526;537
17;Girona;10;Baix Empordà;17160;Sant Feliu de Guíxols;2;4;U;;848;207;475;559;289;0;13;546;559
17;Girona;10;Baix Empordà;17160;Sant Feliu de Guíxols;2;5;A;;678;153;296;354;324;2;7;345;352
17;Girona;10;Baix Empordà;17160;Sant Feliu de Guíxols;2;5;B;;711;179;335;391;320;3;5;383;388
17;Girona;10;Baix Empordà;17160;Sant Feliu de Guíxols;3;1;A;;855;321;571;594;261;3;6;585;591
17;Girona;10;Baix Empordà;17160;Sant Feliu de Guíxols;3;1;B;;844;302;489;580;264;2;6;572;578
17;Girona;10;Baix Empordà;17160;Sant Feliu de Guíxols;3;2;A;;582;174;323;374;208;1;6;367;373
17;Girona;10;Baix Empordà;17160;Sant Feliu de Guíxols;3;2;B;;576;142;306;371;205;8;5;358;363
17;Girona;10;Baix Empordà;17160;Sant Feliu de Guíxols;3;3;A;;480;123;245;304;176;4;4;296;300
17;Girona;10;Baix Empordà;17160;Sant Feliu de Guíxols;3;3;B;;477;118;246;285;192;4;6;275;281
17;Girona;10;Baix Empordà;17160;Sant Feliu de Guíxols;4;1;A;;669;234;392;458;211;1;2;455;457
17;Girona;10;Baix Empordà;17160;Sant Feliu de Guíxols;4;1;B;;624;212;359;419;205;6;3;410;413
17;Girona;10;Baix Empordà;17160;Sant Feliu de Guíxols;4;2;U;;726;239;529;552;174;2;9;541;550
8;Barcelona;11;Baix Llobregat;08211;Sant Feliu de Llobregat;1;1;A;;614;190;385;482;132;4;6;472;478
8;Barcelona;11;Baix Llobregat;08211;Sant Feliu de Llobregat;1;1;B;;633;209;387;494;139;2;10;482;492
8;Barcelona;11;Baix Llobregat;08211;Sant Feliu de Llobregat;1;2;A;;472;166;301;370;102;5;5;360;365
8;Barcelona;11;Baix Llobregat;08211;Sant Feliu de Llobregat;1;2;B;;500;163;326;403;97;4;6;393;399
8;Barcelona;11;Baix Llobregat;08211;Sant Feliu de Llobregat;1;3;A;;463;149;288;362;101;4;10;348;358
8;Barcelona;11;Baix Llobregat;08211;Sant Feliu de Llobregat;1;3;B;;587;153;342;446;141;6;7;433;440
8;Barcelona;11;Baix Llobregat;08211;Sant Feliu de Llobregat;1;4;A;;725;197;417;548;177;8;11;529;540
8;Barcelona;11;Baix Llobregat;08211;Sant Feliu de Llobregat;1;4;B;;830;208;465;616;214;3;10;603;613
8;Barcelona;11;Baix Llobregat;08211;Sant Feliu de Llobregat;2;1;A;;584;184;328;415;169;5;11;399;410
8;Barcelona;11;Baix Llobregat;08211;Sant Feliu de Llobregat;2;1;B;;712;236;433;525;187;4;6;515;521
8;Barcelona;11;Baix Llobregat;08211;Sant Feliu de Llobregat;2;2;U;;507;167;303;385;122;1;10;374;384
8;Barcelona;11;Baix Llobregat;08211;Sant Feliu de Llobregat;2;3;A;;485;119;254;319;166;4;4;311;315
8;Barcelona;11;Baix Llobregat;08211;Sant Feliu de Llobregat;2;3;B;;532;133;275;341;191;4;3;334;337
8;Barcelona;11;Baix Llobregat;08211;Sant Feliu de Llobregat;2;4;U;;526;189;322;388;138;5;3;380;383
8;Barcelona;11;Baix Llobregat;08211;Sant Feliu de Llobregat;2;5;U;;985;276;629;770;215;9;13;748;761
8;Barcelona;11;Baix Llobregat;08211;Sant Feliu de Llobregat;2;6;A;;620;167;349;454;166;6;10;438;448
8;Barcelona;11;Baix Llobregat;08211;Sant Feliu de Llobregat;2;6;B;;718;188;398;509;209;20;11;478;489
8;Barcelona;11;Baix Llobregat;08211;Sant Feliu de Llobregat;2;7;A;;555;133;320;401;154;3;5;393;398
8;Barcelona;11;Baix Llobregat;08211;Sant Feliu de Llobregat;2;7;B;;658;173;380;478;180;6;7;465;472
8;Barcelona;11;Baix Llobregat;08211;Sant Feliu de Llobregat;2;8;A;;642;180;363;456;186;8;3;445;448
8;Barcelona;11;Baix Llobregat;08211;Sant Feliu de Llobregat;2;8;B;;689;190;400;488;201;11;2;475;477
8;Barcelona;11;Baix Llobregat;08211;Sant Feliu de Llobregat;3;1;A;;395;104;212;260;135;5;2;253;255
8;Barcelona;11;Baix Llobregat;08211;Sant Feliu de Llobregat;3;1;B;;437;136;254;305;132;2;5;298;303
8;Barcelona;11;Baix Llobregat;08211;Sant Feliu de Llobregat;3;1;C;;478;163;275;332;146;5;5;322;327
8;Barcelona;11;Baix Llobregat;08211;Sant Feliu de Llobregat;3;2;A;;499;181;272;339;160;6;4;329;333
8;Barcelona;11;Baix Llobregat;08211;Sant Feliu de Llobregat;3;2;B;;593;140;331;402;191;6;13;383;396
8;Barcelona;11;Baix Llobregat;08211;Sant Feliu de Llobregat;3;3;A;;627;200;380;473;154;1;9;463;472
8;Barcelona;11;Baix Llobregat;08211;Sant Feliu de Llobregat;3;3;B;;687;234;421;516;171;5;6;505;511
8;Barcelona;11;Baix Llobregat;08211;Sant Feliu de Llobregat;3;4;A;;668;219;421;535;133;3;7;525;532
8;Barcelona;11;Baix Llobregat;08211;Sant Feliu de Llobregat;3;4;B;;769;227;485;612;157;12;4;596;600
8;Barcelona;11;Baix Llobregat;08211;Sant Feliu de Llobregat;3;5;A;;592;165;347;444;148;5;4;435;439
8;Barcelona;11;Baix Llobregat;08211;Sant Feliu de Llobregat;3;5;B;;697;220;431;539;158;6;6;527;533
8;Barcelona;11;Baix Llobregat;08211;Sant Feliu de Llobregat;4;1;U;;728;227;420;498;230;4;9;485;494
8;Barcelona;11;Baix Llobregat;08211;Sant Feliu de Llobregat;4;2;A;;348;84;173;225;123;3;4;218;222
8;Barcelona;11;Baix Llobregat;08211;Sant Feliu de Llobregat;4;2;B;;487;136;256;325;162;5;5;315;320
8;Barcelona;11;Baix Llobregat;08211;Sant Feliu de Llobregat;4;3;U;;772;212;403;491;281;6;7;478;485
8;Barcelona;11;Baix Llobregat;08211;Sant Feliu de Llobregat;4;4;A;;570;148;321;407;163;1;7;399;406
8;Barcelona;11;Baix Llobregat;08211;Sant Feliu de Llobregat;4;4;B;;666;206;385;458;208;4;6;448;454
8;Barcelona;11;Baix Llobregat;08211;Sant Feliu de Llobregat;4;5;U;;389;102;184;219;170;4;8;207;215
8;Barcelona;11;Baix Llobregat;08211;Sant Feliu de Llobregat;5;1;A;;383;121;209;248;135;5;5;238;243
8;Barcelona;11;Baix Llobregat;08211;Sant Feliu de Llobregat;5;1;B;;438;137;230;268;170;6;5;257;262
8;Barcelona;11;Baix Llobregat;08211;Sant Feliu de Llobregat;5;2;U;;690;183;350;434;256;10;8;416;424
8;Barcelona;11;Baix Llobregat;08211;Sant Feliu de Llobregat;6;1;A;;398;106;197;246;152;6;5;235;240
8;Barcelona;11;Baix Llobregat;08211;Sant Feliu de Llobregat;6;1;B;;517;145;253;317;200;2;3;312;315
8;Barcelona;11;Baix Llobregat;08211;Sant Feliu de Llobregat;6;1;C;;486;118;238;297;189;0;4;293;297
8;Barcelona;11;Baix Llobregat;08211;Sant Feliu de Llobregat;6;2;U;;630;189;345;443;187;4;5;434;439
8;Barcelona;11;Baix Llobregat;08211;Sant Feliu de Llobregat;6;3;U;;675;188;360;441;234;11;10;420;430
8;Barcelona;11;Baix Llobregat;08211;Sant Feliu de Llobregat;6;4;A;;435;128;286;343;92;4;5;334;339
8;Barcelona;11;Baix Llobregat;08211;Sant Feliu de Llobregat;6;4;B;;543;153;339;423;120;0;7;416;423
8;Barcelona;11;Baix Llobregat;08211;Sant Feliu de Llobregat;7;1;A;;641;175;388;502;139;6;10;486;496
8;Barcelona;11;Baix Llobregat;08211;Sant Feliu de Llobregat;7;1;B;;752;216;454;580;172;8;9;563;572
8;Barcelona;11;Baix Llobregat;08211;Sant Feliu de Llobregat;7;2;A;;704;199;440;568;136;13;11;544;555
8;Barcelona;11;Baix Llobregat;08211;Sant Feliu de Llobregat;7;2;B;;787;215;509;649;138;9;3;637;640
8;Barcelona;11;Baix Llobregat;08211;Sant Feliu de Llobregat;7;3;U;;829;196;454;593;236;1;8;584;592
17;Girona;19;Garrotxa;17161;Sant Feliu de Pallerols;1;1;A;;490;201;349;404;86;3;4;397;401
17;Girona;19;Garrotxa;17161;Sant Feliu de Pallerols;1;1;B;;483;200;347;397;86;0;14;383;397
8;Barcelona;7;Bages;08212;Sant Feliu Sasserra;1;1;U;;489;158;318;399;90;1;6;392;398
17;Girona;19;Garrotxa;17162;Sant Ferriol;1;1;U;;144;26;65;88;56;0;2;86;88
8;Barcelona;41;Vallès Oriental;08209;Sant Fost de Campsentelles;1;1;A;;473;149;276;328;145;1;5;322;327
8;Barcelona;41;Vallès Oriental;08209;Sant Fost de Campsentelles;1;1;B;;511;118;273;330;181;4;4;322;326
8;Barcelona;41;Vallès Oriental;08209;Sant Fost de Campsentelles;1;1;C;;595;172;347;391;204;0;0;391;391
8;Barcelona;41;Vallès Oriental;08209;Sant Fost de Campsentelles;1;2;A;;567;148;296;384;183;2;6;376;382
8;Barcelona;41;Vallès Oriental;08209;Sant Fost de Campsentelles;1;2;B;;732;174;391;474;258;3;7;464;471
8;Barcelona;41;Vallès Oriental;08209;Sant Fost de Campsentelles;1;3;A;;633;180;391;468;165;1;7;460;467
8;Barcelona;41;Vallès Oriental;08209;Sant Fost de Campsentelles;1;3;B;;654;181;350;406;248;7;8;391;399
8;Barcelona;41;Vallès Oriental;08209;Sant Fost de Campsentelles;1;3;C;;688;209;390;469;219;10;5;454;459
8;Barcelona;41;Vallès Oriental;08209;Sant Fost de Campsentelles;1;4;A;;526;151;275;340;186;1;6;333;339
8;Barcelona;41;Vallès Oriental;08209;Sant Fost de Campsentelles;1;4;B;;658;190;337;415;243;1;7;407;414
8;Barcelona;41;Vallès Oriental;08209;Sant Fost de Campsentelles;1;4;C;;633;162;314;391;242;2;7;382;389
8;Barcelona;7;Bages;08213;Sant Fruitós de Bages;1;1;A;;494;134;289;354;140;7;5;342;347
8;Barcelona;7;Bages;08213;Sant Fruitós de Bages;1;1;B;;397;110;225;274;123;0;4;270;274
8;Barcelona;7;Bages;08213;Sant Fruitós de Bages;1;1;C;;560;160;334;409;151;5;8;396;404
8;Barcelona;7;Bages;08213;Sant Fruitós de Bages;1;1;D;;496;157;305;372;124;5;5;362;367
8;Barcelona;7;Bages;08213;Sant Fruitós de Bages;1;2;A;;645;201;351;414;231;2;11;401;412
8;Barcelona;7;Bages;08213;Sant Fruitós de Bages;1;2;B;;717;171;368;445;272;2;9;434;443
8;Barcelona;7;Bages;08213;Sant Fruitós de Bages;1;2;C;;685;203;382;473;212;2;11;460;471
8;Barcelona;7;Bages;08213;Sant Fruitós de Bages;1;3;A;;663;190;415;491;172;4;9;478;487
8;Barcelona;7;Bages;08213;Sant Fruitós de Bages;1;3;B;;806;207;440;545;261;4;3;538;541
8;Barcelona;7;Bages;08213;Sant Fruitós de Bages;1;4;U;;728;220;493;604;124;0;6;598;604
17;Girona;20;Gironès;17163;Sant Gregori;1;1;A;;807;295;513;652;155;7;15;630;645
17;Girona;20;Gironès;17163;Sant Gregori;1;1;B;;808;329;547;669;139;5;12;652;664
17;Girona;20;Gironès;17163;Sant Gregori;1;2;A;;641;221;359;442;199;1;7;434;441
17;Girona;20;Gironès;17163;Sant Gregori;1;2;B;;297;139;212;256;41;2;2;252;254
25;Lleida;32;Segarra;25192;Sant Guim de Freixenet;1;1;U;;786;229;477;595;191;8;15;572;587
25;Lleida;32;Segarra;25197;Sant Guim de la Plana;1;1;U;;150;47;93;121;29;0;2;119;121
17;Girona;34;Selva;17164;Sant Hilari Sacalm;1;1;A;;532;171;332;399;133;1;2;396;398
17;Girona;34;Selva;17164;Sant Hilari Sacalm;1;1;B;;675;233;422;520;155;9;3;508;511
17;Girona;34;Selva;17164;Sant Hilari Sacalm;1;2;A;;495;136;286;359;136;5;5;349;354
17;Girona;34;Selva;17164;Sant Hilari Sacalm;1;2;B;;534;177;325;389;145;7;2;380;382
17;Girona;34;Selva;17164;Sant Hilari Sacalm;1;3;A;;918;263;539;659;259;5;4;650;654
17;Girona;34;Selva;17164;Sant Hilari Sacalm;1;3;B;;894;267;543;654;240;12;2;640;642
8;Barcelona;24;Osona;08215;Sant Hipòlit de Voltregà;1;1;U;;817;360;534;631;186;1;6;624;630
8;Barcelona;24;Osona;08215;Sant Hipòlit de Voltregà;1;2;U;;854;304;575;677;177;1;15;661;676
8;Barcelona;24;Osona;08215;Sant Hipòlit de Voltregà;1;3;A;;373;107;234;272;101;2;7;263;270
8;Barcelona;24;Osona;08215;Sant Hipòlit de Voltregà;1;3;B;;531;172;321;399;132;5;6;388;394
8;Barcelona;21;Maresme;08193;Sant Iscle de Vallalta;1;1;U;;949;305;578;669;280;2;7;660;667
43;Tarragona;22;Montsià;43902;Sant Jaume d'Enveja;1;1;A;;801;208;382;469;332;6;33;430;463
43;Tarragona;22;Montsià;43902;Sant Jaume d'Enveja;1;1;B;;413;172;266;306;107;24;14;268;282
43;Tarragona;22;Montsià;43902;Sant Jaume d'Enveja;1;2;A;;803;190;360;459;344;8;16;435;451
43;Tarragona;22;Montsià;43902;Sant Jaume d'Enveja;1;2;B;;749;212;366;447;302;4;15;428;443
8;Barcelona;14;Berguedà;08216;Sant Jaume de Frontanyà;1;1;U;;23;8;15;20;3;0;0;20;20
17;Girona;19;Garrotxa;17165;Sant Jaume de Llierca;1;1;U;;614;260;421;472;142;2;4;466;470
43;Tarragona;12;Baix Penedès;43137;Sant Jaume dels Domenys;1;1;A;;480;147;275;332;148;6;6;320;326
43;Tarragona;12;Baix Penedès;43137;Sant Jaume dels Domenys;1;1;B;;437;122;286;298;139;3;4;291;295
43;Tarragona;12;Baix Penedès;43137;Sant Jaume dels Domenys;1;1;C;;522;151;286;359;163;10;2;347;349
43;Tarragona;12;Baix Penedès;43137;Sant Jaume dels Domenys;1;1;D;;472;136;257;315;157;1;6;308;314
17;Girona;31;Ripollès;17167;Sant Joan de les Abadesses;1;1;U;;528;185;356;420;108;5;17;398;415
17;Girona;31;Ripollès;17167;Sant Joan de les Abadesses;1;2;A;;531;213;360;418;113;2;8;408;416
17;Girona;31;Ripollès;17167;Sant Joan de les Abadesses;1;2;B;;477;193;318;372;105;3;5;364;369
17;Girona;31;Ripollès;17167;Sant Joan de les Abadesses;1;2;C;;549;249;375;441;108;5;7;429;436
17;Girona;31;Ripollès;17167;Sant Joan de les Abadesses;1;3;A;;339;91;224;260;79;5;8;247;255
17;Girona;31;Ripollès;17167;Sant Joan de les Abadesses;1;3;B;;341;100;211;282;59;0;2;280;282
17;Girona;20;Gironès;17168;Sant Joan de Mollet;1;1;U;;386;151;271;316;70;3;2;311;313
8;Barcelona;11;Baix Llobregat;08217;Sant Joan Despí;1;1;U;;798;192;463;606;192;7;13;586;599
8;Barcelona;11;Baix Llobregat;08217;Sant Joan Despí;1;10;A;;650;154;381;497;153;8;10;479;489
8;Barcelona;11;Baix Llobregat;08217;Sant Joan Despí;1;10;B;;740;168;428;555;185;2;12;541;553
8;Barcelona;11;Baix Llobregat;08217;Sant Joan Despí;1;2;A;;433;132;246;318;115;1;7;310;317
8;Barcelona;11;Baix Llobregat;08217;Sant Joan Despí;1;2;B;;445;127;252;322;123;2;9;311;320
8;Barcelona;11;Baix Llobregat;08217;Sant Joan Despí;1;3;A;;655;169;397;495;160;2;8;485;493
8;Barcelona;11;Baix Llobregat;08217;Sant Joan Despí;1;3;B;;786;218;474;596;190;9;8;579;587
8;Barcelona;11;Baix Llobregat;08217;Sant Joan Despí;1;4;A;;871;220;482;636;235;5;15;616;631
8;Barcelona;11;Baix Llobregat;08217;Sant Joan Despí;1;4;B;;951;247;547;717;234;3;12;702;714
8;Barcelona;11;Baix Llobregat;08217;Sant Joan Despí;1;5;A;;416;140;253;320;96;3;7;310;317
8;Barcelona;11;Baix Llobregat;08217;Sant Joan Despí;1;5;B;;457;136;259;342;115;2;9;331;340
8;Barcelona;11;Baix Llobregat;08217;Sant Joan Despí;1;5;C;;521;144;313;384;137;3;4;377;381
8;Barcelona;11;Baix Llobregat;08217;Sant Joan Despí;1;6;A;;373;77;192;253;120;3;3;247;250
8;Barcelona;11;Baix Llobregat;08217;Sant Joan Despí;1;6;B;;422;122;229;276;146;1;3;272;275
8;Barcelona;11;Baix Llobregat;08217;Sant Joan Despí;1;7;A;;511;142;271;357;154;2;4;351;355
8;Barcelona;11;Baix Llobregat;08217;Sant Joan Despí;1;7;B;;497;137;265;354;143;4;6;344;350
8;Barcelona;11;Baix Llobregat;08217;Sant Joan Despí;1;8;A;;553;126;294;388;165;6;4;378;382
8;Barcelona;11;Baix Llobregat;08217;Sant Joan Despí;1;8;B;;637;153;342;432;205;2;9;421;430
8;Barcelona;11;Baix Llobregat;08217;Sant Joan Despí;1;9;U;;971;266;600;763;208;0;27;736;763
8;Barcelona;11;Baix Llobregat;08217;Sant Joan Despí;2;2;A;;695;173;364;475;220;2;8;465;473
8;Barcelona;11;Baix Llobregat;08217;Sant Joan Despí;2;2;B;;676;184;346;442;234;5;9;428;437
8;Barcelona;11;Baix Llobregat;08217;Sant Joan Despí;2;3;U;;540;162;279;341;199;5;7;329;336
8;Barcelona;11;Baix Llobregat;08217;Sant Joan Despí;2;4;A;;406;120;210;261;145;1;4;256;260
8;Barcelona;11;Baix Llobregat;08217;Sant Joan Despí;2;4;B;;511;151;260;327;184;2;9;316;325
8;Barcelona;11;Baix Llobregat;08217;Sant Joan Despí;3;1;A;;303;114;186;215;88;0;5;210;215
8;Barcelona;11;Baix Llobregat;08217;Sant Joan Despí;3;1;B;;365;111;197;237;128;5;4;228;232
8;Barcelona;11;Baix Llobregat;08217;Sant Joan Despí;3;1;C;;314;110;181;211;103;3;7;201;208
8;Barcelona;11;Baix Llobregat;08217;Sant Joan Despí;3;2;A;;570;160;309;409;161;2;6;401;407
8;Barcelona;11;Baix Llobregat;08217;Sant Joan Despí;3;2;B;;607;178;324;418;189;0;0;418;418
8;Barcelona;11;Baix Llobregat;08217;Sant Joan Despí;3;3;A;;362;97;186;238;124;0;2;236;238
8;Barcelona;11;Baix Llobregat;08217;Sant Joan Despí;3;3;B;;320;97;178;212;108;2;2;208;210
8;Barcelona;11;Baix Llobregat;08217;Sant Joan Despí;3;4;A;;588;190;337;420;168;2;2;416;418
8;Barcelona;11;Baix Llobregat;08217;Sant Joan Despí;3;4;B;;689;210;400;479;210;5;4;470;474
8;Barcelona;11;Baix Llobregat;08217;Sant Joan Despí;3;5;A;;419;137;241;310;109;3;4;303;307
8;Barcelona;11;Baix Llobregat;08217;Sant Joan Despí;3;5;B;;482;131;260;335;147;3;4;328;332
8;Barcelona;11;Baix Llobregat;08217;Sant Joan Despí;4;1;A;;891;243;568;719;172;5;17;697;714
8;Barcelona;11;Baix Llobregat;08217;Sant Joan Despí;4;1;B;;1020;281;651;812;208;2;17;793;810
8;Barcelona;11;Baix Llobregat;08217;Sant Joan Despí;5;1;A;;607;180;353;461;146;2;3;456;459
8;Barcelona;11;Baix Llobregat;08217;Sant Joan Despí;5;1;B;;656;195;361;487;169;3;7;477;484
8;Barcelona;11;Baix Llobregat;08217;Sant Joan Despí;5;1;C;;673;185;391;510;163;3;9;498;507
8;Barcelona;11;Baix Llobregat;08217;Sant Joan Despí;5;2;U;;849;265;534;696;153;2;10;684;694
8;Barcelona;7;Bages;08218;Sant Joan de Vilatorrada;1;1;A;;533;159;287;353;180;0;0;353;353
8;Barcelona;7;Bages;08218;Sant Joan de Vilatorrada;1;1;B;;529;158;313;371;158;3;11;357;368
8;Barcelona;7;Bages;08218;Sant Joan de Vilatorrada;1;1;C;;621;175;342;427;194;5;9;413;422
8;Barcelona;7;Bages;08218;Sant Joan de Vilatorrada;1;2;A;;470;105;245;319;151;3;8;308;316
8;Barcelona;7;Bages;08218;Sant Joan de Vilatorrada;1;2;B;;595;135;297;393;202;4;8;381;389
8;Barcelona;7;Bages;08218;Sant Joan de Vilatorrada;1;2;C;;548;135;276;367;181;1;11;355;366
8;Barcelona;7;Bages;08218;Sant Joan de Vilatorrada;1;3;A;;603;172;333;421;182;6;9;406;415
8;Barcelona;7;Bages;08218;Sant Joan de Vilatorrada;1;3;B;;778;216;427;519;259;5;5;509;514
8;Barcelona;7;Bages;08218;Sant Joan de Vilatorrada;1;3;C;;200;40;118;155;45;3;0;152;152
8;Barcelona;7;Bages;08218;Sant Joan de Vilatorrada;1;5;A;;602;187;359;423;179;5;11;407;418
8;Barcelona;7;Bages;08218;Sant Joan de Vilatorrada;1;5;B;;707;216;410;504;203;4;7;493;500
8;Barcelona;7;Bages;08218;Sant Joan de Vilatorrada;1;6;A;;526;128;278;344;182;4;10;330;340
8;Barcelona;7;Bages;08218;Sant Joan de Vilatorrada;1;6;B;;633;170;336;373;260;3;7;363;370
8;Barcelona;7;Bages;08218;Sant Joan de Vilatorrada;1;6;C;;619;146;329;417;202;2;8;407;415
17;Girona;19;Garrotxa;17185;Sant Joan les Fonts;1;1;A;;469;171;293;358;111;6;3;349;352
17;Girona;19;Garrotxa;17185;Sant Joan les Fonts;1;1;B;;493;196;305;366;127;2;1;363;364
17;Girona;19;Garrotxa;17185;Sant Joan les Fonts;1;2;U;;480;148;294;344;136;5;2;337;339
17;Girona;19;Garrotxa;17185;Sant Joan les Fonts;1;3;A;;623;210;446;501;122;3;6;492;498
17;Girona;19;Garrotxa;17185;Sant Joan les Fonts;1;3;B;;200;70;110;146;54;0;6;140;146
17;Girona;20;Gironès;17166;Sant Jordi Desvalls;1;1;U;;504;226;341;418;86;1;3;414;417
8;Barcelona;14;Berguedà;08903;Sant Julià de Cerdanyola;1;1;U;;217;100;162;193;24;0;5;188;193
17;Girona;34;Selva;17903;Sant Julià del Llor i Bonmatí;1;1;U;;881;303;568;682;199;15;6;661;667
17;Girona;20;Gironès;17169;Sant Julià de Ramis;1;1;A;;931;267;580;695;236;4;7;684;691
17;Girona;20;Gironès;17169;Sant Julià de Ramis;1;1;B;;921;307;601;687;234;7;6;674;680
17;Girona;20;Gironès;17169;Sant Julià de Ramis;1;2;U;;643;213;423;494;149;2;6;486;492
8;Barcelona;24;Osona;08220;Sant Julià de Vilatorta;1;1;A;;577;207;414;500;77;10;5;485;490
8;Barcelona;24;Osona;08220;Sant Julià de Vilatorta;1;1;B;;610;203;436;526;84;2;2;522;524
8;Barcelona;24;Osona;08220;Sant Julià de Vilatorta;1;2;A;;532;176;380;472;60;2;3;467;470
8;Barcelona;24;Osona;08220;Sant Julià de Vilatorta;1;2;B;;556;204;390;484;72;2;1;481;482
8;Barcelona;11;Baix Llobregat;08221;Sant Just Desvern;1;1;A;;692;221;442;545;147;9;7;529;536
8;Barcelona;11;Baix Llobregat;08221;Sant Just Desvern;1;1;B;;809;263;548;640;169;3;13;624;637
8;Barcelona;11;Baix Llobregat;08221;Sant Just Desvern;1;2;U;;612;186;345;405;207;2;14;389;403
8;Barcelona;11;Baix Llobregat;08221;Sant Just Desvern;1;3;A;;808;275;535;630;178;2;9;619;628
8;Barcelona;11;Baix Llobregat;08221;Sant Just Desvern;1;3;B;;927;279;570;684;243;1;5;678;683
8;Barcelona;11;Baix Llobregat;08221;Sant Just Desvern;1;4;A;;583;216;364;443;140;5;8;430;438
8;Barcelona;11;Baix Llobregat;08221;Sant Just Desvern;1;4;B;;709;196;427;532;177;5;13;514;527
8;Barcelona;11;Baix Llobregat;08221;Sant Just Desvern;1;5;A;;672;190;398;500;172;5;6;489;495
8;Barcelona;11;Baix Llobregat;08221;Sant Just Desvern;1;5;B;;812;238;490;614;198;4;7;603;610
8;Barcelona;11;Baix Llobregat;08221;Sant Just Desvern;1;6;A;;813;269;520;658;155;6;11;641;652
8;Barcelona;11;Baix Llobregat;08221;Sant Just Desvern;1;6;B;;914;288;595;723;191;2;16;705;721
8;Barcelona;11;Baix Llobregat;08221;Sant Just Desvern;1;7;A;;606;185;362;467;139;3;3;461;464
8;Barcelona;11;Baix Llobregat;08221;Sant Just Desvern;1;7;B;;729;227;462;548;181;0;0;548;548
8;Barcelona;11;Baix Llobregat;08221;Sant Just Desvern;1;8;A;;428;104;249;329;99;1;7;321;328
8;Barcelona;11;Baix Llobregat;08221;Sant Just Desvern;1;8;B;;527;151;332;416;111;3;7;406;413
8;Barcelona;11;Baix Llobregat;08221;Sant Just Desvern;1;9;A;;786;267;490;598;188;3;8;587;595
8;Barcelona;11;Baix Llobregat;08221;Sant Just Desvern;1;9;B;;298;103;207;272;26;1;10;261;271
8;Barcelona;3;Alt Penedès;08222;Sant Llorenç d'Hortons;1;1;A;;678;228;406;548;130;4;12;532;544
8;Barcelona;3;Alt Penedès;08222;Sant Llorenç d'Hortons;1;1;B;;694;244;423;557;137;4;10;543;553
8;Barcelona;3;Alt Penedès;08222;Sant Llorenç d'Hortons;1;1;C;;458;161;250;326;132;2;2;322;324
17;Girona;2;Alt Empordà;17171;Sant Llorenç de la Muga;1;1;U;;156;59;96;120;36;2;2;116;118
25;Lleida;35;Solsonès;25193;Sant Llorenç de Morunys;1;1;U;;766;275;502;602;164;2;9;591;600
8;Barcelona;40;Vallès Occidental;08223;Sant Llorenç Savall;1;1;A;;905;248;495;640;265;5;9;626;635
8;Barcelona;40;Vallès Occidental;08223;Sant Llorenç Savall;1;1;B;;955;231;524;672;283;6;5;661;666
8;Barcelona;24;Osona;08225;Sant Martí d'Albars;1;1;U;;89;33;62;75;14;0;1;74;75
8;Barcelona;24;Osona;08224;Sant Martí de Centelles;1;1;U;;790;283;524;599;191;3;2;594;596
17;Girona;20;Gironès;17172;Sant Martí de Llémena;1;1;U;;452;150;292;351;101;2;2;347;349
25;Lleida;38;Urgell;25902;Sant Martí de Riucorb;1;1;U;;582;155;334;452;130;7;8;437;445
8;Barcelona;6;Anoia;08226;Sant Martí de Tous;1;1;U;;882;275;579;728;154;4;6;718;724
8;Barcelona;3;Alt Penedès;08227;Sant Martí Sarroca;1;1;A;;663;179;368;491;172;18;12;461;473
8;Barcelona;3;Alt Penedès;08227;Sant Martí Sarroca;1;1;B;;535;140;278;387;148;7;7;373;380
8;Barcelona;3;Alt Penedès;08227;Sant Martí Sarroca;1;1;C;;665;203;388;489;176;11;7;471;478
8;Barcelona;3;Alt Penedès;08227;Sant Martí Sarroca;1;2;U;;492;145;310;388;104;8;3;377;380
8;Barcelona;6;Anoia;08228;Sant Martí Sesgueioles;1;1;U;;296;70;177;222;74;4;2;216;218
17;Girona;20;Gironès;17173;Sant Martí Vell;1;1;U;;167;58;111;133;34;2;0;131;131
8;Barcelona;7;Bages;08229;Sant Mateu de Bages;1;1;A;;143;37;97;109;34;1;3;105;108
8;Barcelona;7;Bages;08229;Sant Mateu de Bages;1;1;B;;406;165;280;346;60;1;6;339;345
17;Girona;28;Pla de l'Estany;17174;Sant Miquel de Campmajor;1;1;U;;181;60;118;146;35;0;2;144;146
17;Girona;2;Alt Empordà;17175;Sant Miquel de Fluvià;1;1;U;;579;163;301;356;223;5;2;349;351
17;Girona;2;Alt Empordà;17176;Sant Mori;1;1;U;;135;43;89;103;32;0;3;100;103
17;Girona;31;Ripollès;17177;Sant Pau de Segúries;1;1;U;;551;191;382;434;117;3;7;424;431
8;Barcelona;7;Bages;08192;Santpedor;1;1;A;;633;206;411;484;149;5;5;474;479
8;Barcelona;7;Bages;08192;Santpedor;1;1;B;;464;147;278;339;125;2;4;333;337
8;Barcelona;7;Bages;08192;Santpedor;1;2;A;;637;183;355;446;191;6;7;433;440
8;Barcelona;7;Bages;08192;Santpedor;1;2;B;;540;153;277;373;167;3;2;368;370
8;Barcelona;7;Bages;08192;Santpedor;1;2;C;;675;208;397;491;184;4;7;480;487
8;Barcelona;7;Bages;08192;Santpedor;1;3;A;;635;213;411;506;129;2;3;501;504
8;Barcelona;7;Bages;08192;Santpedor;1;3;B;;598;181;335;452;146;1;9;442;451
8;Barcelona;7;Bages;08192;Santpedor;1;3;C;;670;223;396;518;152;3;9;506;515
8;Barcelona;7;Bages;08192;Santpedor;1;4;U;;688;224;440;528;160;3;7;518;525
8;Barcelona;17;Garraf;08231;Sant Pere de Ribes;1;1;A;;557;199;355;414;143;3;2;409;411
8;Barcelona;17;Garraf;08231;Sant Pere de Ribes;1;1;B;;555;149;304;380;175;5;6;369;375
8;Barcelona;17;Garraf;08231;Sant Pere de Ribes;1;10;A;;503;136;232;278;225;5;9;264;273
8;Barcelona;17;Garraf;08231;Sant Pere de Ribes;1;10;B;;679;169;285;363;316;1;8;354;362
8;Barcelona;17;Garraf;08231;Sant Pere de Ribes;1;11;A;;446;93;197;248;198;1;7;240;247
8;Barcelona;17;Garraf;08231;Sant Pere de Ribes;1;11;B;;390;107;189;228;162;5;5;218;223
8;Barcelona;17;Garraf;08231;Sant Pere de Ribes;1;12;A;;406;106;202;271;135;3;4;264;268
8;Barcelona;17;Garraf;08231;Sant Pere de Ribes;1;12;B;;390;108;200;241;149;5;4;232;236
8;Barcelona;17;Garraf;08231;Sant Pere de Ribes;1;13;A;;518;147;234;296;222;2;2;292;294
8;Barcelona;17;Garraf;08231;Sant Pere de Ribes;1;13;B;;574;149;261;339;235;2;7;330;337
8;Barcelona;17;Garraf;08231;Sant Pere de Ribes;1;14;U;;714;200;388;481;233;3;6;472;478
8;Barcelona;17;Garraf;08231;Sant Pere de Ribes;1;15;A;;519;158;261;336;183;2;0;334;334
8;Barcelona;17;Garraf;08231;Sant Pere de Ribes;1;15;B;;632;179;318;433;199;2;8;423;431
8;Barcelona;17;Garraf;08231;Sant Pere de Ribes;1;15;C;;272;111;162;201;71;1;2;198;200
8;Barcelona;17;Garraf;08231;Sant Pere de Ribes;1;16;A;;537;174;302;379;158;1;13;365;378
8;Barcelona;17;Garraf;08231;Sant Pere de Ribes;1;16;B;;591;193;329;410;181;5;3;402;405
8;Barcelona;17;Garraf;08231;Sant Pere de Ribes;1;17;A;;488;124;272;337;151;3;5;329;334
8;Barcelona;17;Garraf;08231;Sant Pere de Ribes;1;17;B;;635;180;339;433;202;5;5;423;428
8;Barcelona;17;Garraf;08231;Sant Pere de Ribes;1;2;A;;501;136;282;338;163;6;4;328;332
8;Barcelona;17;Garraf;08231;Sant Pere de Ribes;1;2;B;;539;166;304;356;183;1;2;353;355
8;Barcelona;17;Garraf;08231;Sant Pere de Ribes;1;3;A;;618;173;351;459;159;4;5;450;455
8;Barcelona;17;Garraf;08231;Sant Pere de Ribes;1;3;B;;766;221;417;517;249;2;4;511;515
8;Barcelona;17;Garraf;08231;Sant Pere de Ribes;1;4;A;;622;150;267;348;274;3;10;335;345
8;Barcelona;17;Garraf;08231;Sant Pere de Ribes;1;4;B;;771;220;356;436;335;8;11;417;428
8;Barcelona;17;Garraf;08231;Sant Pere de Ribes;1;5;A;;708;176;324;400;308;9;3;388;391
8;Barcelona;17;Garraf;08231;Sant Pere de Ribes;1;5;B;;882;264;422;525;357;0;0;525;525
8;Barcelona;17;Garraf;08231;Sant Pere de Ribes;1;6;A;;545;155;222;277;268;6;2;269;271
8;Barcelona;17;Garraf;08231;Sant Pere de Ribes;1;6;B;;654;215;313;366;288;1;10;355;365
8;Barcelona;17;Garraf;08231;Sant Pere de Ribes;1;7;A;;653;167;269;344;309;3;8;333;341
8;Barcelona;17;Garraf;08231;Sant Pere de Ribes;1;7;B;;793;197;345;457;336;2;15;440;455
8;Barcelona;17;Garraf;08231;Sant Pere de Ribes;1;8;A;;404;123;236;290;114;2;6;282;288
8;Barcelona;17;Garraf;08231;Sant Pere de Ribes;1;8;B;;557;175;311;388;169;3;5;380;385
8;Barcelona;17;Garraf;08231;Sant Pere de Ribes;1;9;A;;774;212;447;539;235;1;13;525;538
8;Barcelona;17;Garraf;08231;Sant Pere de Ribes;1;9;B;;778;226;435;520;258;2;10;508;518
8;Barcelona;3;Alt Penedès;08232;Sant Pere de Riudebitlles;1;1;A;;593;188;387;478;115;4;4;470;474
8;Barcelona;3;Alt Penedès;08232;Sant Pere de Riudebitlles;1;1;B;;581;170;343;431;150;5;0;426;426
8;Barcelona;3;Alt Penedès;08232;Sant Pere de Riudebitlles;1;1;C;;593;165;335;440;153;5;6;429;435
8;Barcelona;24;Osona;08233;Sant Pere de Torelló;1;1;U;;736;260;500;609;127;9;10;590;600
8;Barcelona;24;Osona;08233;Sant Pere de Torelló;1;2;A;;483;152;282;346;137;6;3;337;340
8;Barcelona;24;Osona;08233;Sant Pere de Torelló;1;2;B;;632;211;385;486;146;1;8;477;485
8;Barcelona;41;Vallès Oriental;08234;Sant Pere de Vilamajor;1;1;A;;839;272;522;608;231;8;8;592;600
8;Barcelona;41;Vallès Oriental;08234;Sant Pere de Vilamajor;1;1;B;;670;188;382;478;192;4;7;467;474
8;Barcelona;41;Vallès Oriental;08234;Sant Pere de Vilamajor;1;1;C;;962;327;586;679;283;14;11;654;665
8;Barcelona;41;Vallès Oriental;08234;Sant Pere de Vilamajor;1;1;D;;704;203;407;511;193;4;7;500;507
17;Girona;2;Alt Empordà;17178;Sant Pere Pescador;1;1;U;;1074;381;694;800;274;1;5;794;799
8;Barcelona;6;Anoia;08189;Sant Pere Sallavinera;1;1;U;;140;36;83;119;21;2;1;116;117
8;Barcelona;21;Maresme;08235;Sant Pol de Mar;1;1;A;;625;228;420;496;129;3;2;491;493
8;Barcelona;21;Maresme;08235;Sant Pol de Mar;1;1;B;;649;226;386;484;165;6;3;475;478
8;Barcelona;21;Maresme;08235;Sant Pol de Mar;1;1;C;;803;297;540;634;169;7;4;623;627
8;Barcelona;21;Maresme;08235;Sant Pol de Mar;1;2;A;;671;225;430;514;157;2;3;509;512
8;Barcelona;21;Maresme;08235;Sant Pol de Mar;1;2;B;;892;297;592;694;198;5;4;685;689
8;Barcelona;3;Alt Penedès;08236;Sant Quintí de Mediona;1;1;A;;707;194;442;522;185;11;9;502;511
8;Barcelona;3;Alt Penedès;08236;Sant Quintí de Mediona;1;1;B;;810;260;508;623;187;7;2;614;616
8;Barcelona;24;Osona;08237;Sant Quirze de Besora;1;1;A;;469;170;314;358;111;3;5;350;355
8;Barcelona;24;Osona;08237;Sant Quirze de Besora;1;1;B;;542;193;361;427;115;3;3;421;424
8;Barcelona;24;Osona;08237;Sant Quirze de Besora;1;2;U;;647;252;437;524;123;0;5;519;524
8;Barcelona;40;Vallès Occidental;08238;Sant Quirze del Vallès;1;1;A;;546;180;348;416;130;5;5;406;411
8;Barcelona;40;Vallès Occidental;08238;Sant Quirze del Vallès;1;1;B;;622;198;408;492;130;7;4;481;485
8;Barcelona;40;Vallès Occidental;08238;Sant Quirze del Vallès;1;10;A;;476;171;264;339;137;3;3;333;336
8;Barcelona;40;Vallès Occidental;08238;Sant Quirze del Vallès;1;10;B;;514;186;311;365;149;3;4;358;362
8;Barcelona;40;Vallès Occidental;08238;Sant Quirze del Vallès;1;11;A;;490;159;290;355;135;0;5;350;355
8;Barcelona;40;Vallès Occidental;08238;Sant Quirze del Vallès;1;11;B;;586;172;322;415;171;1;12;402;414
8;Barcelona;40;Vallès Occidental;08238;Sant Quirze del Vallès;1;12;A;;393;100;233;301;92;0;0;301;301
8;Barcelona;40;Vallès Occidental;08238;Sant Quirze del Vallès;1;12;B;;432;101;252;333;99;2;5;326;331
8;Barcelona;40;Vallès Occidental;08238;Sant Quirze del Vallès;1;2;A;;490;165;346;427;63;3;1;423;424
8;Barcelona;40;Vallès Occidental;08238;Sant Quirze del Vallès;1;2;B;;515;170;362;430;85;1;8;421;429
8;Barcelona;40;Vallès Occidental;08238;Sant Quirze del Vallès;1;3;A;;351;97;188;238;113;0;10;228;238
8;Barcelona;40;Vallès Occidental;08238;Sant Quirze del Vallès;1;3;B;;340;105;190;227;113;2;2;223;225
8;Barcelona;40;Vallès Occidental;08238;Sant Quirze del Vallès;1;3;C;;547;136;289;350;197;1;3;346;349
8;Barcelona;40;Vallès Occidental;08238;Sant Quirze del Vallès;1;3;D;;316;90;174;218;98;1;6;211;217
8;Barcelona;40;Vallès Occidental;08238;Sant Quirze del Vallès;1;4;A;;474;157;348;404;70;1;6;397;403
8;Barcelona;40;Vallès Occidental;08238;Sant Quirze del Vallès;1;4;B;;441;144;291;362;79;3;4;355;359
8;Barcelona;40;Vallès Occidental;08238;Sant Quirze del Vallès;1;4;C;;424;130;298;364;60;2;6;356;362
8;Barcelona;40;Vallès Occidental;08238;Sant Quirze del Vallès;1;5;A;;513;173;328;393;120;5;3;385;388
8;Barcelona;40;Vallès Occidental;08238;Sant Quirze del Vallès;1;5;B;;546;158;326;407;139;2;11;394;405
8;Barcelona;40;Vallès Occidental;08238;Sant Quirze del Vallès;1;5;C;;522;163;324;398;124;1;5;392;397
8;Barcelona;40;Vallès Occidental;08238;Sant Quirze del Vallès;1;6;A;;377;131;252;323;54;4;5;314;319
8;Barcelona;40;Vallès Occidental;08238;Sant Quirze del Vallès;1;6;B;;442;149;292;368;74;2;7;359;366
8;Barcelona;40;Vallès Occidental;08238;Sant Quirze del Vallès;1;6;C;;380;115;247;311;69;3;4;304;308
8;Barcelona;40;Vallès Occidental;08238;Sant Quirze del Vallès;1;7;A;;446;130;282;368;78;1;2;365;367
8;Barcelona;40;Vallès Occidental;08238;Sant Quirze del Vallès;1;7;B;;418;144;289;355;63;1;9;345;354
8;Barcelona;40;Vallès Occidental;08238;Sant Quirze del Vallès;1;7;C;;433;134;298;363;70;1;4;358;362
8;Barcelona;40;Vallès Occidental;08238;Sant Quirze del Vallès;1;8;A;;611;187;394;506;105;0;10;496;506
8;Barcelona;40;Vallès Occidental;08238;Sant Quirze del Vallès;1;8;B;;731;216;473;604;127;4;9;591;600
8;Barcelona;40;Vallès Occidental;08238;Sant Quirze del Vallès;1;9;A;;295;84;166;213;82;0;1;212;213
8;Barcelona;40;Vallès Occidental;08238;Sant Quirze del Vallès;1;9;B;;347;102;207;245;102;3;3;239;242
8;Barcelona;;;08239;Sant Quirze Safaja;1;1;U;;467;149;288;367;100;0;4;363;367
25;Lleida;32;Segarra;25194;Sant Ramon;1;1;U;;441;103;230;334;107;4;9;321;330
8;Barcelona;3;Alt Penedès;08240;Sant Sadurní d'Anoia;1;1;A;;419;161;263;334;85;2;5;327;332
8;Barcelona;3;Alt Penedès;08240;Sant Sadurní d'Anoia;1;1;B;;493;192;302;400;93;1;3;396;399
8;Barcelona;3;Alt Penedès;08240;Sant Sadurní d'Anoia;1;2;A;;527;175;314;406;121;7;2;397;399
8;Barcelona;3;Alt Penedès;08240;Sant Sadurní d'Anoia;1;2;B;;481;150;269;357;124;2;5;350;355
8;Barcelona;3;Alt Penedès;08240;Sant Sadurní d'Anoia;1;2;C;;507;132;275;369;138;0;7;362;369
8;Barcelona;3;Alt Penedès;08240;Sant Sadurní d'Anoia;1;3;A;;438;114;231;292;146;5;5;282;287
8;Barcelona;3;Alt Penedès;08240;Sant Sadurní d'Anoia;1;3;B;;413;103;222;288;125;4;6;278;284
8;Barcelona;3;Alt Penedès;08240;Sant Sadurní d'Anoia;1;4;A;;335;76;232;258;77;3;4;251;255
8;Barcelona;3;Alt Penedès;08240;Sant Sadurní d'Anoia;1;4;B;;402;110;201;305;97;1;5;299;304
8;Barcelona;3;Alt Penedès;08240;Sant Sadurní d'Anoia;2;1;A;;405;145;231;294;111;2;2;290;292
8;Barcelona;3;Alt Penedès;08240;Sant Sadurní d'Anoia;2;1;B;;456;115;288;351;105;4;2;345;347
8;Barcelona;3;Alt Penedès;08240;Sant Sadurní d'Anoia;2;2;A;;493;150;290;365;128;3;2;360;362
8;Barcelona;3;Alt Penedès;08240;Sant Sadurní d'Anoia;2;2;B;;497;144;270;350;147;4;4;342;346
8;Barcelona;3;Alt Penedès;08240;Sant Sadurní d'Anoia;2;2;C;;536;157;311;382;154;3;3;376;379
8;Barcelona;3;Alt Penedès;08240;Sant Sadurní d'Anoia;2;3;A;;461;144;271;354;107;0;4;350;354
8;Barcelona;3;Alt Penedès;08240;Sant Sadurní d'Anoia;2;3;B;;611;190;372;488;123;4;5;479;484
8;Barcelona;3;Alt Penedès;08240;Sant Sadurní d'Anoia;2;4;A;;565;175;333;423;142;3;3;417;420
8;Barcelona;3;Alt Penedès;08240;Sant Sadurní d'Anoia;2;4;B;;595;169;352;449;146;4;3;442;445
8;Barcelona;3;Alt Penedès;08240;Sant Sadurní d'Anoia;2;4;C;;555;164;307;413;142;0;5;408;413
8;Barcelona;24;Osona;08241;Sant Sadurní d'Osormort;1;1;U;;76;23;50;59;17;0;1;58;59
8;Barcelona;7;Bages;08098;Sant Salvador de Guardiola;1;1;A;;651;216;391;474;177;3;3;468;471
8;Barcelona;7;Bages;08098;Sant Salvador de Guardiola;1;1;B;;658;184;378;486;172;2;1;483;484
8;Barcelona;7;Bages;08098;Sant Salvador de Guardiola;1;2;A;;529;141;268;332;197;4;7;321;328
8;Barcelona;7;Bages;08098;Sant Salvador de Guardiola;1;2;B;;531;159;262;336;195;2;12;322;334
8;Barcelona;7;Bages;08262;Sant Vicenç de Castellet;1;1;A;;577;127;283;361;216;5;7;349;356
8;Barcelona;7;Bages;08262;Sant Vicenç de Castellet;1;1;B;;778;185;391;498;280;4;7;487;494
8;Barcelona;7;Bages;08262;Sant Vicenç de Castellet;1;2;A;;516;153;291;366;150;1;2;363;365
8;Barcelona;7;Bages;08262;Sant Vicenç de Castellet;1;2;B;;663;134;358;455;208;3;4;448;452
8;Barcelona;7;Bages;08262;Sant Vicenç de Castellet;1;3;A;;677;186;356;425;252;5;7;413;420
8;Barcelona;7;Bages;08262;Sant Vicenç de Castellet;1;3;B;;838;213;425;530;308;6;19;505;524
8;Barcelona;7;Bages;08262;Sant Vicenç de Castellet;2;1;A;;572;129;277;352;220;4;4;344;348
8;Barcelona;7;Bages;08262;Sant Vicenç de Castellet;2;1;B;;638;144;307;385;253;5;9;371;380
8;Barcelona;7;Bages;08262;Sant Vicenç de Castellet;2;1;C;;626;149;319;394;232;6;6;382;388
8;Barcelona;7;Bages;08262;Sant Vicenç de Castellet;2;2;A;;461;93;215;287;174;0;5;282;287
8;Barcelona;7;Bages;08262;Sant Vicenç de Castellet;2;2;B;;529;119;276;354;175;4;6;344;350
8;Barcelona;11;Baix Llobregat;08263;Sant Vicenç dels Horts;1;1;U;;637;227;406;515;122;11;6;498;504
8;Barcelona;11;Baix Llobregat;08263;Sant Vicenç dels Horts;1;10;A;;424;157;260;299;125;6;3;290;293
8;Barcelona;11;Baix Llobregat;08263;Sant Vicenç dels Horts;1;10;B;;517;176;300;347;170;0;4;343;347
8;Barcelona;11;Baix Llobregat;08263;Sant Vicenç dels Horts;1;11;A;;472;156;260;333;139;3;3;327;330
8;Barcelona;11;Baix Llobregat;08263;Sant Vicenç dels Horts;1;11;B;;555;175;316;382;173;1;10;371;381
8;Barcelona;11;Baix Llobregat;08263;Sant Vicenç dels Horts;1;12;U;;619;220;365;416;203;3;10;403;413
8;Barcelona;11;Baix Llobregat;08263;Sant Vicenç dels Horts;1;2;A;;657;202;371;503;154;3;7;493;500
8;Barcelona;11;Baix Llobregat;08263;Sant Vicenç dels Horts;1;2;B;;755;245;439;550;205;2;5;543;548
8;Barcelona;11;Baix Llobregat;08263;Sant Vicenç dels Horts;1;3;A;;458;163;300;357;101;0;6;351;357
8;Barcelona;11;Baix Llobregat;08263;Sant Vicenç dels Horts;1;3;B;;567;220;318;409;158;2;6;401;407
8;Barcelona;11;Baix Llobregat;08263;Sant Vicenç dels Horts;1;4;A;;639;161;359;454;185;2;8;444;452
8;Barcelona;11;Baix Llobregat;08263;Sant Vicenç dels Horts;1;4;B;;724;216;429;517;207;4;7;506;513
8;Barcelona;11;Baix Llobregat;08263;Sant Vicenç dels Horts;1;5;A;;558;168;293;368;190;3;9;356;365
8;Barcelona;11;Baix Llobregat;08263;Sant Vicenç dels Horts;1;5;B;;564;168;322;377;187;4;4;369;373
8;Barcelona;11;Baix Llobregat;08263;Sant Vicenç dels Horts;1;6;A;;306;94;169;203;103;4;2;197;199
8;Barcelona;11;Baix Llobregat;08263;Sant Vicenç dels Horts;1;6;B;;375;97;202;249;126;3;1;245;246
8;Barcelona;11;Baix Llobregat;08263;Sant Vicenç dels Horts;1;7;A;;641;186;337;429;212;6;7;416;423
8;Barcelona;11;Baix Llobregat;08263;Sant Vicenç dels Horts;1;7;B;;698;217;389;473;225;4;8;461;469
8;Barcelona;11;Baix Llobregat;08263;Sant Vicenç dels Horts;1;8;U;;817;247;469;559;258;9;8;542;550
8;Barcelona;11;Baix Llobregat;08263;Sant Vicenç dels Horts;1;9;U;;579;166;301;369;210;5;4;360;364
8;Barcelona;11;Baix Llobregat;08263;Sant Vicenç dels Horts;2;1;A;;267;56;117;138;129;4;1;133;134
8;Barcelona;11;Baix Llobregat;08263;Sant Vicenç dels Horts;2;1;B;;252;52;103;120;132;1;3;116;119
8;Barcelona;11;Baix Llobregat;08263;Sant Vicenç dels Horts;2;2;A;;697;18;349;419;278;2;7;410;417
8;Barcelona;11;Baix Llobregat;08263;Sant Vicenç dels Horts;2;2;B;;817;219;403;494;323;7;6;481;487
8;Barcelona;11;Baix Llobregat;08263;Sant Vicenç dels Horts;2;3;A;;466;126;233;279;187;3;11;265;276
8;Barcelona;11;Baix Llobregat;08263;Sant Vicenç dels Horts;2;3;B;;535;108;213;269;266;0;8;261;269
8;Barcelona;11;Baix Llobregat;08263;Sant Vicenç dels Horts;3;1;A;;666;168;321;401;265;3;11;387;398
8;Barcelona;11;Baix Llobregat;08263;Sant Vicenç dels Horts;3;1;B;;745;193;372;448;297;7;6;435;441
8;Barcelona;11;Baix Llobregat;08263;Sant Vicenç dels Horts;3;2;A;;628;163;311;384;244;3;5;376;381
8;Barcelona;11;Baix Llobregat;08263;Sant Vicenç dels Horts;3;2;B;;704;185;344;424;280;2;1;421;422
8;Barcelona;11;Baix Llobregat;08263;Sant Vicenç dels Horts;4;1;A;;614;132;312;396;218;6;11;379;390
8;Barcelona;11;Baix Llobregat;08263;Sant Vicenç dels Horts;4;1;B;;660;145;336;418;242;4;3;411;414
8;Barcelona;11;Baix Llobregat;08263;Sant Vicenç dels Horts;4;2;A;;448;122;219;269;179;2;4;263;267
8;Barcelona;11;Baix Llobregat;08263;Sant Vicenç dels Horts;4;2;B;;857;247;449;578;279;3;3;572;575
8;Barcelona;11;Baix Llobregat;08263;Sant Vicenç dels Horts;4;3;U;;852;247;488;591;261;1;13;577;590
8;Barcelona;21;Maresme;08264;Sant Vicenç de Montalt;1;1;A;;763;279;484;598;165;3;2;593;595
8;Barcelona;21;Maresme;08264;Sant Vicenç de Montalt;1;1;B;;763;267;468;588;175;1;10;577;587
8;Barcelona;21;Maresme;08264;Sant Vicenç de Montalt;1;2;A;;405;113;213;267;138;0;4;263;267
8;Barcelona;21;Maresme;08264;Sant Vicenç de Montalt;1;2;B;;546;153;322;399;147;1;7;391;398
8;Barcelona;21;Maresme;08264;Sant Vicenç de Montalt;1;3;U;;675;230;434;518;157;3;7;508;515
8;Barcelona;21;Maresme;08264;Sant Vicenç de Montalt;1;4;A;;408;119;234;288;120;0;4;284;288
8;Barcelona;21;Maresme;08264;Sant Vicenç de Montalt;1;4;B;;485;158;286;339;146;1;8;330;338
8;Barcelona;24;Osona;08265;Sant Vicenç de Torelló;1;1;A;;563;181;384;459;104;6;1;452;453
8;Barcelona;24;Osona;08265;Sant Vicenç de Torelló;1;1;B;;686;222;450;534;152;4;6;524;530
8;Barcelona;24;Osona;08265;Sant Vicenç de Torelló;1;2;U;;303;112;217;254;49;1;1;252;253
43;Tarragona;16;Conca de Barberà;43142;Sarral;1;1;A;;480;134;275;330;150;10;7;313;320
43;Tarragona;16;Conca de Barberà;43142;Sarral;1;1;B;;665;172;384;481;184;6;12;463;475
17;Girona;20;Gironès;17186;Sarrià de Ter;1;1;A;;510;187;343;399;111;6;2;391;393
17;Girona;20;Gironès;17186;Sarrià de Ter;1;1;B;;542;222;355;420;122;1;5;414;419
17;Girona;20;Gironès;17186;Sarrià de Ter;1;2;A;;771;297;523;587;184;5;6;576;582
17;Girona;20;Gironès;17186;Sarrià de Ter;1;2;B;;849;314;549;632;217;7;15;610;625
17;Girona;20;Gironès;17186;Sarrià de Ter;1;3;U;;995;301;600;712;283;9;9;694;703
25;Lleida;25;Pallars Jussà;25201;Sarroca de Bellera;1;1;U;;119;30;55;90;29;3;2;85;87
25;Lleida;33;Segrià;25200;Sarroca de Lleida;1;1;U;;348;118;202;258;90;0;7;251;258
17;Girona;2;Alt Empordà;17187;Saus, Camallera i Llampaies;1;1;U;;588;231;393;472;116;3;5;464;469
43;Tarragona;16;Conca de Barberà;43143;Savallà del Comtat;1;1;U;;60;21;41;49;11;0;4;45;49
43;Tarragona;36;Tarragonès;43144;Secuita, la;1;1;A;;546;191;330;398;148;6;9;383;392
43;Tarragona;36;Tarragonès;43144;Secuita, la;1;1;B;;663;186;369;462;201;7;7;448;455
43;Tarragona;8;Baix Camp;43145;Selva del Camp, la;1;1;A;;622;190;369;467;155;4;5;458;463
43;Tarragona;8;Baix Camp;43145;Selva del Camp, la;1;1;B;;551;133;283;394;157;10;9;375;384
43;Tarragona;8;Baix Camp;43145;Selva del Camp, la;1;1;C;;596;175;350;455;141;4;4;447;451
43;Tarragona;8;Baix Camp;43145;Selva del Camp, la;2;1;A;;557;125;280;382;175;4;3;375;378
43;Tarragona;8;Baix Camp;43145;Selva del Camp, la;2;1;B;;610;175;337;445;165;6;9;430;439
43;Tarragona;8;Baix Camp;43145;Selva del Camp, la;2;2;A;;490;142;262;365;125;7;11;347;358
43;Tarragona;8;Baix Camp;43145;Selva del Camp, la;2;2;B;;556;160;328;429;127;4;7;418;425
17;Girona;2;Alt Empordà;17188;Selva de Mar, la;1;1;U;;164;70;107;130;34;0;4;126;130
43;Tarragona;16;Conca de Barberà;43146;Senan;1;1;U;;46;13;23;34;12;0;0;34;34
43;Tarragona;22;Montsià;43044;Sénia, la;1;1;A;;702;177;342;450;252;11;15;424;439
43;Tarragona;22;Montsià;43044;Sénia, la;1;1;B;;797;207;401;526;271;17;24;485;509
43;Tarragona;22;Montsià;43044;Sénia, la;2;1;A;;750;154;374;481;269;15;23;443;466
43;Tarragona;22;Montsià;43044;Sénia, la;2;1;B;;838;175;425;535;303;16;30;489;519
43;Tarragona;22;Montsià;43044;Sénia, la;2;2;U;;875;192;444;557;318;14;35;508;543
25;Lleida;25;Pallars Jussà;25202;Senterada;1;1;U;;104;31;51;75;29;1;1;73;74
25;Lleida;23;Noguera;25035;Sentiu de Sió, la;1;1;U;;410;117;247;289;121;4;4;281;285
8;Barcelona;40;Vallès Occidental;08267;Sentmenat;1;1;A;;552;139;297;370;182;1;5;364;369
8;Barcelona;40;Vallès Occidental;08267;Sentmenat;1;1;B;;608;165;323;415;193;4;5;406;411
8;Barcelona;40;Vallès Occidental;08267;Sentmenat;1;2;A;;648;165;334;433;215;6;5;422;427
8;Barcelona;40;Vallès Occidental;08267;Sentmenat;1;2;B;;763;216;378;503;260;13;17;473;490
8;Barcelona;40;Vallès Occidental;08267;Sentmenat;1;3;A;;531;129;255;351;180;3;9;339;348
8;Barcelona;40;Vallès Occidental;08267;Sentmenat;1;3;B;;654;189;342;445;209;11;5;429;434
8;Barcelona;40;Vallès Occidental;08267;Sentmenat;1;4;A;;697;201;384;503;194;6;8;489;497
8;Barcelona;40;Vallès Occidental;08267;Sentmenat;1;4;B;;863;244;485;634;229;10;10;614;624
8;Barcelona;40;Vallès Occidental;08267;Sentmenat;1;5;A;;423;105;210;292;131;2;5;285;290
8;Barcelona;40;Vallès Occidental;08267;Sentmenat;1;5;B;;581;142;301;403;178;1;7;395;402
17;Girona;28;Pla de l'Estany;17190;Serinyà;1;1;U;;818;304;544;647;171;2;10;635;645
25;Lleida;33;Segrià;25204;Seròs;1;1;U;;586;131;293;439;147;3;8;428;436
25;Lleida;33;Segrià;25204;Seròs;1;2;U;;707;155;310;501;206;6;25;470;495
17;Girona;10;Baix Empordà;17191;Serra de Daró;1;1;U;;154;59;103;130;24;1;3;126;129
17;Girona;31;Ripollès;17192;Setcases;1;1;U;;143;50;95;119;24;0;1;118;119
25;Lleida;4;Alt Urgell;25203;Seu d'Urgell, la;1;1;U;;590;168;271;333;257;4;7;322;329
25;Lleida;4;Alt Urgell;25203;Seu d'Urgell, la;1;2;A;;580;159;282;351;229;1;3;347;350
25;Lleida;4;Alt Urgell;25203;Seu d'Urgell, la;1;2;B;;577;169;317;370;207;2;7;361;368
25;Lleida;4;Alt Urgell;25203;Seu d'Urgell, la;1;3;A;;670;174;340;428;242;7;9;412;421
25;Lleida;4;Alt Urgell;25203;Seu d'Urgell, la;1;3;B;;673;150;337;438;235;6;7;425;432
25;Lleida;4;Alt Urgell;25203;Seu d'Urgell, la;1;4;A;;639;170;387;466;173;3;5;458;463
25;Lleida;4;Alt Urgell;25203;Seu d'Urgell, la;1;4;B;;588;168;327;410;178;5;3;402;405
25;Lleida;4;Alt Urgell;25203;Seu d'Urgell, la;1;4;C;;706;202;365;476;230;11;9;456;465
25;Lleida;4;Alt Urgell;25203;Seu d'Urgell, la;1;5;A;;632;182;344;415;217;4;4;407;411
25;Lleida;4;Alt Urgell;25203;Seu d'Urgell, la;1;5;B;;707;209;375;434;273;2;9;423;432
25;Lleida;4;Alt Urgell;25203;Seu d'Urgell, la;1;6;A;;381;97;192;246;135;5;2;239;241
25;Lleida;4;Alt Urgell;25203;Seu d'Urgell, la;1;6;B;;401;131;232;278;123;4;7;267;274
25;Lleida;4;Alt Urgell;25203;Seu d'Urgell, la;1;6;C;;332;100;200;227;105;6;5;216;221
25;Lleida;4;Alt Urgell;25203;Seu d'Urgell, la;1;7;A;;744;190;395;501;243;9;7;485;492
25;Lleida;4;Alt Urgell;25203;Seu d'Urgell, la;1;7;B;;789;193;408;502;287;3;10;489;499
8;Barcelona;24;Osona;08269;Seva;1;1;A;;752;252;530;610;142;6;3;601;604
8;Barcelona;24;Osona;08269;Seva;1;1;B;;877;305;580;690;187;2;3;685;688
8;Barcelona;24;Osona;08269;Seva;1;2;A;;481;181;323;361;120;0;1;360;361
8;Barcelona;24;Osona;08269;Seva;1;2;B;;517;171;352;417;100;1;6;410;416
25;Lleida;27;Pla d'Urgell;25205;Sidamon;1;1;U;;558;204;346;421;137;14;10;397;407
17;Girona;34;Selva;17193;Sils;1;1;A;;835;272;473;600;235;3;9;588;597
17;Girona;34;Selva;17193;Sils;1;1;B;;849;244;506;618;231;3;6;609;615
17;Girona;34;Selva;17193;Sils;1;2;A;;545;165;306;372;173;0;3;369;372
17;Girona;34;Selva;17193;Sils;1;2;B;;526;183;311;374;152;2;0;372;372
17;Girona;34;Selva;17193;Sils;1;3;A;;655;166;291;352;303;2;6;344;350
17;Girona;34;Selva;17193;Sils;1;3;B;;602;143;266;322;280;3;9;310;319
8;Barcelona;17;Garraf;08270;Sitges;1;1;A;;454;139;280;327;127;1;0;326;326
8;Barcelona;17;Garraf;08270;Sitges;1;1;B;;520;175;308;356;164;1;1;354;355
8;Barcelona;17;Garraf;08270;Sitges;1;2;A;;504;160;284;332;172;3;6;323;329
8;Barcelona;17;Garraf;08270;Sitges;1;2;B;;697;234;408;475;222;5;6;464;470
8;Barcelona;17;Garraf;08270;Sitges;1;3;A;;807;233;471;585;222;5;9;571;580
8;Barcelona;17;Garraf;08270;Sitges;1;3;B;;1029;313;622;746;283;4;6;736;742
8;Barcelona;17;Garraf;08270;Sitges;1;4;A;;744;243;420;517;227;5;10;502;512
8;Barcelona;17;Garraf;08270;Sitges;1;4;B;;794;267;451;543;251;2;11;530;541
8;Barcelona;17;Garraf;08270;Sitges;2;1;A;;668;216;389;463;205;4;9;450;459
8;Barcelona;17;Garraf;08270;Sitges;2;1;B;;820;272;492;570;250;5;8;557;565
8;Barcelona;17;Garraf;08270;Sitges;2;10;A;;546;156;315;385;161;1;5;379;384
8;Barcelona;17;Garraf;08270;Sitges;2;10;B;;641;194;359;448;193;7;3;438;441
8;Barcelona;17;Garraf;08270;Sitges;2;2;A;;737;250;423;528;209;6;3;519;522
8;Barcelona;17;Garraf;08270;Sitges;2;2;B;;760;255;431;535;225;6;7;522;529
8;Barcelona;17;Garraf;08270;Sitges;2;2;C;;684;227;400;494;190;8;11;475;486
8;Barcelona;17;Garraf;08270;Sitges;2;3;A;;583;208;331;408;175;4;7;397;404
8;Barcelona;17;Garraf;08270;Sitges;2;3;B;;748;226;432;538;210;10;7;521;528
8;Barcelona;17;Garraf;08270;Sitges;2;4;A;;553;161;272;339;214;5;5;329;334
8;Barcelona;17;Garraf;08270;Sitges;2;4;B;;683;215;353;415;268;2;8;405;413
8;Barcelona;17;Garraf;08270;Sitges;2;5;A;;393;127;235;271;122;3;2;266;268
8;Barcelona;17;Garraf;08270;Sitges;2;5;B;;512;145;281;349;163;5;7;337;344
8;Barcelona;17;Garraf;08270;Sitges;2;6;A;;558;161;317;405;153;0;2;403;405
8;Barcelona;17;Garraf;08270;Sitges;2;6;B;;656;245;387;474;182;2;6;466;472
8;Barcelona;17;Garraf;08270;Sitges;2;7;U;;639;185;339;418;221;0;5;413;418
8;Barcelona;17;Garraf;08270;Sitges;2;8;U;;579;182;365;425;154;3;8;414;422
8;Barcelona;17;Garraf;08270;Sitges;2;9;A;;221;66;128;162;59;1;2;159;161
8;Barcelona;17;Garraf;08270;Sitges;2;9;B;;563;166;317;378;185;4;6;368;374
8;Barcelona;17;Garraf;08270;Sitges;2;9;C;;626;183;360;426;200;0;7;419;426
17;Girona;2;Alt Empordà;17052;Siurana;1;1;U;;131;49;85;100;31;2;3;95;98
8;Barcelona;24;Osona;08271;Sobremunt;1;1;U;;71;18;43;55;16;0;0;55;55
25;Lleida;18;Garrigues;25206;Soleràs, el;1;1;U;;278;61;142;212;66;1;4;207;211
43;Tarragona;16;Conca de Barberà;43147;Solivella;1;1;U;;524;208;340;416;108;3;7;406;413
25;Lleida;35;Solsonès;25207;Solsona;1;1;A;;687;201;377;480;207;2;7;471;478
25;Lleida;35;Solsonès;25207;Solsona;1;1;B;;794;209;456;586;208;7;12;567;579
25;Lleida;35;Solsonès;25207;Solsona;1;2;A;;640;183;335;416;224;2;8;406;414
25;Lleida;35;Solsonès;25207;Solsona;1;2;B;;737;188;397;489;248;6;8;475;483
25;Lleida;35;Solsonès;25207;Solsona;1;3;A;;457;136;268;326;131;0;3;323;326
25;Lleida;35;Solsonès;25207;Solsona;1;3;B;;507;148;299;360;147;2;3;355;358
25;Lleida;35;Solsonès;25207;Solsona;2;1;A;;580;176;359;422;158;3;4;415;419
25;Lleida;35;Solsonès;25207;Solsona;2;1;B;;688;215;415;513;175;2;10;501;511
25;Lleida;35;Solsonès;25207;Solsona;2;2;A;;446;139;263;316;130;3;4;309;313
25;Lleida;35;Solsonès;25207;Solsona;2;2;B;;647;175;357;466;181;7;6;453;459
8;Barcelona;24;Osona;08272;Sora;1;1;U;;150;37;87;123;27;0;2;121;123
25;Lleida;26;Pallars Sobirà;25208;Soriguera;1;1;U;;289;65;137;202;87;1;1;200;201
25;Lleida;26;Pallars Sobirà;25209;Sort;1;1;A;;696;175;388;514;182;9;7;498;505
25;Lleida;26;Pallars Sobirà;25209;Sort;1;1;B;;824;248;470;596;228;17;10;569;579
25;Lleida;33;Segrià;25210;Soses;1;1;U;;1142;365;602;835;307;16;13;806;819
8;Barcelona;3;Alt Penedès;08273;Subirats;1;1;U;;621;210;416;500;121;2;9;489;498
8;Barcelona;3;Alt Penedès;08273;Subirats;1;2;A;;488;160;338;403;85;2;0;401;401
8;Barcelona;3;Alt Penedès;08273;Subirats;1;2;B;;201;59;106;144;57;0;2;142;144
8;Barcelona;3;Alt Penedès;08273;Subirats;1;2;C;;360;115;197;249;111;2;1;246;247
8;Barcelona;3;Alt Penedès;08273;Subirats;1;3;U;;627;210;436;509;118;10;4;495;499
25;Lleida;33;Segrià;25211;Sudanell;1;1;U;;692;143;318;442;250;3;9;430;439
25;Lleida;33;Segrià;25212;Sunyer;1;1;U;;227;79;133;177;50;2;10;165;175
8;Barcelona;7;Bages;08274;Súria;1;1;A;;739;215;439;549;190;14;3;532;535
8;Barcelona;7;Bages;08274;Súria;1;1;B;;750;193;451;567;183;7;5;555;560
8;Barcelona;7;Bages;08274;Súria;1;2;U;;550;173;315;384;166;5;9;370;379
8;Barcelona;7;Bages;08274;Súria;1;3;U;;285;78;146;181;104;1;1;179;180
8;Barcelona;7;Bages;08274;Súria;1;4;A;;720;197;412;493;227;6;11;476;487
8;Barcelona;7;Bages;08274;Súria;1;4;B;;791;211;449;538;253;3;10;525;535
8;Barcelona;7;Bages;08274;Súria;1;5;A;;491;157;329;376;115;3;7;366;373
8;Barcelona;7;Bages;08274;Súria;1;5;B;;513;170;334;397;116;8;9;380;389
17;Girona;34;Selva;17194;Susqueda;1;1;U;;82;32;40;64;18;1;1;62;63
8;Barcelona;41;Vallès Oriental;08276;Tagamanent;1;1;U;;241;72;138;185;56;2;5;178;183
8;Barcelona;7;Bages;08277;Talamanca;1;1;U;;124;51;71;97;27;1;0;96;96
25;Lleida;25;Pallars Jussà;25215;Talarn;1;1;U;;426;98;182;241;185;1;1;239;240
25;Lleida;32;Segarra;25216;Talavera;1;1;U;;242;69;150;195;47;3;8;184;192
17;Girona;10;Baix Empordà;17195;Tallada d'Empordà, la;1;1;U;;331;124;226;264;67;2;0;262;262
8;Barcelona;24;Osona;08278;Taradell;1;1;A;;634;217;404;521;113;3;4;514;518
8;Barcelona;24;Osona;08278;Taradell;1;1;B;;681;239;444;558;123;1;7;550;557
8;Barcelona;24;Osona;08278;Taradell;1;2;A;;510;164;348;426;84;1;4;421;425
8;Barcelona;24;Osona;08278;Taradell;1;2;B;;658;194;449;522;136;4;2;516;518
8;Barcelona;24;Osona;08278;Taradell;1;3;A;;407;143;269;329;78;1;4;324;328
8;Barcelona;24;Osona;08278;Taradell;1;3;B;;483;161;333;398;85;3;0;395;395
8;Barcelona;24;Osona;08278;Taradell;1;4;A;;542;181;350;434;108;4;4;426;430
8;Barcelona;24;Osona;08278;Taradell;1;4;B;;730;232;468;573;157;5;5;563;568
43;Tarragona;36;Tarragonès;43148;Tarragona;1;1;A;;535;142;281;343;192;5;5;333;338
43;Tarragona;36;Tarragonès;43148;Tarragona;1;1;B;;584;175;293;362;222;8;4;350;354
43;Tarragona;36;Tarragonès;43148;Tarragona;2;1;A;;435;125;231;293;142;4;3;286;289
43;Tarragona;36;Tarragonès;43148;Tarragona;2;1;B;;471;136;255;319;152;4;2;313;315
43;Tarragona;36;Tarragonès;43148;Tarragona;3;1;A;;418;160;271;293;125;1;6;286;292
43;Tarragona;36;Tarragonès;43148;Tarragona;3;1;B;;450;161;240;309;141;2;3;304;307
43;Tarragona;36;Tarragonès;43148;Tarragona;3;2;A;;644;190;419;527;117;4;5;518;523
43;Tarragona;36;Tarragonès;43148;Tarragona;3;2;B;;628;210;394;487;141;3;11;473;484
43;Tarragona;36;Tarragonès;43148;Tarragona;3;3;A;;528;170;332;431;97;0;3;428;431
43;Tarragona;36;Tarragonès;43148;Tarragona;3;3;B;;486;138;307;387;99;1;4;382;386
43;Tarragona;36;Tarragonès;43148;Tarragona;3;3;C;;591;157;392;461;130;3;2;456;458
43;Tarragona;36;Tarragonès;43148;Tarragona;4;1;A;;487;193;303;348;139;5;6;337;343
43;Tarragona;36;Tarragonès;43148;Tarragona;4;1;B;;554;172;349;400;154;7;7;386;393
43;Tarragona;36;Tarragonès;43148;Tarragona;4;10;A;;412;154;247;280;132;3;7;270;277
43;Tarragona;36;Tarragonès;43148;Tarragona;4;10;B;;447;150;263;305;142;3;8;294;302
43;Tarragona;36;Tarragonès;43148;Tarragona;4;12;U;;525;162;289;375;150;3;7;365;372
43;Tarragona;36;Tarragonès;43148;Tarragona;4;13;A;;269;74;141;180;89;2;3;175;178
43;Tarragona;36;Tarragonès;43148;Tarragona;4;13;B;;340;96;172;215;125;2;0;213;213
43;Tarragona;36;Tarragonès;43148;Tarragona;4;14;A;;416;115;239;293;123;1;4;288;292
43;Tarragona;36;Tarragonès;43148;Tarragona;4;14;B;;417;134;234;300;117;3;2;295;297
43;Tarragona;36;Tarragonès;43148;Tarragona;4;14;C;;455;160;275;340;115;2;7;331;338
43;Tarragona;36;Tarragonès;43148;Tarragona;4;15;A;;328;117;214;264;64;1;1;262;263
43;Tarragona;36;Tarragonès;43148;Tarragona;4;15;B;;370;127;197;254;116;2;0;252;252
43;Tarragona;36;Tarragonès;43148;Tarragona;4;16;A;;593;182;395;479;114;5;5;469;474
43;Tarragona;36;Tarragonès;43148;Tarragona;4;16;B;;651;213;405;520;131;7;5;508;513
43;Tarragona;36;Tarragonès;43148;Tarragona;4;2;U;;544;183;337;400;144;4;2;394;396
43;Tarragona;36;Tarragonès;43148;Tarragona;4;3;U;;570;195;307;385;185;6;4;375;379
43;Tarragona;36;Tarragonès;43148;Tarragona;4;4;A;;371;132;211;243;128;4;2;237;239
43;Tarragona;36;Tarragonès;43148;Tarragona;4;4;B;;464;194;303;339;125;4;6;329;335
43;Tarragona;36;Tarragonès;43148;Tarragona;4;5;A;;383;145;238;295;88;3;1;291;292
43;Tarragona;36;Tarragonès;43148;Tarragona;4;5;B;;444;166;282;344;100;2;1;341;342
43;Tarragona;36;Tarragonès;43148;Tarragona;4;6;A;;476;167;299;373;103;3;6;364;370
43;Tarragona;36;Tarragonès;43148;Tarragona;4;6;B;;564;180;341;432;132;4;7;421;428
43;Tarragona;36;Tarragonès;43148;Tarragona;4;7;A;;327;117;220;251;76;2;2;247;249
43;Tarragona;36;Tarragonès;43148;Tarragona;4;7;B;;314;99;188;215;99;3;2;210;212
43;Tarragona;36;Tarragonès;43148;Tarragona;4;8;A;;391;132;238;288;103;0;0;288;288
43;Tarragona;36;Tarragonès;43148;Tarragona;4;8;B;;373;116;221;268;105;0;4;264;268
43;Tarragona;36;Tarragonès;43148;Tarragona;4;8;C;;422;144;249;307;115;2;3;302;305
43;Tarragona;36;Tarragonès;43148;Tarragona;4;9;A;;465;159;304;378;87;6;4;368;372
43;Tarragona;36;Tarragonès;43148;Tarragona;4;9;B;;566;157;355;452;114;2;3;447;450
43;Tarragona;36;Tarragonès;43148;Tarragona;5;1;A;;360;108;225;270;90;2;3;265;268
43;Tarragona;36;Tarragonès;43148;Tarragona;5;1;B;;386;142;244;306;80;1;5;300;305
43;Tarragona;36;Tarragonès;43148;Tarragona;5;2;A;;406;113;239;292;114;1;2;289;291
43;Tarragona;36;Tarragonès;43148;Tarragona;5;2;B;;394;134;240;284;110;4;8;272;280
43;Tarragona;36;Tarragonès;43148;Tarragona;5;3;A;;383;128;223;249;134;3;3;243;246
43;Tarragona;36;Tarragonès;43148;Tarragona;5;3;B;;413;118;223;259;154;0;2;257;259
43;Tarragona;36;Tarragonès;43148;Tarragona;5;4;A;;415;135;236;298;117;3;1;294;295
43;Tarragona;36;Tarragonès;43148;Tarragona;5;4;B;;491;152;284;347;144;2;5;340;345
43;Tarragona;36;Tarragonès;43148;Tarragona;5;5;A;;521;141;262;336;185;5;4;327;331
43;Tarragona;36;Tarragonès;43148;Tarragona;5;5;B;;591;192;343;415;176;2;8;405;413
43;Tarragona;36;Tarragonès;43148;Tarragona;5;6;A;;386;99;173;218;168;1;3;214;217
43;Tarragona;36;Tarragonès;43148;Tarragona;5;6;B;;409;101;173;221;188;3;0;218;218
43;Tarragona;36;Tarragonès;43148;Tarragona;5;7;A;;313;106;106;212;101;1;3;208;211
43;Tarragona;36;Tarragonès;43148;Tarragona;5;7;B;;382;126;214;264;118;2;6;256;262
43;Tarragona;36;Tarragonès;43148;Tarragona;5;8;A;;557;196;333;408;149;4;5;399;404
43;Tarragona;36;Tarragonès;43148;Tarragona;5;8;B;;631;245;393;470;161;1;3;466;469
43;Tarragona;36;Tarragonès;43148;Tarragona;5;9;U;;493;183;315;391;102;1;6;384;390
43;Tarragona;36;Tarragonès;43148;Tarragona;6;1;A;;412;144;260;329;83;3;4;322;326
43;Tarragona;36;Tarragonès;43148;Tarragona;6;1;B;;393;125;239;303;90;3;2;298;300
43;Tarragona;36;Tarragonès;43148;Tarragona;6;1;C;;430;138;258;347;83;5;3;339;342
43;Tarragona;36;Tarragonès;43148;Tarragona;6;10;A;;348;117;187;239;109;0;2;237;239
43;Tarragona;36;Tarragonès;43148;Tarragona;6;10;B;;323;110;189;229;94;3;1;225;226
43;Tarragona;36;Tarragonès;43148;Tarragona;6;10;C;;401;154;257;312;89;5;3;304;307
43;Tarragona;36;Tarragonès;43148;Tarragona;6;11;A;;356;144;212;255;101;1;5;249;254
43;Tarragona;36;Tarragonès;43148;Tarragona;6;11;B;;349;126;197;233;116;5;4;224;228
43;Tarragona;36;Tarragonès;43148;Tarragona;6;11;C;;402;148;242;292;110;1;2;289;291
43;Tarragona;36;Tarragonès;43148;Tarragona;6;12;A;;547;186;345;427;120;5;5;417;422
43;Tarragona;36;Tarragonès;43148;Tarragona;6;12;B;;604;186;371;461;143;2;3;456;459
43;Tarragona;36;Tarragonès;43148;Tarragona;6;13;A;;349;124;219;256;93;5;2;249;251
43;Tarragona;36;Tarragonès;43148;Tarragona;6;13;B;;349;106;195;244;105;2;4;238;242
43;Tarragona;36;Tarragonès;43148;Tarragona;6;14;U;;487;157;267;345;142;3;4;338;342
43;Tarragona;36;Tarragonès;43148;Tarragona;6;15;A;;631;171;302;370;261;3;8;359;367
43;Tarragona;36;Tarragonès;43148;Tarragona;6;15;B;;316;114;180;203;113;2;1;200;201
43;Tarragona;36;Tarragonès;43148;Tarragona;6;16;A;;567;177;351;433;134;5;12;416;428
43;Tarragona;36;Tarragonès;43148;Tarragona;6;16;B;;578;197;378;449;129;4;14;431;445
43;Tarragona;36;Tarragonès;43148;Tarragona;6;16;C;;650;209;398;492;158;7;7;478;485
43;Tarragona;36;Tarragonès;43148;Tarragona;6;2;A;;569;163;326;415;154;4;4;407;411
43;Tarragona;36;Tarragonès;43148;Tarragona;6;2;B;;580;171;349;416;164;4;7;405;412
43;Tarragona;36;Tarragonès;43148;Tarragona;6;2;C;;666;199;398;479;187;3;7;469;476
43;Tarragona;36;Tarragonès;43148;Tarragona;6;3;A;;491;169;275;319;172;6;2;311;313
43;Tarragona;36;Tarragonès;43148;Tarragona;6;3;B;;477;145;252;316;161;3;5;308;313
43;Tarragona;36;Tarragonès;43148;Tarragona;6;3;C;;454;119;220;288;166;4;1;283;284
43;Tarragona;36;Tarragonès;43148;Tarragona;6;4;A;;305;114;163;193;112;1;1;191;192
43;Tarragona;36;Tarragonès;43148;Tarragona;6;4;B;;367;105;203;241;126;1;1;239;240
43;Tarragona;36;Tarragonès;43148;Tarragona;6;5;A;;311;74;133;175;136;1;2;172;174
43;Tarragona;36;Tarragonès;43148;Tarragona;6;5;B;;536;150;287;372;164;5;6;361;367
43;Tarragona;36;Tarragonès;43148;Tarragona;6;6;A;;305;77;129;153;152;3;1;149;150
43;Tarragona;36;Tarragonès;43148;Tarragona;6;6;B;;258;74;126;149;109;0;3;146;149
43;Tarragona;36;Tarragonès;43148;Tarragona;6;8;A;;338;117;209;258;80;2;0;256;256
43;Tarragona;36;Tarragonès;43148;Tarragona;6;8;B;;417;181;283;333;84;0;1;332;333
43;Tarragona;36;Tarragonès;43148;Tarragona;6;9;A;;499;190;310;376;123;6;4;366;370
43;Tarragona;36;Tarragonès;43148;Tarragona;6;9;B;;493;137;270;337;156;4;2;331;333
43;Tarragona;36;Tarragonès;43148;Tarragona;6;9;C;;544;187;335;398;146;7;8;383;391
43;Tarragona;36;Tarragonès;43148;Tarragona;7;1;U;;505;143;263;330;175;5;5;320;325
43;Tarragona;36;Tarragonès;43148;Tarragona;7;10;A;;443;112;222;239;204;3;4;232;236
43;Tarragona;36;Tarragonès;43148;Tarragona;7;10;B;;510;142;235;246;264;6;3;237;240
43;Tarragona;36;Tarragonès;43148;Tarragona;7;11;A;;508;157;279;336;172;0;2;334;336
43;Tarragona;36;Tarragonès;43148;Tarragona;7;11;B;;473;144;254;306;167;2;3;301;304
43;Tarragona;36;Tarragonès;43148;Tarragona;7;11;C;;477;156;258;321;156;0;5;316;321
43;Tarragona;36;Tarragonès;43148;Tarragona;7;12;A;;563;168;310;359;204;6;4;349;353
43;Tarragona;36;Tarragonès;43148;Tarragona;7;12;B;;570;144;275;339;231;5;5;329;334
43;Tarragona;36;Tarragonès;43148;Tarragona;7;13;A;;635;168;396;490;145;5;10;475;485
43;Tarragona;36;Tarragonès;43148;Tarragona;7;13;B;;616;171;371;468;148;1;9;458;467
43;Tarragona;36;Tarragonès;43148;Tarragona;7;13;C;;694;181;426;526;168;3;7;516;523
43;Tarragona;36;Tarragonès;43148;Tarragona;7;14;A;;360;109;219;283;77;2;1;280;281
43;Tarragona;36;Tarragonès;43148;Tarragona;7;14;B;;394;151;254;323;71;2;4;317;321
43;Tarragona;36;Tarragonès;43148;Tarragona;7;15;A;;520;160;291;362;158;6;5;351;356
43;Tarragona;36;Tarragonès;43148;Tarragona;7;15;B;;598;210;344;435;163;5;11;419;430
43;Tarragona;36;Tarragonès;43148;Tarragona;7;16;A;;569;183;362;433;136;1;5;427;432
43;Tarragona;36;Tarragonès;43148;Tarragona;7;16;B;;579;188;373;475;104;3;10;462;472
43;Tarragona;36;Tarragonès;43148;Tarragona;7;16;C;;607;186;372;469;138;5;10;454;464
43;Tarragona;36;Tarragonès;43148;Tarragona;7;17;A;;669;207;393;497;172;6;7;484;491
43;Tarragona;36;Tarragonès;43148;Tarragona;7;17;B;;668;201;423;507;161;5;9;493;502
43;Tarragona;36;Tarragonès;43148;Tarragona;7;18;A;;435;117;239;290;145;1;4;285;289
43;Tarragona;36;Tarragonès;43148;Tarragona;7;18;B;;421;115;212;271;150;2;6;263;269
43;Tarragona;36;Tarragonès;43148;Tarragona;7;18;C;;480;134;263;327;153;2;7;318;325
43;Tarragona;36;Tarragonès;43148;Tarragona;7;19;A;;494;165;297;375;119;5;8;362;370
43;Tarragona;36;Tarragonès;43148;Tarragona;7;19;B;;615;202;372;465;150;9;13;443;456
43;Tarragona;36;Tarragonès;43148;Tarragona;7;2;A;;711;181;386;492;219;3;9;480;489
43;Tarragona;36;Tarragonès;43148;Tarragona;7;2;B;;792;175;414;539;253;7;11;521;532
43;Tarragona;36;Tarragonès;43148;Tarragona;7;20;A;;611;184;380;484;127;3;5;476;481
43;Tarragona;36;Tarragonès;43148;Tarragona;7;20;B;;544;155;330;437;107;5;3;429;432
43;Tarragona;36;Tarragonès;43148;Tarragona;7;20;C;;680;210;425;532;148;9;14;509;523
43;Tarragona;36;Tarragonès;43148;Tarragona;7;21;A;;677;148;365;480;197;3;11;466;477
43;Tarragona;36;Tarragonès;43148;Tarragona;7;21;B;;735;178;375;488;247;3;14;471;485
43;Tarragona;36;Tarragonès;43148;Tarragona;7;22;A;;463;128;259;316;147;2;9;305;314
43;Tarragona;36;Tarragonès;43148;Tarragona;7;22;B;;570;187;344;406;164;1;5;400;405
43;Tarragona;36;Tarragonès;43148;Tarragona;7;3;A;;435;110;202;248;187;2;1;245;246
43;Tarragona;36;Tarragonès;43148;Tarragona;7;3;B;;398;89;175;216;182;3;9;204;213
43;Tarragona;36;Tarragonès;43148;Tarragona;7;3;C;;473;133;231;287;186;2;2;283;285
43;Tarragona;36;Tarragonès;43148;Tarragona;7;4;A;;578;175;332;406;172;4;6;396;402
43;Tarragona;36;Tarragonès;43148;Tarragona;7;4;B;;456;127;236;310;146;4;4;302;306
43;Tarragona;36;Tarragonès;43148;Tarragona;7;4;C;;633;186;328;419;214;4;5;410;415
43;Tarragona;36;Tarragonès;43148;Tarragona;7;4;D;;552;165;319;396;156;1;5;390;395
43;Tarragona;36;Tarragonès;43148;Tarragona;7;5;A;;281;76;121;147;134;6;4;137;141
43;Tarragona;36;Tarragonès;43148;Tarragona;7;5;B;;311;86;138;151;160;0;3;148;151
43;Tarragona;36;Tarragonès;43148;Tarragona;7;6;A;;425;102;200;254;171;7;7;240;247
43;Tarragona;36;Tarragonès;43148;Tarragona;7;6;B;;402;123;208;256;146;1;1;254;255
43;Tarragona;36;Tarragonès;43148;Tarragona;7;7;A;;445;131;292;345;100;0;5;340;345
43;Tarragona;36;Tarragonès;43148;Tarragona;7;7;B;;514;153;313;374;140;6;9;359;368
43;Tarragona;36;Tarragonès;43148;Tarragona;7;7;C;;275;88;147;174;101;2;1;171;172
43;Tarragona;36;Tarragonès;43148;Tarragona;7;8;A;;550;154;344;444;106;2;4;438;442
43;Tarragona;36;Tarragonès;43148;Tarragona;7;8;B;;591;169;375;455;136;5;9;441;450
43;Tarragona;36;Tarragonès;43148;Tarragona;7;8;C;;671;184;443;540;131;3;5;532;537
43;Tarragona;36;Tarragonès;43148;Tarragona;7;9;U;;493;123;220;256;237;3;6;247;253
43;Tarragona;36;Tarragonès;43148;Tarragona;8;1;A;;387;107;172;215;172;2;1;212;213
43;Tarragona;36;Tarragonès;43148;Tarragona;8;1;B;;352;97;144;190;162;5;5;180;185
43;Tarragona;36;Tarragonès;43148;Tarragona;8;1;C;;394;118;182;220;174;1;6;213;219
43;Tarragona;36;Tarragonès;43148;Tarragona;8;10;A;;401;72;120;150;251;2;1;147;148
43;Tarragona;36;Tarragonès;43148;Tarragona;8;10;B;;386;74;112;148;238;2;5;141;146
43;Tarragona;36;Tarragonès;43148;Tarragona;8;11;A;;469;144;274;320;149;2;2;316;318
43;Tarragona;36;Tarragonès;43148;Tarragona;8;11;B;;461;131;265;322;139;1;6;315;321
43;Tarragona;36;Tarragonès;43148;Tarragona;8;12;U;;554;58;119;153;401;0;4;149;153
43;Tarragona;36;Tarragonès;43148;Tarragona;8;13;A;;338;103;167;209;129;2;2;205;207
43;Tarragona;36;Tarragonès;43148;Tarragona;8;13;B;;370;113;194;236;134;5;2;229;231
43;Tarragona;36;Tarragonès;43148;Tarragona;8;14;U;;517;137;238;281;236;2;8;271;279
43;Tarragona;36;Tarragonès;43148;Tarragona;8;2;A;;433;129;206;230;203;6;4;220;224
43;Tarragona;36;Tarragonès;43148;Tarragona;8;2;B;;445;121;223;267;178;3;8;256;264
43;Tarragona;36;Tarragonès;43148;Tarragona;8;3;A;;394;110;201;245;149;7;14;224;238
43;Tarragona;36;Tarragonès;43148;Tarragona;8;3;B;;420;119;205;251;169;4;4;243;247
43;Tarragona;36;Tarragonès;43148;Tarragona;8;3;C;;428;114;192;234;194;0;7;227;234
43;Tarragona;36;Tarragonès;43148;Tarragona;8;4;A;;407;116;209;247;160;1;3;243;246
43;Tarragona;36;Tarragonès;43148;Tarragona;8;4;B;;418;139;218;260;158;1;5;254;259
43;Tarragona;36;Tarragonès;43148;Tarragona;8;5;A;;395;115;188;233;162;3;2;228;230
43;Tarragona;36;Tarragonès;43148;Tarragona;8;5;B;;496;150;238;299;197;2;7;290;297
43;Tarragona;36;Tarragonès;43148;Tarragona;8;6;A;;403;115;216;257;146;0;6;251;257
43;Tarragona;36;Tarragonès;43148;Tarragona;8;6;B;;489;157;282;332;157;5;10;317;327
43;Tarragona;36;Tarragonès;43148;Tarragona;8;6;C;;461;135;245;298;163;7;4;287;291
43;Tarragona;36;Tarragonès;43148;Tarragona;8;7;A;;374;107;195;229;145;4;5;220;225
43;Tarragona;36;Tarragonès;43148;Tarragona;8;7;B;;435;132;248;287;148;1;6;280;286
43;Tarragona;36;Tarragonès;43148;Tarragona;8;7;C;;382;106;188;232;150;2;2;228;230
43;Tarragona;36;Tarragonès;43148;Tarragona;8;8;A;;380;98;170;207;173;3;1;203;204
43;Tarragona;36;Tarragonès;43148;Tarragona;8;8;B;;486;136;244;277;209;0;4;273;277
43;Tarragona;36;Tarragonès;43148;Tarragona;8;9;A;;584;136;272;351;233;2;9;340;349
43;Tarragona;36;Tarragonès;43148;Tarragona;8;9;B;;671;134;298;404;267;7;6;391;397
43;Tarragona;36;Tarragonès;43148;Tarragona;8;9;C;;679;161;339;445;234;3;5;437;442
43;Tarragona;36;Tarragonès;43148;Tarragona;9;1;A;;490;112;224;283;207;1;2;280;282
43;Tarragona;36;Tarragonès;43148;Tarragona;9;1;B;;517;134;236;309;208;3;7;299;306
43;Tarragona;36;Tarragonès;43148;Tarragona;9;10;A;;474;124;206;260;214;2;6;252;258
43;Tarragona;36;Tarragonès;43148;Tarragona;9;10;B;;501;119;211;280;221;1;6;273;279
43;Tarragona;36;Tarragonès;43148;Tarragona;9;2;A;;358;85;159;186;172;3;0;183;183
43;Tarragona;36;Tarragonès;43148;Tarragona;9;2;B;;375;94;164;191;184;1;1;189;190
43;Tarragona;36;Tarragonès;43148;Tarragona;9;3;A;;300;82;137;172;128;3;1;168;169
43;Tarragona;36;Tarragonès;43148;Tarragona;9;3;B;;382;119;186;219;163;1;9;209;218
43;Tarragona;36;Tarragonès;43148;Tarragona;9;4;A;;426;120;201;244;182;1;2;241;243
43;Tarragona;36;Tarragonès;43148;Tarragona;9;4;B;;512;151;247;284;228;1;1;282;283
43;Tarragona;36;Tarragonès;43148;Tarragona;9;8;U;;574;159;265;313;261;2;4;307;311
43;Tarragona;36;Tarragonès;43148;Tarragona;9;9;U;;651;190;371;411;240;4;5;402;407
25;Lleida;38;Urgell;25217;Tàrrega;1;1;A;;553;175;296;370;183;1;8;361;369
25;Lleida;38;Urgell;25217;Tàrrega;1;1;B;;464;129;244;302;162;2;6;294;300
25;Lleida;38;Urgell;25217;Tàrrega;1;1;C;;586;158;321;378;208;2;6;370;376
25;Lleida;38;Urgell;25217;Tàrrega;1;2;U;;514;146;265;329;185;4;6;319;325
25;Lleida;38;Urgell;25217;Tàrrega;2;1;A;;515;136;276;374;141;3;11;360;371
25;Lleida;38;Urgell;25217;Tàrrega;2;1;B;;634;166;360;470;164;5;12;453;465
25;Lleida;38;Urgell;25217;Tàrrega;2;2;A;;588;185;355;447;141;10;5;432;437
25;Lleida;38;Urgell;25217;Tàrrega;2;2;B;;698;212;435;516;182;6;12;498;510
25;Lleida;38;Urgell;25217;Tàrrega;2;3;A;;532;133;292;368;164;2;3;363;366
25;Lleida;38;Urgell;25217;Tàrrega;2;3;B;;592;181;337;416;176;2;9;405;414
25;Lleida;38;Urgell;25217;Tàrrega;3;1;A;;496;121;269;320;176;3;8;309;317
25;Lleida;38;Urgell;25217;Tàrrega;3;1;B;;600;149;330;407;193;2;8;397;405
25;Lleida;38;Urgell;25217;Tàrrega;3;2;U;;665;167;362;458;207;1;8;449;457
25;Lleida;38;Urgell;25217;Tàrrega;3;3;A;;482;135;253;332;150;3;8;321;329
25;Lleida;38;Urgell;25217;Tàrrega;3;3;B;;510;138;269;373;137;2;6;365;371
25;Lleida;38;Urgell;25217;Tàrrega;4;1;U;;557;156;303;387;170;7;10;370;380
25;Lleida;38;Urgell;25217;Tàrrega;4;2;A;;516;164;294;361;155;2;4;355;359
25;Lleida;38;Urgell;25217;Tàrrega;4;2;B;;600;152;332;427;173;3;5;419;424
25;Lleida;38;Urgell;25217;Tàrrega;5;1;U;;491;125;279;352;139;0;7;345;352
25;Lleida;18;Garrigues;25218;Tarrés;1;1;U;;90;25;61;79;11;0;2;77;79
25;Lleida;32;Segarra;25219;Tarroja de Segarra;1;1;U;;145;34;88;120;25;0;0;120;120
8;Barcelona;24;Osona;08275;Tavèrnoles;1;1;U;;241;108;190;215;26;0;1;214;215
8;Barcelona;24;Osona;08280;Tavertet;1;1;U;;110;40;68;88;22;0;2;86;88
8;Barcelona;21;Maresme;08281;Teià;1;1;A;;582;196;283;475;107;4;3;468;471
8;Barcelona;21;Maresme;08281;Teià;1;1;B;;507;186;223;395;112;1;2;392;394
8;Barcelona;21;Maresme;08281;Teià;1;1;C;;545;192;387;446;99;3;6;437;443
8;Barcelona;21;Maresme;08281;Teià;1;2;A;;555;198;365;429;126;4;3;422;425
8;Barcelona;21;Maresme;08281;Teià;1;2;B;;575;160;343;411;164;2;0;409;409
8;Barcelona;21;Maresme;08281;Teià;1;2;C;;560;166;344;422;138;1;7;414;421
8;Barcelona;21;Maresme;08281;Teià;1;3;A;;675;263;446;525;150;2;3;520;523
8;Barcelona;21;Maresme;08281;Teià;1;3;B;;750;289;462;573;177;1;3;569;572
25;Lleida;23;Noguera;25220;Térmens;1;1;A;;475;110;219;327;148;1;2;324;326
25;Lleida;23;Noguera;25220;Térmens;1;1;B;;577;153;351;426;151;1;1;424;425
17;Girona;2;Alt Empordà;17196;Terrades;1;1;U;;204;83;139;163;41;0;4;159;163
8;Barcelona;40;Vallès Occidental;08279;Terrassa;1;1;A;;479;165;333;407;72;1;2;404;406
8;Barcelona;40;Vallès Occidental;08279;Terrassa;1;1;B;;561;199;379;474;87;6;4;464;468
8;Barcelona;40;Vallès Occidental;08279;Terrassa;1;10;U;;947;265;561;768;179;0;6;762;768
8;Barcelona;40;Vallès Occidental;08279;Terrassa;1;11;U;;906;248;531;670;236;4;9;657;666
8;Barcelona;40;Vallès Occidental;08279;Terrassa;1;12;A;;489;113;253;330;159;0;2;328;330
8;Barcelona;40;Vallès Occidental;08279;Terrassa;1;12;B;;583;155;327;421;162;3;6;412;418
8;Barcelona;40;Vallès Occidental;08279;Terrassa;1;13;U;;626;163;344;438;188;3;9;426;435
8;Barcelona;40;Vallès Occidental;08279;Terrassa;1;14;A;;420;149;242;295;125;3;4;288;292
8;Barcelona;40;Vallès Occidental;08279;Terrassa;1;14;B;;642;195;350;443;199;3;7;433;440
8;Barcelona;40;Vallès Occidental;08279;Terrassa;1;14;C;;490;152;272;328;162;3;4;321;325
8;Barcelona;40;Vallès Occidental;08279;Terrassa;1;15;U;;950;266;531;690;260;4;11;675;686
8;Barcelona;40;Vallès Occidental;08279;Terrassa;1;16;A;;580;174;360;463;117;1;7;455;462
8;Barcelona;40;Vallès Occidental;08279;Terrassa;1;16;B;;613;169;355;454;159;2;6;446;452
8;Barcelona;40;Vallès Occidental;08279;Terrassa;1;16;C;;584;205;378;463;121;3;10;450;460
8;Barcelona;40;Vallès Occidental;08279;Terrassa;1;17;A;;754;270;500;601;153;1;6;594;600
8;Barcelona;40;Vallès Occidental;08279;Terrassa;1;17;B;;901;295;604;713;188;1;6;706;712
8;Barcelona;40;Vallès Occidental;08279;Terrassa;1;18;U;;423;146;271;340;83;1;5;334;339
8;Barcelona;40;Vallès Occidental;08279;Terrassa;1;19;A;;525;149;316;404;121;1;9;394;403
8;Barcelona;40;Vallès Occidental;08279;Terrassa;1;19;B;;592;178;339;462;130;0;7;455;462
8;Barcelona;40;Vallès Occidental;08279;Terrassa;1;2;A;;488;160;302;375;113;0;3;372;375
8;Barcelona;40;Vallès Occidental;08279;Terrassa;1;2;B;;594;200;348;451;143;1;7;443;450
8;Barcelona;40;Vallès Occidental;08279;Terrassa;1;20;U;;954;252;607;781;173;6;12;763;775
8;Barcelona;40;Vallès Occidental;08279;Terrassa;1;21;A;;441;143;284;335;106;4;1;330;331
8;Barcelona;40;Vallès Occidental;08279;Terrassa;1;21;B;;604;177;374;445;159;2;5;438;443
8;Barcelona;40;Vallès Occidental;08279;Terrassa;1;22;A;;655;203;408;499;156;1;9;489;498
8;Barcelona;40;Vallès Occidental;08279;Terrassa;1;22;B;;675;196;414;537;138;2;10;525;535
8;Barcelona;40;Vallès Occidental;08279;Terrassa;1;23;U;;922;273;620;794;128;2;12;780;792
8;Barcelona;40;Vallès Occidental;08279;Terrassa;1;24;U;;617;227;465;527;90;3;4;520;524
8;Barcelona;40;Vallès Occidental;08279;Terrassa;1;4;A;;645;194;441;521;124;4;4;513;517
8;Barcelona;40;Vallès Occidental;08279;Terrassa;1;4;B;;750;212;503;609;141;2;3;604;607
8;Barcelona;40;Vallès Occidental;08279;Terrassa;1;5;U;;939;300;604;753;186;2;12;739;751
8;Barcelona;40;Vallès Occidental;08279;Terrassa;1;6;A;;564;194;381;475;89;0;3;472;475
8;Barcelona;40;Vallès Occidental;08279;Terrassa;1;6;B;;614;190;379;489;125;3;3;483;486
8;Barcelona;40;Vallès Occidental;08279;Terrassa;1;7;A;;589;162;375;464;125;0;3;461;464
8;Barcelona;40;Vallès Occidental;08279;Terrassa;1;7;B;;691;211;441;534;157;8;9;517;526
8;Barcelona;40;Vallès Occidental;08279;Terrassa;1;8;A;;856;273;577;694;162;4;5;685;690
8;Barcelona;40;Vallès Occidental;08279;Terrassa;1;8;B;;906;324;608;764;142;6;9;749;758
8;Barcelona;40;Vallès Occidental;08279;Terrassa;1;9;U;;906;285;586;722;184;4;11;707;718
8;Barcelona;40;Vallès Occidental;08279;Terrassa;2;1;A;;467;175;263;313;154;1;2;310;312
8;Barcelona;40;Vallès Occidental;08279;Terrassa;2;1;B;;591;200;325;397;194;1;11;385;396
8;Barcelona;40;Vallès Occidental;08279;Terrassa;2;10;U;;472;88;227;324;148;2;3;319;322
8;Barcelona;40;Vallès Occidental;08279;Terrassa;2;11;U;;804;228;406;489;315;5;8;476;484
8;Barcelona;40;Vallès Occidental;08279;Terrassa;2;12;U;;622;171;311;366;256;1;9;356;365
8;Barcelona;40;Vallès Occidental;08279;Terrassa;2;14;A;;581;142;293;389;192;3;8;378;386
8;Barcelona;40;Vallès Occidental;08279;Terrassa;2;14;B;;808;178;390;506;302;4;10;492;502
8;Barcelona;40;Vallès Occidental;08279;Terrassa;2;15;U;;642;98;225;302;340;1;4;297;301
8;Barcelona;40;Vallès Occidental;08279;Terrassa;2;16;A;;536;125;264;349;187;3;5;341;346
8;Barcelona;40;Vallès Occidental;08279;Terrassa;2;16;B;;687;150;348;451;236;2;14;435;449
8;Barcelona;40;Vallès Occidental;08279;Terrassa;2;17;U;;1007;230;461;588;419;7;15;566;581
8;Barcelona;40;Vallès Occidental;08279;Terrassa;2;2;U;;546;163;258;310;236;3;5;302;307
8;Barcelona;40;Vallès Occidental;08279;Terrassa;2;3;U;;480;142;232;294;186;1;6;287;293
8;Barcelona;40;Vallès Occidental;08279;Terrassa;2;4;U;;724;251;388;460;264;2;7;451;458
8;Barcelona;40;Vallès Occidental;08279;Terrassa;2;5;U;;802;347;418;519;283;3;19;497;516
8;Barcelona;40;Vallès Occidental;08279;Terrassa;2;6;U;;696;209;379;479;217;4;10;465;475
8;Barcelona;40;Vallès Occidental;08279;Terrassa;2;7;U;;318;98;171;211;107;0;5;206;211
8;Barcelona;40;Vallès Occidental;08279;Terrassa;2;8;U;;699;218;369;450;249;1;5;444;449
8;Barcelona;40;Vallès Occidental;08279;Terrassa;2;9;U;;574;163;292;373;201;4;5;364;369
8;Barcelona;40;Vallès Occidental;08279;Terrassa;3;1;A;;607;177;352;431;176;3;8;420;428
8;Barcelona;40;Vallès Occidental;08279;Terrassa;3;1;B;;721;197;412;527;194;4;4;519;523
8;Barcelona;40;Vallès Occidental;08279;Terrassa;3;10;A;;675;178;342;434;241;3;7;424;431
8;Barcelona;40;Vallès Occidental;08279;Terrassa;3;10;B;;862;227;422;531;331;7;3;521;524
8;Barcelona;40;Vallès Occidental;08279;Terrassa;3;11;A;;474;91;204;262;212;0;6;256;262
8;Barcelona;40;Vallès Occidental;08279;Terrassa;3;11;B;;641;121;248;306;335;1;7;298;305
8;Barcelona;40;Vallès Occidental;08279;Terrassa;3;12;A;;472;126;245;314;158;1;3;310;313
8;Barcelona;40;Vallès Occidental;08279;Terrassa;3;12;B;;714;202;362;477;237;4;9;464;473
8;Barcelona;40;Vallès Occidental;08279;Terrassa;3;12;C;;528;151;264;352;176;6;2;344;346
8;Barcelona;40;Vallès Occidental;08279;Terrassa;3;13;U;;435;112;227;271;164;1;3;267;270
8;Barcelona;40;Vallès Occidental;08279;Terrassa;3;14;A;;507;137;253;304;203;2;1;301;302
8;Barcelona;40;Vallès Occidental;08279;Terrassa;3;14;B;;596;148;282;344;252;3;2;339;341
8;Barcelona;40;Vallès Occidental;08279;Terrassa;3;15;U;;908;274;515;648;260;4;6;638;644
8;Barcelona;40;Vallès Occidental;08279;Terrassa;3;16;U;;616;189;345;412;204;7;2;403;405
8;Barcelona;40;Vallès Occidental;08279;Terrassa;3;17;A;;388;110;205;249;139;3;3;243;246
8;Barcelona;40;Vallès Occidental;08279;Terrassa;3;17;B;;476;142;218;278;198;4;8;266;274
8;Barcelona;40;Vallès Occidental;08279;Terrassa;3;18;A;;374;128;215;256;118;3;5;248;253
8;Barcelona;40;Vallès Occidental;08279;Terrassa;3;18;B;;402;108;214;279;123;5;8;266;274
8;Barcelona;40;Vallès Occidental;08279;Terrassa;3;19;A;;405;116;195;252;153;1;4;247;251
8;Barcelona;40;Vallès Occidental;08279;Terrassa;3;19;B;;522;160;287;344;178;1;4;339;343
8;Barcelona;40;Vallès Occidental;08279;Terrassa;3;2;A;;460;141;276;341;119;0;10;331;341
8;Barcelona;40;Vallès Occidental;08279;Terrassa;3;2;B;;545;150;365;395;150;0;3;392;395
8;Barcelona;40;Vallès Occidental;08279;Terrassa;3;20;A;;520;135;286;341;179;3;4;334;338
8;Barcelona;40;Vallès Occidental;08279;Terrassa;3;20;B;;688;212;372;424;264;1;7;416;423
8;Barcelona;40;Vallès Occidental;08279;Terrassa;3;3;A;;541;144;272;361;180;3;7;351;358
8;Barcelona;40;Vallès Occidental;08279;Terrassa;3;3;B;;603;162;315;395;208;5;4;386;390
8;Barcelona;40;Vallès Occidental;08279;Terrassa;3;4;U;;875;228;437;547;328;5;6;536;542
8;Barcelona;40;Vallès Occidental;08279;Terrassa;3;5;A;;663;199;375;470;193;4;10;456;466
8;Barcelona;40;Vallès Occidental;08279;Terrassa;3;5;B;;784;237;435;540;244;4;10;526;536
8;Barcelona;40;Vallès Occidental;08279;Terrassa;3;6;A;;637;173;370;491;146;5;3;483;486
8;Barcelona;40;Vallès Occidental;08279;Terrassa;3;6;B;;734;201;415;549;185;3;7;539;546
8;Barcelona;40;Vallès Occidental;08279;Terrassa;3;7;A;;718;212;433;551;167;4;6;541;547
8;Barcelona;40;Vallès Occidental;08279;Terrassa;3;7;B;;823;228;463;610;213;8;4;598;602
8;Barcelona;40;Vallès Occidental;08279;Terrassa;3;8;A;;518;147;285;332;186;4;5;323;328
8;Barcelona;40;Vallès Occidental;08279;Terrassa;3;8;B;;689;192;346;426;263;3;2;421;423
8;Barcelona;40;Vallès Occidental;08279;Terrassa;3;9;A;;580;152;313;418;162;9;6;403;409
8;Barcelona;40;Vallès Occidental;08279;Terrassa;3;9;B;;709;208;402;492;217;5;9;478;487
8;Barcelona;40;Vallès Occidental;08279;Terrassa;3;9;C;;599;177;346;450;149;3;7;440;447
8;Barcelona;40;Vallès Occidental;08279;Terrassa;4;1;A;;500;173;325;406;94;0;7;399;406
8;Barcelona;40;Vallès Occidental;08279;Terrassa;4;1;B;;562;195;341;429;133;3;13;413;426
8;Barcelona;40;Vallès Occidental;08279;Terrassa;4;10;U;;457;140;255;286;171;5;9;272;281
8;Barcelona;40;Vallès Occidental;08279;Terrassa;4;11;U;;550;168;315;373;177;2;5;366;371
8;Barcelona;40;Vallès Occidental;08279;Terrassa;4;12;A;;448;154;259;325;123;3;6;316;322
8;Barcelona;40;Vallès Occidental;08279;Terrassa;4;12;B;;513;169;298;366;147;3;11;352;363
8;Barcelona;40;Vallès Occidental;08279;Terrassa;4;13;A;;586;193;356;438;148;7;3;428;431
8;Barcelona;40;Vallès Occidental;08279;Terrassa;4;13;B;;606;202;355;444;162;4;9;431;440
8;Barcelona;40;Vallès Occidental;08279;Terrassa;4;14;A;;439;142;287;368;71;1;2;365;367
8;Barcelona;40;Vallès Occidental;08279;Terrassa;4;14;B;;475;165;319;391;84;2;4;385;389
8;Barcelona;40;Vallès Occidental;08279;Terrassa;4;15;U;;830;212;520;651;179;2;10;639;649
8;Barcelona;40;Vallès Occidental;08279;Terrassa;4;16;A;;423;153;290;348;75;1;3;344;347
8;Barcelona;40;Vallès Occidental;08279;Terrassa;4;16;B;;507;174;327;411;96;2;3;406;409
8;Barcelona;40;Vallès Occidental;08279;Terrassa;4;17;A;;514;162;317;425;89;3;5;417;422
8;Barcelona;40;Vallès Occidental;08279;Terrassa;4;17;B;;546;180;354;432;114;4;6;422;428
8;Barcelona;40;Vallès Occidental;08279;Terrassa;4;18;A;;715;204;444;544;171;3;4;537;541
8;Barcelona;40;Vallès Occidental;08279;Terrassa;4;18;B;;840;252;513;634;206;4;7;623;630
8;Barcelona;40;Vallès Occidental;08279;Terrassa;4;19;A;;420;126;231;294;126;3;6;285;291
8;Barcelona;40;Vallès Occidental;08279;Terrassa;4;19;B;;488;135;256;326;162;8;14;304;318
8;Barcelona;40;Vallès Occidental;08279;Terrassa;4;2;A;;526;171;349;416;110;2;5;409;414
8;Barcelona;40;Vallès Occidental;08279;Terrassa;4;2;B;;580;189;376;451;129;1;5;445;450
8;Barcelona;40;Vallès Occidental;08279;Terrassa;4;20;U;;521;140;237;295;226;2;3;290;293
8;Barcelona;40;Vallès Occidental;08279;Terrassa;4;21;U;;776;208;394;489;287;4;5;480;485
8;Barcelona;40;Vallès Occidental;08279;Terrassa;4;22;A;;726;149;355;473;253;1;5;467;472
8;Barcelona;40;Vallès Occidental;08279;Terrassa;4;22;B;;846;206;429;593;253;2;12;579;591
8;Barcelona;40;Vallès Occidental;08279;Terrassa;4;23;A;;653;173;360;468;185;4;7;457;464
8;Barcelona;40;Vallès Occidental;08279;Terrassa;4;23;B;;856;193;427;562;294;10;15;537;552
8;Barcelona;40;Vallès Occidental;08279;Terrassa;4;24;A;;681;138;355;431;250;5;8;418;426
8;Barcelona;40;Vallès Occidental;08279;Terrassa;4;24;B;;789;239;422;514;275;4;7;503;510
8;Barcelona;40;Vallès Occidental;08279;Terrassa;4;25;A;;422;130;221;285;137;2;2;281;283
8;Barcelona;40;Vallès Occidental;08279;Terrassa;4;25;B;;506;154;276;362;144;0;4;358;362
8;Barcelona;40;Vallès Occidental;08279;Terrassa;4;26;A;;523;162;306;401;122;0;12;389;401
8;Barcelona;40;Vallès Occidental;08279;Terrassa;4;26;B;;516;190;333;414;102;2;4;408;412
8;Barcelona;40;Vallès Occidental;08279;Terrassa;4;3;A;;528;189;315;394;134;2;6;386;392
8;Barcelona;40;Vallès Occidental;08279;Terrassa;4;3;B;;685;209;386;510;175;2;6;502;508
8;Barcelona;40;Vallès Occidental;08279;Terrassa;4;4;A;;545;153;316;410;135;7;2;401;403
8;Barcelona;40;Vallès Occidental;08279;Terrassa;4;4;B;;549;162;328;405;144;4;5;396;401
8;Barcelona;40;Vallès Occidental;08279;Terrassa;4;5;A;;554;162;281;367;187;2;2;363;365
8;Barcelona;40;Vallès Occidental;08279;Terrassa;4;5;B;;641;176;334;429;212;3;2;424;426
8;Barcelona;40;Vallès Occidental;08279;Terrassa;4;6;A;;554;133;302;396;158;4;6;386;392
8;Barcelona;40;Vallès Occidental;08279;Terrassa;4;6;B;;834;240;493;607;227;7;12;588;600
8;Barcelona;40;Vallès Occidental;08279;Terrassa;4;7;A;;868;195;416;542;326;5;3;534;537
8;Barcelona;40;Vallès Occidental;08279;Terrassa;4;7;B;;1019;246;564;654;365;2;10;642;652
8;Barcelona;40;Vallès Occidental;08279;Terrassa;4;8;U;;907;221;456;594;313;9;13;572;585
8;Barcelona;40;Vallès Occidental;08279;Terrassa;4;9;U;;757;212;354;449;308;2;10;437;447
8;Barcelona;40;Vallès Occidental;08279;Terrassa;5;1;A;;666;161;377;485;181;4;7;474;481
8;Barcelona;40;Vallès Occidental;08279;Terrassa;5;1;B;;815;215;435;553;262;7;8;538;546
8;Barcelona;40;Vallès Occidental;08279;Terrassa;5;10;A;;664;251;398;450;214;1;2;447;449
8;Barcelona;40;Vallès Occidental;08279;Terrassa;5;10;B;;788;224;467;564;224;0;10;554;564
8;Barcelona;40;Vallès Occidental;08279;Terrassa;5;11;A;;685;171;392;497;188;6;6;485;491
8;Barcelona;40;Vallès Occidental;08279;Terrassa;5;11;B;;801;253;499;620;181;8;4;608;612
8;Barcelona;40;Vallès Occidental;08279;Terrassa;5;12;U;;584;158;323;404;180;1;2;401;403
8;Barcelona;40;Vallès Occidental;08279;Terrassa;5;13;A;;448;122;202;282;166;11;1;270;271
8;Barcelona;40;Vallès Occidental;08279;Terrassa;5;13;B;;567;115;240;352;215;7;4;341;345
8;Barcelona;40;Vallès Occidental;08279;Terrassa;5;14;A;;439;102;219;289;150;1;4;284;288
8;Barcelona;40;Vallès Occidental;08279;Terrassa;5;14;B;;632;172;368;467;165;4;10;453;463
8;Barcelona;40;Vallès Occidental;08279;Terrassa;5;14;C;;504;144;276;357;147;1;6;350;356
8;Barcelona;40;Vallès Occidental;08279;Terrassa;5;15;A;;667;157;321;426;241;5;6;415;421
8;Barcelona;40;Vallès Occidental;08279;Terrassa;5;15;B;;814;204;400;505;309;6;5;494;499
8;Barcelona;40;Vallès Occidental;08279;Terrassa;5;16;A;;517;150;202;352;165;0;5;347;352
8;Barcelona;40;Vallès Occidental;08279;Terrassa;5;16;B;;665;171;332;439;226;3;10;426;436
8;Barcelona;40;Vallès Occidental;08279;Terrassa;5;16;C;;535;158;292;363;172;2;9;352;361
8;Barcelona;40;Vallès Occidental;08279;Terrassa;5;17;A;;537;146;298;384;153;8;4;372;376
8;Barcelona;40;Vallès Occidental;08279;Terrassa;5;17;B;;716;205;410;520;196;0;9;511;520
8;Barcelona;40;Vallès Occidental;08279;Terrassa;5;18;A;;440;130;274;326;114;1;6;319;325
8;Barcelona;40;Vallès Occidental;08279;Terrassa;5;18;B;;546;164;302;382;164;1;8;373;381
8;Barcelona;40;Vallès Occidental;08279;Terrassa;5;19;U;;821;206;442;578;243;1;8;569;577
8;Barcelona;40;Vallès Occidental;08279;Terrassa;5;2;A;;467;152;245;309;158;10;1;298;299
8;Barcelona;40;Vallès Occidental;08279;Terrassa;5;2;B;;642;156;326;403;239;3;3;397;400
8;Barcelona;40;Vallès Occidental;08279;Terrassa;5;20;A;;548;151;316;400;148;5;5;390;395
8;Barcelona;40;Vallès Occidental;08279;Terrassa;5;20;B;;627;175;360;456;171;6;9;441;450
8;Barcelona;40;Vallès Occidental;08279;Terrassa;5;21;A;;608;150;340;442;166;1;4;437;441
8;Barcelona;40;Vallès Occidental;08279;Terrassa;5;21;B;;775;210;340;579;196;6;8;565;573
8;Barcelona;40;Vallès Occidental;08279;Terrassa;5;22;U;;536;158;303;379;157;2;4;373;377
8;Barcelona;40;Vallès Occidental;08279;Terrassa;5;23;A;;595;186;348;448;147;3;2;443;445
8;Barcelona;40;Vallès Occidental;08279;Terrassa;5;23;B;;628;168;368;471;157;1;12;458;470
8;Barcelona;40;Vallès Occidental;08279;Terrassa;5;24;A;;512;150;315;387;125;4;5;378;383
8;Barcelona;40;Vallès Occidental;08279;Terrassa;5;24;B;;616;178;337;428;188;7;8;413;421
8;Barcelona;40;Vallès Occidental;08279;Terrassa;5;25;U;;856;216;457;614;242;4;14;596;610
8;Barcelona;40;Vallès Occidental;08279;Terrassa;5;26;A;;488;145;294;374;114;4;2;368;370
8;Barcelona;40;Vallès Occidental;08279;Terrassa;5;26;B;;515;148;318;393;122;2;6;385;391
8;Barcelona;40;Vallès Occidental;08279;Terrassa;5;27;U;;949;281;562;719;230;3;22;694;716
8;Barcelona;40;Vallès Occidental;08279;Terrassa;5;28;U;;887;266;528;648;239;8;7;633;640
8;Barcelona;40;Vallès Occidental;08279;Terrassa;5;29;U;;879;272;514;638;241;3;10;625;635
8;Barcelona;40;Vallès Occidental;08279;Terrassa;5;3;A;;644;181;359;447;197;0;8;439;447
8;Barcelona;40;Vallès Occidental;08279;Terrassa;5;3;B;;787;237;438;556;231;4;2;550;552
8;Barcelona;40;Vallès Occidental;08279;Terrassa;5;4;A;;515;147;279;382;133;4;3;375;378
8;Barcelona;40;Vallès Occidental;08279;Terrassa;5;4;B;;612;184;376;477;135;5;4;468;472
8;Barcelona;40;Vallès Occidental;08279;Terrassa;5;5;U;;760;195;422;509;251;2;8;499;507
8;Barcelona;40;Vallès Occidental;08279;Terrassa;5;6;A;;744;223;465;577;167;4;8;565;573
8;Barcelona;40;Vallès Occidental;08279;Terrassa;5;6;B;;807;268;531;621;186;2;9;610;619
8;Barcelona;40;Vallès Occidental;08279;Terrassa;5;7;U;;864;239;549;699;165;0;7;692;699
8;Barcelona;40;Vallès Occidental;08279;Terrassa;5;8;A;;652;174;373;499;153;7;2;490;492
8;Barcelona;40;Vallès Occidental;08279;Terrassa;5;8;B;;736;217;425;554;182;1;8;545;553
8;Barcelona;40;Vallès Occidental;08279;Terrassa;5;9;A;;636;208;386;491;145;2;7;482;489
8;Barcelona;40;Vallès Occidental;08279;Terrassa;5;9;B;;695;221;398;505;190;5;1;499;500
8;Barcelona;40;Vallès Occidental;08279;Terrassa;6;1;U;;866;287;528;629;237;6;8;615;623
8;Barcelona;40;Vallès Occidental;08279;Terrassa;6;10;A;;628;165;339;439;189;2;9;428;437
8;Barcelona;40;Vallès Occidental;08279;Terrassa;6;10;B;;899;240;467;624;275;4;7;613;620
8;Barcelona;40;Vallès Occidental;08279;Terrassa;6;11;A;;574;130;233;305;269;1;0;304;304
8;Barcelona;40;Vallès Occidental;08279;Terrassa;6;11;B;;722;171;340;403;319;5;10;388;398
8;Barcelona;40;Vallès Occidental;08279;Terrassa;6;12;A;;402;111;212;263;139;0;4;259;263
8;Barcelona;40;Vallès Occidental;08279;Terrassa;6;12;B;;555;142;298;373;182;3;7;363;370
8;Barcelona;40;Vallès Occidental;08279;Terrassa;6;13;U;;664;218;372;456;208;3;3;450;453
8;Barcelona;40;Vallès Occidental;08279;Terrassa;6;14;U;;666;179;297;393;273;5;5;383;388
8;Barcelona;40;Vallès Occidental;08279;Terrassa;6;16;A;;506;130;208;280;226;1;5;274;279
8;Barcelona;40;Vallès Occidental;08279;Terrassa;6;16;B;;647;151;261;356;291;4;6;346;352
8;Barcelona;40;Vallès Occidental;08279;Terrassa;6;18;U;;492;151;232;286;206;3;5;278;283
8;Barcelona;40;Vallès Occidental;08279;Terrassa;6;19;U;;443;109;211;274;169;2;6;266;272
8;Barcelona;40;Vallès Occidental;08279;Terrassa;6;2;A;;469;141;242;300;169;2;2;296;298
8;Barcelona;40;Vallès Occidental;08279;Terrassa;6;2;B;;669;178;325;419;250;4;5;410;415
8;Barcelona;40;Vallès Occidental;08279;Terrassa;6;20;U;;439;129;216;258;181;3;1;254;255
8;Barcelona;40;Vallès Occidental;08279;Terrassa;6;21;U;;669;161;305;365;304;2;7;356;363
8;Barcelona;40;Vallès Occidental;08279;Terrassa;6;23;A;;420;63;198;258;162;2;3;253;256
8;Barcelona;40;Vallès Occidental;08279;Terrassa;6;23;B;;537;130;267;345;192;2;2;341;343
8;Barcelona;40;Vallès Occidental;08279;Terrassa;6;24;A;;486;133;269;339;147;2;6;331;337
8;Barcelona;40;Vallès Occidental;08279;Terrassa;6;24;B;;720;176;385;501;219;2;8;491;499
8;Barcelona;40;Vallès Occidental;08279;Terrassa;6;24;C;;546;132;298;364;182;4;8;352;360
8;Barcelona;40;Vallès Occidental;08279;Terrassa;6;25;A;;594;159;314;388;206;2;5;381;386
8;Barcelona;40;Vallès Occidental;08279;Terrassa;6;25;B;;815;229;434;533;282;4;8;521;529
8;Barcelona;40;Vallès Occidental;08279;Terrassa;6;26;A;;525;144;245;328;197;2;9;317;326
8;Barcelona;40;Vallès Occidental;08279;Terrassa;6;26;B;;693;156;324;437;256;3;4;430;434
8;Barcelona;40;Vallès Occidental;08279;Terrassa;6;27;A;;431;121;213;276;155;2;0;274;274
8;Barcelona;40;Vallès Occidental;08279;Terrassa;6;27;B;;557;132;235;334;223;4;8;322;330
8;Barcelona;40;Vallès Occidental;08279;Terrassa;6;28;A;;507;134;244;344;163;1;8;335;343
8;Barcelona;40;Vallès Occidental;08279;Terrassa;6;28;B;;671;192;325;433;238;0;7;426;433
8;Barcelona;40;Vallès Occidental;08279;Terrassa;6;29;U;;772;200;376;488;284;2;13;473;486
8;Barcelona;40;Vallès Occidental;08279;Terrassa;6;3;A;;614;157;310;406;208;3;10;393;403
8;Barcelona;40;Vallès Occidental;08279;Terrassa;6;3;B;;843;224;436;563;280;4;8;551;559
8;Barcelona;40;Vallès Occidental;08279;Terrassa;6;30;U;;539;127;242;345;194;3;10;332;342
8;Barcelona;40;Vallès Occidental;08279;Terrassa;6;31;U;;782;181;365;455;327;1;13;441;454
8;Barcelona;40;Vallès Occidental;08279;Terrassa;6;32;U;;552;133;270;357;195;5;5;347;352
8;Barcelona;40;Vallès Occidental;08279;Terrassa;6;33;A;;412;124;236;307;105;1;4;302;306
8;Barcelona;40;Vallès Occidental;08279;Terrassa;6;33;B;;553;164;302;391;162;6;7;378;385
8;Barcelona;40;Vallès Occidental;08279;Terrassa;6;4;A;;409;107;201;245;164;1;3;241;244
8;Barcelona;40;Vallès Occidental;08279;Terrassa;6;4;B;;464;122;225;291;173;2;6;283;289
8;Barcelona;40;Vallès Occidental;08279;Terrassa;6;5;A;;444;100;210;273;171;2;3;268;271
8;Barcelona;40;Vallès Occidental;08279;Terrassa;6;5;B;;617;150;321;419;198;0;13;406;419
8;Barcelona;40;Vallès Occidental;08279;Terrassa;6;6;A;;436;126;227;293;143;4;9;280;289
8;Barcelona;40;Vallès Occidental;08279;Terrassa;6;6;B;;667;176;341;442;225;4;5;433;438
8;Barcelona;40;Vallès Occidental;08279;Terrassa;6;8;A;;677;181;376;490;187;4;4;482;486
8;Barcelona;40;Vallès Occidental;08279;Terrassa;6;8;B;;923;261;501;629;294;1;4;624;628
8;Barcelona;40;Vallès Occidental;08279;Terrassa;6;9;A;;379;104;187;247;132;1;9;237;246
8;Barcelona;40;Vallès Occidental;08279;Terrassa;6;9;B;;476;126;278;348;128;3;7;338;345
8;Barcelona;21;Maresme;08282;Tiana;1;1;A;;793;259;501;624;169;2;8;614;622
8;Barcelona;21;Maresme;08282;Tiana;1;1;B;;852;260;547;663;189;4;9;650;659
8;Barcelona;21;Maresme;08282;Tiana;1;2;A;;389;117;243;298;91;0;3;295;298
8;Barcelona;21;Maresme;08282;Tiana;1;2;B;;325;108;198;254;71;2;5;247;252
8;Barcelona;21;Maresme;08282;Tiana;1;2;C;;491;154;299;374;117;2;6;366;372
8;Barcelona;21;Maresme;08282;Tiana;1;2;D;;423;153;276;339;84;5;5;329;334
8;Barcelona;21;Maresme;08282;Tiana;1;3;A;;439;133;275;339;100;3;2;334;336
8;Barcelona;21;Maresme;08282;Tiana;1;3;B;;526;171;350;410;116;5;3;402;405
8;Barcelona;21;Maresme;08282;Tiana;1;4;A;;614;205;393;502;112;2;6;494;500
8;Barcelona;21;Maresme;08282;Tiana;1;4;B;;666;220;446;551;115;1;9;541;550
8;Barcelona;21;Maresme;08282;Tiana;1;5;U;;681;196;417;522;159;4;8;510;518
25;Lleida;26;Pallars Sobirà;25221;Tírvia;1;1;U;;134;29;64;92;42;1;0;91;91
25;Lleida;23;Noguera;25222;Tiurana;1;1;U;;67;29;51;62;5;1;2;59;61
43;Tarragona;9;Baix Ebre;43149;Tivenys;1;1;U;;707;239;445;505;202;7;19;479;498
43;Tarragona;30;Ribera d'Ebre;43150;Tivissa;1;1;A;;554;128;313;433;121;10;3;420;423
43;Tarragona;30;Ribera d'Ebre;43150;Tivissa;1;1;B;;579;142;343;458;121;12;4;442;446
43;Tarragona;30;Ribera d'Ebre;43150;Tivissa;1;1;C;;206;72;127;158;48;2;3;153;156
8;Barcelona;24;Osona;08283;Tona;1;1;A;;684;196;407;502;182;4;3;495;498
8;Barcelona;24;Osona;08283;Tona;1;1;B;;817;225;451;581;236;6;11;564;575
8;Barcelona;24;Osona;08283;Tona;1;1;C;;528;163;312;393;135;3;9;381;390
8;Barcelona;24;Osona;08283;Tona;1;2;A;;669;185;426;521;148;2;5;514;519
8;Barcelona;24;Osona;08283;Tona;1;2;B;;657;168;409;510;147;9;11;490;501
8;Barcelona;24;Osona;08283;Tona;1;2;C;;516;164;345;406;110;4;3;399;402
8;Barcelona;24;Osona;08283;Tona;1;3;A;;741;125;451;535;206;3;4;528;532
8;Barcelona;24;Osona;08283;Tona;1;3;B;;802;227;459;576;226;4;7;565;572
8;Barcelona;24;Osona;08283;Tona;1;3;C;;492;129;304;372;120;4;3;365;368
25;Lleida;32;Segarra;25223;Torà;1;1;U;;953;267;580;725;228;13;17;695;712
8;Barcelona;21;Maresme;08284;Tordera;1;1;A;;452;135;256;321;131;5;4;312;316
8;Barcelona;21;Maresme;08284;Tordera;1;1;B;;523;144;307;360;163;4;6;350;356
8;Barcelona;21;Maresme;08284;Tordera;1;1;C;;552;169;316;378;174;1;5;372;377
8;Barcelona;21;Maresme;08284;Tordera;1;2;A;;558;144;286;347;211;8;6;333;339
8;Barcelona;21;Maresme;08284;Tordera;1;2;B;;638;153;331;408;230;4;9;395;404
8;Barcelona;21;Maresme;08284;Tordera;1;3;A;;681;129;338;432;249;5;7;420;427
8;Barcelona;21;Maresme;08284;Tordera;1;3;B;;822;165;410;529;293;4;10;515;525
8;Barcelona;21;Maresme;08284;Tordera;1;4;A;;488;131;254;305;183;5;8;292;300
8;Barcelona;21;Maresme;08284;Tordera;1;4;B;;607;167;317;384;223;4;3;377;380
8;Barcelona;21;Maresme;08284;Tordera;1;4;C;;584;154;346;393;191;5;1;387;388
8;Barcelona;21;Maresme;08284;Tordera;2;1;A;;631;181;332;388;243;7;6;375;381
8;Barcelona;21;Maresme;08284;Tordera;2;1;B;;739;188;358;429;310;10;11;408;419
8;Barcelona;21;Maresme;08284;Tordera;2;1;C;;634;188;350;405;229;6;5;394;399
8;Barcelona;21;Maresme;08284;Tordera;2;2;A;;540;123;229;296;244;1;1;294;295
8;Barcelona;21;Maresme;08284;Tordera;2;2;B;;459;106;193;249;210;3;6;240;246
8;Barcelona;21;Maresme;08284;Tordera;2;2;C;;633;159;287;351;282;6;5;340;345
8;Barcelona;21;Maresme;08284;Tordera;2;2;D;;586;140;267;336;250;5;1;330;331
8;Barcelona;21;Maresme;08284;Tordera;2;3;A;;598;184;303;364;234;2;7;355;362
8;Barcelona;21;Maresme;08284;Tordera;2;3;B;;689;214;347;409;280;2;6;401;407
8;Barcelona;21;Maresme;08284;Tordera;2;3;C;;658;190;313;382;276;7;2;373;375
8;Barcelona;24;Osona;08285;Torelló;1;1;U;;702;197;423;509;193;5;4;500;504
8;Barcelona;24;Osona;08285;Torelló;1;2;A;;600;208;398;474;126;4;5;465;470
8;Barcelona;24;Osona;08285;Torelló;1;2;B;;589;181;353;435;154;3;5;427;432
8;Barcelona;24;Osona;08285;Torelló;1;2;C;;433;144;282;340;93;2;6;332;338
8;Barcelona;24;Osona;08285;Torelló;1;4;A;;556;154;316;390;166;5;4;381;385
8;Barcelona;24;Osona;08285;Torelló;1;4;B;;578;127;337;399;179;2;12;385;397
8;Barcelona;24;Osona;08285;Torelló;1;4;C;;425;116;231;296;129;1;5;290;295
8;Barcelona;24;Osona;08285;Torelló;2;1;A;;627;182;381;484;143;0;2;482;484
8;Barcelona;24;Osona;08285;Torelló;2;1;B;;609;204;382;471;138;1;3;467;470
8;Barcelona;24;Osona;08285;Torelló;2;2;A;;464;152;299;376;88;1;4;371;375
8;Barcelona;24;Osona;08285;Torelló;2;2;B;;504;156;305;385;119;4;4;377;381
8;Barcelona;24;Osona;08285;Torelló;3;1;A;;581;183;373;443;138;1;4;438;442
8;Barcelona;24;Osona;08285;Torelló;3;1;B;;744;239;471;570;174;2;4;564;568
8;Barcelona;24;Osona;08285;Torelló;3;2;A;;547;187;335;390;157;4;2;384;386
8;Barcelona;24;Osona;08285;Torelló;3;2;B;;616;215;383;455;161;7;4;444;448
8;Barcelona;24;Osona;08285;Torelló;3;3;A;;530;163;341;405;125;2;3;400;403
8;Barcelona;24;Osona;08285;Torelló;3;3;B;;622;186;362;449;173;2;7;440;447
8;Barcelona;24;Osona;08285;Torelló;3;3;C;;458;149;301;354;104;1;6;347;353
25;Lleida;18;Garrigues;25224;Torms, els;1;1;U;;140;38;62;97;43;5;4;88;92
25;Lleida;38;Urgell;25225;Tornabous;1;1;U;;600;188;330;468;132;7;11;450;461
25;Lleida;33;Segrià;25226;Torrebesses;1;1;U;;257;73;148;180;77;3;4;173;177
25;Lleida;25;Pallars Jussà;25227;Torre de Cabdella, la;1;1;U;;663;167;300;477;186;1;6;470;476
8;Barcelona;6;Anoia;08286;Torre de Claramunt, la;1;1;A;;806;258;492;594;212;11;9;574;583
8;Barcelona;6;Anoia;08286;Torre de Claramunt, la;1;1;B;;932;272;490;624;308;12;13;599;612
8;Barcelona;6;Anoia;08286;Torre de Claramunt, la;1;2;A;;523;148;254;315;208;3;5;307;312
8;Barcelona;6;Anoia;08286;Torre de Claramunt, la;1;2;B;;642;163;309;377;265;0;6;371;377
43;Tarragona;29;Priorat;43151;Torre de Fontaubella, la;1;1;U;;113;51;83;95;18;0;2;93;95
43;Tarragona;30;Ribera d'Ebre;43152;Torre de l'Espanyol, la;1;1;U;;465;143;324;374;91;10;0;364;364
43;Tarragona;36;Tarragonès;43153;Torredembarra;1;1;A;;659;178;354;436;223;7;9;420;429
43;Tarragona;36;Tarragonès;43153;Torredembarra;1;1;B;;804;246;458;549;255;4;7;538;545
43;Tarragona;36;Tarragonès;43153;Torredembarra;1;2;U;;860;259;492;585;275;6;6;573;579
43;Tarragona;36;Tarragonès;43153;Torredembarra;1;3;A;;677;203;344;432;245;2;3;427;430
43;Tarragona;36;Tarragonès;43153;Torredembarra;1;3;B;;697;166;315;415;282;5;7;403;410
43;Tarragona;36;Tarragonès;43153;Torredembarra;1;3;C;;817;260;452;538;279;2;11;525;536
43;Tarragona;36;Tarragonès;43153;Torredembarra;1;4;A;;695;234;425;508;187;7;3;498;501
43;Tarragona;36;Tarragonès;43153;Torredembarra;1;4;B;;869;310;562;652;217;4;7;641;648
43;Tarragona;36;Tarragonès;43153;Torredembarra;1;5;A;;514;137;282;340;174;0;3;337;340
43;Tarragona;36;Tarragonès;43153;Torredembarra;1;5;B;;644;178;350;429;215;1;3;425;428
43;Tarragona;36;Tarragonès;43153;Torredembarra;1;6;A;;565;175;298;346;219;7;3;336;339
43;Tarragona;36;Tarragonès;43153;Torredembarra;1;6;B;;642;165;305;365;277;6;5;354;359
43;Tarragona;36;Tarragonès;43153;Torredembarra;1;6;C;;662;214;370;428;234;7;6;415;421
43;Tarragona;36;Tarragonès;43153;Torredembarra;1;7;A;;570;205;315;367;203;3;4;360;364
43;Tarragona;36;Tarragonès;43153;Torredembarra;1;7;B;;709;240;406;475;234;3;11;461;472
25;Lleida;33;Segrià;25228;Torrefarrera;1;1;U;;1207;261;643;820;387;8;17;795;812
25;Lleida;33;Segrià;25228;Torrefarrera;1;2;A;;841;203;494;649;192;7;17;625;642
25;Lleida;33;Segrià;25228;Torrefarrera;1;2;B;;873;25;512;670;203;2;15;653;668
25;Lleida;32;Segarra;25907;Torrefeta i Florejacs;1;1;U;;508;115;270;368;140;1;3;364;367
25;Lleida;27;Pla d'Urgell;25230;Torregrossa;1;1;U;;486;148;308;375;111;2;5;368;373
25;Lleida;27;Pla d'Urgell;25230;Torregrossa;1;2;A;;561;121;312;403;158;7;11;385;396
25;Lleida;27;Pla d'Urgell;25230;Torregrossa;1;2;B;;581;145;335;437;144;7;9;421;430
25;Lleida;23;Noguera;25231;Torrelameu;1;1;U;;513;122;313;412;101;10;4;398;402
8;Barcelona;3;Alt Penedès;08287;Torrelavit;1;1;U;;1049;296;629;825;224;10;9;806;815
8;Barcelona;3;Alt Penedès;08288;Torrelles de Foix;1;1;A;;753;210;376;446;307;6;5;435;440
8;Barcelona;3;Alt Penedès;08288;Torrelles de Foix;1;1;B;;962;267;466;574;388;14;7;553;560
8;Barcelona;11;Baix Llobregat;08289;Torrelles de Llobregat;1;1;A;;428;112;250;333;95;0;8;325;333
8;Barcelona;11;Baix Llobregat;08289;Torrelles de Llobregat;1;1;B;;547;158;321;426;121;1;9;416;425
8;Barcelona;11;Baix Llobregat;08289;Torrelles de Llobregat;1;2;A;;532;144;280;376;156;0;4;372;376
8;Barcelona;11;Baix Llobregat;08289;Torrelles de Llobregat;1;2;B;;564;164;325;407;157;0;5;402;407
8;Barcelona;11;Baix Llobregat;08289;Torrelles de Llobregat;1;3;A;;644;174;343;435;209;1;4;430;434
8;Barcelona;11;Baix Llobregat;08289;Torrelles de Llobregat;1;3;B;;645;198;359;461;184;0;5;456;461
8;Barcelona;11;Baix Llobregat;08289;Torrelles de Llobregat;1;4;A;;336;110;197;261;75;2;5;254;259
8;Barcelona;11;Baix Llobregat;08289;Torrelles de Llobregat;1;4;B;;472;131;274;351;121;1;5;345;350
17;Girona;10;Baix Empordà;17197;Torrent;1;1;U;;141;53;87;110;31;1;2;107;109
25;Lleida;33;Segrià;25232;Torres de Segre;1;1;A;;712;186;372;483;229;4;8;471;479
25;Lleida;33;Segrià;25232;Torres de Segre;1;1;B;;754;206;418;519;235;7;11;501;512
25;Lleida;33;Segrià;25233;Torre-serona;1;1;U;;277;69;158;209;68;2;4;203;207
17;Girona;2;Alt Empordà;17198;Torroella de Fluvià;1;1;U;;422;150;262;303;119;3;1;299;300
17;Girona;10;Baix Empordà;17199;Torroella de Montgrí;1;1;A;;494;182;291;369;125;2;2;365;367
17;Girona;10;Baix Empordà;17199;Torroella de Montgrí;1;1;B;;478;195;305;380;98;2;4;374;378
17;Girona;10;Baix Empordà;17199;Torroella de Montgrí;1;2;A;;634;215;368;464;170;6;8;450;458
17;Girona;10;Baix Empordà;17199;Torroella de Montgrí;1;2;B;;575;179;315;411;164;2;4;405;409
17;Girona;10;Baix Empordà;17199;Torroella de Montgrí;1;3;A;;775;222;386;494;281;2;6;486;492
17;Girona;10;Baix Empordà;17199;Torroella de Montgrí;1;3;B;;694;195;340;437;257;6;1;430;431
17;Girona;10;Baix Empordà;17199;Torroella de Montgrí;1;4;A;;732;237;418;554;178;2;9;543;552
17;Girona;10;Baix Empordà;17199;Torroella de Montgrí;1;4;B;;635;196;359;481;154;1;7;473;480
17;Girona;10;Baix Empordà;17199;Torroella de Montgrí;1;5;U;;710;221;374;497;213;4;5;488;493
17;Girona;10;Baix Empordà;17199;Torroella de Montgrí;1;6;A;;501;145;280;353;148;4;5;344;349
17;Girona;10;Baix Empordà;17199;Torroella de Montgrí;1;6;B;;493;163;287;378;115;4;7;367;374
43;Tarragona;29;Priorat;43154;Torroja del Priorat;1;1;U;;140;38;68;111;29;0;1;110;111
17;Girona;19;Garrotxa;17200;Tortellà;1;1;U;;613;248;394;466;147;10;7;449;456
43;Tarragona;9;Baix Ebre;43155;Tortosa;1;1;U;;710;192;340;423;287;7;1;415;416
43;Tarragona;9;Baix Ebre;43155;Tortosa;1;2;U;;510;163;284;350;160;4;12;334;346
43;Tarragona;9;Baix Ebre;43155;Tortosa;1;3;A;;481;150;259;334;147;9;5;320;325
43;Tarragona;9;Baix Ebre;43155;Tortosa;1;3;B;;397;126;222;289;108;2;6;281;287
43;Tarragona;9;Baix Ebre;43155;Tortosa;1;4;A;;714;243;405;509;205;10;10;489;499
43;Tarragona;9;Baix Ebre;43155;Tortosa;1;4;B;;664;221;368;464;200;8;13;443;456
43;Tarragona;9;Baix Ebre;43155;Tortosa;1;5;U;;620;122;193;229;391;5;8;216;224
43;Tarragona;9;Baix Ebre;43155;Tortosa;1;6;A;;408;132;206;265;143;6;3;256;259
43;Tarragona;9;Baix Ebre;43155;Tortosa;1;6;B;;350;123;202;236;114;1;8;227;235
43;Tarragona;9;Baix Ebre;43155;Tortosa;1;7;A;;788;239;434;566;222;7;8;551;559
43;Tarragona;9;Baix Ebre;43155;Tortosa;1;7;B;;508;160;276;347;161;2;8;337;345
43;Tarragona;9;Baix Ebre;43155;Tortosa;1;7;C;;664;180;338;434;230;4;8;422;430
43;Tarragona;9;Baix Ebre;43155;Tortosa;2;2;A;;749;182;394;534;215;8;7;519;526
43;Tarragona;9;Baix Ebre;43155;Tortosa;2;2;B;;712;193;393;502;210;5;12;485;497
43;Tarragona;9;Baix Ebre;43155;Tortosa;2;3;A;;428;132;227;273;155;6;4;263;267
43;Tarragona;9;Baix Ebre;43155;Tortosa;2;3;B;;298;90;150;183;115;4;2;177;179
43;Tarragona;9;Baix Ebre;43155;Tortosa;2;3;C;;374;92;173;222;152;4;4;214;218
43;Tarragona;9;Baix Ebre;43155;Tortosa;2;4;U;;643;148;301;387;256;3;10;374;384
43;Tarragona;9;Baix Ebre;43155;Tortosa;2;5;A;;460;133;248;312;148;6;11;295;306
43;Tarragona;9;Baix Ebre;43155;Tortosa;2;5;B;;451;125;238;300;151;13;8;279;287
43;Tarragona;9;Baix Ebre;43155;Tortosa;3;1;A;;259;70;114;141;118;3;2;136;138
43;Tarragona;9;Baix Ebre;43155;Tortosa;3;1;B;;242;66;104;131;111;2;1;128;129
43;Tarragona;9;Baix Ebre;43155;Tortosa;3;2;A;;550;167;310;412;138;13;14;385;399
43;Tarragona;9;Baix Ebre;43155;Tortosa;3;2;B;;402;110;200;278;124;2;9;267;276
43;Tarragona;9;Baix Ebre;43155;Tortosa;3;3;A;;482;121;206;258;224;0;4;254;258
43;Tarragona;9;Baix Ebre;43155;Tortosa;3;3;B;;398;94;159;226;172;1;6;219;225
43;Tarragona;9;Baix Ebre;43155;Tortosa;3;4;A;;671;156;303;417;254;5;1;411;412
43;Tarragona;9;Baix Ebre;43155;Tortosa;3;4;B;;601;174;303;368;233;1;14;353;367
43;Tarragona;9;Baix Ebre;43155;Tortosa;4;1;A;;529;151;297;369;160;7;10;352;362
43;Tarragona;9;Baix Ebre;43155;Tortosa;4;1;B;;486;129;245;323;163;5;8;310;318
43;Tarragona;9;Baix Ebre;43155;Tortosa;4;2;A;;357;101;182;222;135;2;5;215;220
43;Tarragona;9;Baix Ebre;43155;Tortosa;4;2;B;;259;85;147;177;82;3;2;172;174
43;Tarragona;9;Baix Ebre;43155;Tortosa;4;2;C;;305;91;150;191;114;3;4;184;188
43;Tarragona;9;Baix Ebre;43155;Tortosa;4;3;A;;527;124;221;284;243;4;5;275;280
43;Tarragona;9;Baix Ebre;43155;Tortosa;4;3;B;;556;136;250;306;250;9;6;291;297
43;Tarragona;9;Baix Ebre;43155;Tortosa;4;4;A;;317;69;138;186;131;1;3;182;185
43;Tarragona;9;Baix Ebre;43155;Tortosa;4;4;B;;289;71;122;160;129;1;2;157;159
43;Tarragona;9;Baix Ebre;43155;Tortosa;4;5;A;;653;184;348;461;192;23;11;427;438
43;Tarragona;9;Baix Ebre;43155;Tortosa;4;5;B;;512;151;279;358;154;12;4;342;346
43;Tarragona;9;Baix Ebre;43155;Tortosa;4;6;U;;1040;244;487;617;423;10;7;600;607
43;Tarragona;9;Baix Ebre;43155;Tortosa;4;7;A;;516;131;274;364;152;11;10;343;353
43;Tarragona;9;Baix Ebre;43155;Tortosa;4;7;B;;258;57;132;158;100;2;6;150;156
43;Tarragona;9;Baix Ebre;43155;Tortosa;4;8;U;;613;155;327;438;175;5;3;430;433
43;Tarragona;9;Baix Ebre;43155;Tortosa;4;9;A;;602;156;294;382;220;8;9;365;374
43;Tarragona;9;Baix Ebre;43155;Tortosa;4;9;B;;489;165;250;326;163;6;5;315;320
17;Girona;31;Ripollès;17201;Toses;1;1;U;;126;44;78;105;21;0;1;104;105
17;Girona;34;Selva;17202;Tossa de Mar;1;1;U;;896;311;519;598;298;13;5;580;585
17;Girona;34;Selva;17202;Tossa de Mar;1;2;A;;524;144;302;356;168;6;3;347;350
17;Girona;34;Selva;17202;Tossa de Mar;1;2;B;;566;162;317;385;181;6;2;377;379
17;Girona;34;Selva;17202;Tossa de Mar;1;3;A;;931;322;564;639;292;6;12;621;633
17;Girona;34;Selva;17202;Tossa de Mar;1;3;B;;889;304;534;622;267;10;10;602;612
25;Lleida;25;Pallars Jussà;25234;Tremp;1;1;U;;652;177;356;440;212;3;8;429;437
25;Lleida;25;Pallars Jussà;25234;Tremp;1;2;A;;394;94;212;270;124;3;2;265;267
25;Lleida;25;Pallars Jussà;25234;Tremp;1;2;B;;435;106;239;308;127;3;4;301;305
25;Lleida;25;Pallars Jussà;25234;Tremp;2;1;A;;555;127;274;364;191;3;9;352;361
25;Lleida;25;Pallars Jussà;25234;Tremp;2;1;B;;601;136;300;403;198;7;7;389;396
25;Lleida;25;Pallars Jussà;25234;Tremp;2;2;A;;595;130;320;410;185;6;3;401;404
25;Lleida;25;Pallars Jussà;25234;Tremp;2;2;B;;584;168;325;404;180;7;9;388;397
25;Lleida;25;Pallars Jussà;25234;Tremp;3;1;U;;683;104;220;317;366;4;5;308;313
17;Girona;10;Baix Empordà;17204;Ullà;1;1;U;;539;192;320;389;150;4;5;380;385
8;Barcelona;40;Vallès Occidental;08290;Ullastrell;1;1;A;;680;203;414;538;142;5;3;530;533
8;Barcelona;40;Vallès Occidental;08290;Ullastrell;1;1;B;;792;257;487;627;165;4;10;613;623
17;Girona;10;Baix Empordà;17205;Ullastret;1;1;U;;200;77;142;164;36;1;2;161;163
43;Tarragona;22;Montsià;43156;Ulldecona;1;1;A;;408;110;217;278;130;3;9;266;275
43;Tarragona;22;Montsià;43156;Ulldecona;1;1;B;;456;102;240;317;139;22;11;284;295
43;Tarragona;22;Montsià;43156;Ulldecona;1;2;A;;610;163;315;408;202;19;7;382;389
43;Tarragona;22;Montsià;43156;Ulldecona;1;2;B;;487;129;258;327;160;15;1;311;312
43;Tarragona;22;Montsià;43156;Ulldecona;1;2;C;;648;139;327;448;200;12;9;427;436
43;Tarragona;22;Montsià;43156;Ulldecona;2;1;U;;416;126;215;275;141;4;6;265;271
43;Tarragona;22;Montsià;43156;Ulldecona;2;2;U;;589;16;313;399;190;12;7;380;387
43;Tarragona;22;Montsià;43156;Ulldecona;3;1;U;;461;110;220;269;192;0;14;255;269
43;Tarragona;29;Priorat;43157;Ulldemolins;1;1;U;;372;127;233;317;55;4;5;308;313
17;Girona;10;Baix Empordà;17203;Ultramort;1;1;U;;166;51;110;131;35;1;0;130;130
17;Girona;15;Cerdanya;17206;Urús;1;1;U;;155;50;86;119;36;1;0;118;118
8;Barcelona;40;Vallès Occidental;08291;Vacarisses;1;1;A;;494;182;319;374;120;2;7;365;372
8;Barcelona;40;Vallès Occidental;08291;Vacarisses;1;1;B;;552;198;342;401;151;0;5;396;401
8;Barcelona;40;Vallès Occidental;08291;Vacarisses;1;2;A;;634;213;381;470;164;1;8;461;469
8;Barcelona;40;Vallès Occidental;08291;Vacarisses;1;2;B;;765;265;472;570;195;4;11;555;566
8;Barcelona;40;Vallès Occidental;08291;Vacarisses;1;3;A;;575;185;343;402;173;6;9;387;396
8;Barcelona;40;Vallès Occidental;08291;Vacarisses;1;3;B;;685;188;358;437;248;6;12;419;431
8;Barcelona;40;Vallès Occidental;08291;Vacarisses;1;4;U;;764;168;340;427;337;0;13;414;427
17;Girona;2;Alt Empordà;17014;Vajol, la;1;1;U;;59;27;37;47;12;0;0;47;47
8;Barcelona;6;Anoia;08292;Vallbona d'Anoia;1;1;U;;1096;311;693;832;264;16;12;804;816
25;Lleida;38;Urgell;25238;Vallbona de les Monges;1;1;U;;227;61;142;174;53;1;10;163;173
8;Barcelona;14;Berguedà;08293;Vallcebre;1;1;U;;237;105;151;186;51;1;3;182;185
43;Tarragona;16;Conca de Barberà;43158;Vallclara;1;1;U;;97;23;57;80;17;0;0;80;80
17;Girona;19;Garrotxa;17207;Vall d'en Bas, la;1;1;A;;960;390;696;780;180;2;5;773;778
17;Girona;19;Garrotxa;17207;Vall d'en Bas, la;1;1;B;;227;111;165;198;29;5;1;192;193
17;Girona;19;Garrotxa;17207;Vall d'en Bas, la;1;2;A;;950;355;641;752;198;0;9;743;752
17;Girona;19;Garrotxa;17207;Vall d'en Bas, la;1;2;B;;245;85;173;203;42;0;3;200;203
17;Girona;19;Garrotxa;17208;Vall de Bianya, la;1;1;A;;452;135;282;337;115;3;9;325;334
17;Girona;19;Garrotxa;17208;Vall de Bianya, la;1;1;B;;568;219;368;418;150;0;4;414;418
25;Lleida;5;Alta Ribagorça;25043;Vall de Boí, la;1;1;U;;813;188;391;558;255;6;10;542;552
25;Lleida;26;Pallars Sobirà;25901;Vall de Cardós;1;1;U;;309;55;147;222;87;8;3;211;214
25;Lleida;23;Noguera;25240;Vallfogona de Balaguer;1;1;A;;812;181;448;602;210;9;9;584;593
25;Lleida;23;Noguera;25240;Vallfogona de Balaguer;1;1;B;;233;55;136;170;63;2;6;162;168
25;Lleida;23;Noguera;25240;Vallfogona de Balaguer;1;1;C;;362;87;207;262;100;3;9;250;259
17;Girona;31;Ripollès;17170;Vallfogona de Ripollès;1;1;U;;193;75;122;159;34;0;0;159;159
43;Tarragona;16;Conca de Barberà;43159;Vallfogona de Riucorb;1;1;U;;87;38;56;64;23;0;1;63;64
8;Barcelona;41;Vallès Oriental;08294;Vallgorguina;1;1;A;;580;223;423;450;130;3;3;444;447
8;Barcelona;41;Vallès Oriental;08294;Vallgorguina;1;1;B;;537;179;318;387;150;5;1;381;382
8;Barcelona;41;Vallès Oriental;08294;Vallgorguina;1;1;C;;778;240;435;528;250;3;7;518;525
8;Barcelona;11;Baix Llobregat;08295;Vallirana;1;1;A;;522;171;304;348;174;5;15;328;343
8;Barcelona;11;Baix Llobregat;08295;Vallirana;1;1;B;;515;153;269;335;180;3;11;321;332
8;Barcelona;11;Baix Llobregat;08295;Vallirana;1;1;C;;520;151;282;359;161;6;3;350;353
8;Barcelona;11;Baix Llobregat;08295;Vallirana;1;2;A;;555;171;316;380;175;8;4;368;372
8;Barcelona;11;Baix Llobregat;08295;Vallirana;1;2;B;;577;171;318;388;189;4;12;372;384
8;Barcelona;11;Baix Llobregat;08295;Vallirana;1;2;C;;559;166;305;375;184;3;5;367;372
8;Barcelona;11;Baix Llobregat;08295;Vallirana;1;3;A;;466;142;265;323;143;7;2;314;316
8;Barcelona;11;Baix Llobregat;08295;Vallirana;1;3;B;;420;131;238;279;141;3;3;273;276
8;Barcelona;11;Baix Llobregat;08295;Vallirana;1;3;C;;419;120;240;308;111;7;3;298;301
8;Barcelona;11;Baix Llobregat;08295;Vallirana;1;4;U;;749;213;425;520;229;10;6;504;510
8;Barcelona;11;Baix Llobregat;08295;Vallirana;1;5;A;;635;178;334;401;234;2;9;390;399
8;Barcelona;11;Baix Llobregat;08295;Vallirana;1;5;B;;779;220;410;476;303;2;5;469;474
8;Barcelona;11;Baix Llobregat;08295;Vallirana;1;5;C;;657;161;329;392;265;4;3;385;388
8;Barcelona;11;Baix Llobregat;08295;Vallirana;1;6;A;;443;117;231;290;153;5;5;280;285
8;Barcelona;11;Baix Llobregat;08295;Vallirana;1;6;B;;550;160;269;354;196;3;7;344;351
8;Barcelona;11;Baix Llobregat;08295;Vallirana;1;6;C;;456;122;226;296;160;4;8;284;292
8;Barcelona;11;Baix Llobregat;08295;Vallirana;1;7;A;;562;155;292;353;209;2;4;347;351
8;Barcelona;11;Baix Llobregat;08295;Vallirana;1;7;B;;656;182;332;417;239;6;7;404;411
8;Barcelona;11;Baix Llobregat;08295;Vallirana;1;7;C;;616;140;291;370;246;1;5;364;369
17;Girona;10;Baix Empordà;17209;Vall-llobrega;1;1;U;;609;169;388;480;129;2;7;471;478
43;Tarragona;1;Alt Camp;43160;Vallmoll;1;1;A;;571;165;318;390;181;9;6;375;381
43;Tarragona;1;Alt Camp;43160;Vallmoll;1;1;B;;722;202;404;484;238;10;10;464;474
8;Barcelona;41;Vallès Oriental;08296;Vallromanes;1;1;A;;824;254;510;639;185;0;13;626;639
8;Barcelona;41;Vallès Oriental;08296;Vallromanes;1;1;B;;900;253;534;692;208;6;15;671;686
43;Tarragona;1;Alt Camp;43161;Valls;1;1;U;;547;158;280;344;203;3;4;337;341
43;Tarragona;1;Alt Camp;43161;Valls;2;1;U;;606;160;245;301;305;2;6;293;299
43;Tarragona;1;Alt Camp;43161;Valls;3;1;A;;583;222;358;434;149;2;7;425;432
43;Tarragona;1;Alt Camp;43161;Valls;3;1;B;;678;183;322;419;259;3;1;415;416
43;Tarragona;1;Alt Camp;43161;Valls;4;1;A;;399;125;234;298;101;4;4;290;294
43;Tarragona;1;Alt Camp;43161;Valls;4;1;B;;525;198;341;412;113;5;3;404;407
43;Tarragona;1;Alt Camp;43161;Valls;4;2;A;;386;110;198;251;135;2;8;241;249
43;Tarragona;1;Alt Camp;43161;Valls;4;2;B;;559;150;277;342;217;3;6;333;339
43;Tarragona;1;Alt Camp;43161;Valls;4;2;C;;350;111;202;271;79;2;0;269;269
43;Tarragona;1;Alt Camp;43161;Valls;4;3;A;;567;125;250;333;234;2;6;325;331
43;Tarragona;1;Alt Camp;43161;Valls;4;3;B;;637;144;305;386;251;1;5;380;385
43;Tarragona;1;Alt Camp;43161;Valls;5;1;A;;422;133;245;328;94;3;6;319;325
43;Tarragona;1;Alt Camp;43161;Valls;5;1;B;;388;101;187;257;131;2;3;252;255
43;Tarragona;1;Alt Camp;43161;Valls;5;1;C;;504;164;280;360;144;5;4;351;355
43;Tarragona;1;Alt Camp;43161;Valls;5;2;A;;525;158;295;374;151;1;5;368;373
43;Tarragona;1;Alt Camp;43161;Valls;5;2;B;;575;163;323;397;178;6;1;390;391
43;Tarragona;1;Alt Camp;43161;Valls;5;2;C;;638;203;388;469;169;1;8;460;468
43;Tarragona;1;Alt Camp;43161;Valls;5;3;A;;385;96;178;302;83;0;7;295;302
43;Tarragona;1;Alt Camp;43161;Valls;5;3;B;;488;130;235;237;251;3;4;230;234
43;Tarragona;1;Alt Camp;43161;Valls;6;1;A;;538;188;301;374;164;2;4;368;372
43;Tarragona;1;Alt Camp;43161;Valls;6;1;B;;517;162;268;373;144;3;5;365;370
43;Tarragona;1;Alt Camp;43161;Valls;6;1;C;;606;219;341;433;173;2;5;426;431
43;Tarragona;1;Alt Camp;43161;Valls;6;2;A;;741;206;403;539;202;2;7;530;537
43;Tarragona;1;Alt Camp;43161;Valls;6;2;B;;858;221;458;608;250;7;6;595;601
43;Tarragona;1;Alt Camp;43161;Valls;6;3;A;;541;160;312;401;140;1;7;393;400
43;Tarragona;1;Alt Camp;43161;Valls;6;3;B;;637;170;374;462;175;5;8;449;457
43;Tarragona;1;Alt Camp;43161;Valls;6;4;U;;797;274;428;526;271;0;7;519;526
43;Tarragona;1;Alt Camp;43161;Valls;6;5;A;;605;175;317;422;183;4;9;409;418
43;Tarragona;1;Alt Camp;43161;Valls;6;5;B;;666;175;350;469;197;3;9;457;466
43;Tarragona;1;Alt Camp;43161;Valls;6;6;U;;883;197;453;597;286;4;13;580;593
25;Lleida;4;Alt Urgell;25906;Valls d'Aguilar, les;1;1;U;;241;67;133;168;73;4;1;163;164
25;Lleida;4;Alt Urgell;25239;Valls de Valira, les;1;1;U;;637;121;244;350;287;3;2;345;347
43;Tarragona;8;Baix Camp;43162;Vandellòs i l'Hospitalet de l'Infant;1;1;A;;433;120;285;348;85;4;3;341;344
43;Tarragona;8;Baix Camp;43162;Vandellòs i l'Hospitalet de l'Infant;1;1;B;;346;106;220;269;77;2;2;265;267
43;Tarragona;8;Baix Camp;43162;Vandellòs i l'Hospitalet de l'Infant;1;2;A;;294;70;143;192;102;3;2;187;189
43;Tarragona;8;Baix Camp;43162;Vandellòs i l'Hospitalet de l'Infant;1;2;B;;336;82;175;239;97;3;4;232;236
43;Tarragona;8;Baix Camp;43162;Vandellòs i l'Hospitalet de l'Infant;1;2;C;;342;72;166;233;109;3;7;223;230
43;Tarragona;8;Baix Camp;43162;Vandellòs i l'Hospitalet de l'Infant;1;3;A;;505;114;259;335;170;2;4;329;333
43;Tarragona;8;Baix Camp;43162;Vandellòs i l'Hospitalet de l'Infant;1;3;B;;468;126;239;307;161;5;2;300;302
43;Tarragona;8;Baix Camp;43162;Vandellòs i l'Hospitalet de l'Infant;1;3;C;;516;120;284;355;161;5;5;345;350
43;Tarragona;8;Baix Camp;43162;Vandellòs i l'Hospitalet de l'Infant;1;4;U;;960;246;504;643;317;9;17;617;634
25;Lleida;4;Alt Urgell;25909;Vansa i Fórnols, la;1;1;U;;147;55;91;112;35;0;0;112;112
8;Barcelona;6;Anoia;08297;Veciana;1;1;U;;137;47;75;97;40;0;1;96;97
43;Tarragona;12;Baix Penedès;43163;Vendrell, el;1;1;U;;927;304;524;634;293;7;9;618;627
43;Tarragona;12;Baix Penedès;43163;Vendrell, el;1;2;U;;904;304;529;621;283;5;4;612;616
43;Tarragona;12;Baix Penedès;43163;Vendrell, el;1;3;A;;578;165;292;361;217;5;6;350;356
43;Tarragona;12;Baix Penedès;43163;Vendrell, el;1;3;B;;630;184;330;405;225;6;4;395;399
43;Tarragona;12;Baix Penedès;43163;Vendrell, el;2;1;U;;739;204;384;468;271;3;8;457;465
43;Tarragona;12;Baix Penedès;43163;Vendrell, el;2;2;A;;608;167;259;319;289;4;7;308;315
43;Tarragona;12;Baix Penedès;43163;Vendrell, el;2;2;B;;738;218;359;433;305;4;1;428;429
43;Tarragona;12;Baix Penedès;43163;Vendrell, el;2;3;A;;769;223;343;419;350;2;3;414;417
43;Tarragona;12;Baix Penedès;43163;Vendrell, el;2;3;B;;888;248;414;495;393;8;2;485;487
43;Tarragona;12;Baix Penedès;43163;Vendrell, el;2;4;A;;683;155;288;374;309;6;8;360;368
43;Tarragona;12;Baix Penedès;43163;Vendrell, el;2;4;B;;856;210;363;453;403;9;7;437;444
43;Tarragona;12;Baix Penedès;43163;Vendrell, el;2;5;A;;872;280;458;549;323;2;10;537;547
43;Tarragona;12;Baix Penedès;43163;Vendrell, el;2;5;B;;1006;303;524;637;369;5;11;621;632
43;Tarragona;12;Baix Penedès;43163;Vendrell, el;3;1;A;;509;123;270;339;170;3;7;329;336
43;Tarragona;12;Baix Penedès;43163;Vendrell, el;3;1;B;;615;194;370;446;169;2;9;435;444
43;Tarragona;12;Baix Penedès;43163;Vendrell, el;3;10;U;;633;175;358;446;187;6;13;427;440
43;Tarragona;12;Baix Penedès;43163;Vendrell, el;3;2;A;;670;213;335;406;264;4;5;397;402
43;Tarragona;12;Baix Penedès;43163;Vendrell, el;3;2;B;;759;213;379;465;294;8;3;454;457
43;Tarragona;12;Baix Penedès;43163;Vendrell, el;3;3;A;;653;203;336;389;264;4;5;380;385
43;Tarragona;12;Baix Penedès;43163;Vendrell, el;3;3;B;;634;195;312;375;259;3;9;363;372
43;Tarragona;12;Baix Penedès;43163;Vendrell, el;3;3;C;;718;228;363;445;273;8;10;427;437
43;Tarragona;12;Baix Penedès;43163;Vendrell, el;3;4;A;;651;214;368;441;210;6;16;419;435
43;Tarragona;12;Baix Penedès;43163;Vendrell, el;3;4;B;;697;224;369;454;243;10;9;435;444
43;Tarragona;12;Baix Penedès;43163;Vendrell, el;3;4;C;;801;241;420;495;306;9;6;480;486
43;Tarragona;12;Baix Penedès;43163;Vendrell, el;3;5;U;;893;235;471;576;317;5;11;560;571
43;Tarragona;12;Baix Penedès;43163;Vendrell, el;3;6;A;;694;177;339;450;244;2;13;435;448
43;Tarragona;12;Baix Penedès;43163;Vendrell, el;3;6;B;;798;218;420;530;268;6;13;511;524
43;Tarragona;12;Baix Penedès;43163;Vendrell, el;3;7;A;;661;175;310;378;283;3;5;370;375
43;Tarragona;12;Baix Penedès;43163;Vendrell, el;3;7;B;;774;208;379;460;314;7;8;445;453
43;Tarragona;12;Baix Penedès;43163;Vendrell, el;3;7;C;;763;246;393;455;308;7;4;444;448
43;Tarragona;12;Baix Penedès;43163;Vendrell, el;3;8;A;;701;183;351;439;262;11;9;419;428
43;Tarragona;12;Baix Penedès;43163;Vendrell, el;3;8;B;;899;263;482;573;326;8;14;551;565
43;Tarragona;12;Baix Penedès;43163;Vendrell, el;3;9;A;;572;140;266;337;235;5;2;330;332
43;Tarragona;12;Baix Penedès;43163;Vendrell, el;3;9;B;;637;193;316;380;257;7;4;369;373
17;Girona;2;Alt Empordà;17210;Ventalló;1;1;U;;526;197;324;390;136;7;4;379;383
25;Lleida;38;Urgell;25242;Verdú;1;1;U;;780;233;450;571;209;6;11;554;565
17;Girona;10;Baix Empordà;17211;Verges;1;1;U;;851;358;615;713;138;3;15;695;710
43;Tarragona;36;Tarragonès;43164;Vespella de Gaià;1;1;U;;283;104;181;216;67;1;2;213;215
8;Barcelona;24;Osona;08298;Vic;1;1;U;;373;125;230;281;92;1;3;277;280
8;Barcelona;24;Osona;08298;Vic;1;2;U;;481;164;276;347;134;1;4;342;346
8;Barcelona;24;Osona;08298;Vic;1;3;U;;461;198;324;382;79;2;2;378;380
8;Barcelona;24;Osona;08298;Vic;2;1;U;;577;224;371;462;115;1;5;456;461
8;Barcelona;24;Osona;08298;Vic;2;2;A;;544;209;372;447;97;2;2;443;445
8;Barcelona;24;Osona;08298;Vic;2;2;B;;435;145;286;347;88;0;7;340;347
8;Barcelona;24;Osona;08298;Vic;2;2;C;;550;200;377;454;96;4;2;448;450
8;Barcelona;24;Osona;08298;Vic;2;3;A;;630;240;419;486;144;0;2;484;486
8;Barcelona;24;Osona;08298;Vic;2;3;B;;721;319;499;585;136;4;4;577;581
8;Barcelona;24;Osona;08298;Vic;2;4;A;;565;186;353;418;147;1;1;416;417
8;Barcelona;24;Osona;08298;Vic;2;4;B;;600;208;404;465;135;2;2;461;463
8;Barcelona;24;Osona;08298;Vic;2;5;A;;637;199;392;476;161;1;4;471;475
8;Barcelona;24;Osona;08298;Vic;2;5;B;;739;249;503;584;155;1;7;576;583
8;Barcelona;24;Osona;08298;Vic;2;6;A;;595;181;322;401;194;3;7;391;398
8;Barcelona;24;Osona;08298;Vic;2;6;B;;711;251;441;524;187;4;7;513;520
8;Barcelona;24;Osona;08298;Vic;3;1;U;;839;296;575;705;134;4;5;696;701
8;Barcelona;24;Osona;08298;Vic;3;10;U;;666;220;447;551;115;0;2;549;551
8;Barcelona;24;Osona;08298;Vic;3;11;U;;730;261;439;489;241;0;9;480;489
8;Barcelona;24;Osona;08298;Vic;3;12;A;;638;246;451;536;102;0;1;535;536
8;Barcelona;24;Osona;08298;Vic;3;12;B;;791;272;555;665;126;0;2;663;665
8;Barcelona;24;Osona;08298;Vic;3;2;U;;346;122;205;228;118;0;3;225;228
8;Barcelona;24;Osona;08298;Vic;3;3;A;;444;161;288;336;108;2;1;333;334
8;Barcelona;24;Osona;08298;Vic;3;3;B;;366;115;220;269;97;1;6;262;268
8;Barcelona;24;Osona;08298;Vic;3;3;C;;480;169;313;367;113;3;2;362;364
8;Barcelona;24;Osona;08298;Vic;3;4;U;;598;237;377;449;149;2;2;445;447
8;Barcelona;24;Osona;08298;Vic;3;5;A;;490;147;287;348;142;5;2;341;343
8;Barcelona;24;Osona;08298;Vic;3;5;B;;553;193;336;395;158;3;4;388;392
8;Barcelona;24;Osona;08298;Vic;3;6;U;;718;253;424;502;216;3;5;494;499
8;Barcelona;24;Osona;08298;Vic;3;7;A;;671;173;448;532;139;2;6;524;530
8;Barcelona;24;Osona;08298;Vic;3;7;B;;492;236;313;373;119;1;5;367;372
8;Barcelona;24;Osona;08298;Vic;3;7;C;;767;270;555;634;133;5;5;624;629
8;Barcelona;24;Osona;08298;Vic;3;8;A;;597;168;318;378;219;2;8;368;376
8;Barcelona;24;Osona;08298;Vic;3;8;B;;578;162;317;380;198;5;6;369;375
8;Barcelona;24;Osona;08298;Vic;3;9;U;;610;239;419;478;132;5;4;469;473
8;Barcelona;24;Osona;08298;Vic;4;1;A;;642;230;409;494;148;0;3;491;494
8;Barcelona;24;Osona;08298;Vic;4;1;B;;700;269;445;527;173;4;6;517;523
8;Barcelona;24;Osona;08298;Vic;4;2;A;;548;160;345;405;143;1;6;398;404
8;Barcelona;24;Osona;08298;Vic;4;2;B;;506;145;283;333;173;7;4;322;326
8;Barcelona;24;Osona;08298;Vic;4;2;C;;577;178;368;417;160;1;2;414;416
8;Barcelona;24;Osona;08298;Vic;4;3;A;;413;151;238;307;106;2;0;305;305
8;Barcelona;24;Osona;08298;Vic;4;3;B;;483;169;302;380;103;0;3;377;380
8;Barcelona;24;Osona;08298;Vic;4;4;A;;473;185;296;361;112;0;4;357;361
8;Barcelona;24;Osona;08298;Vic;4;4;B;;535;209;319;396;139;1;6;389;395
8;Barcelona;24;Osona;08298;Vic;5;1;U;;553;203;418;482;71;0;1;481;482
17;Girona;24;Osona;17212;Vidrà;1;1;U;;127;45;90;113;14;1;2;110;112
17;Girona;34;Selva;17213;Vidreres;1;1;A;;737;237;450;558;179;2;9;547;556
17;Girona;34;Selva;17213;Vidreres;1;1;B;;759;235;434;530;229;3;8;519;527
17;Girona;34;Selva;17213;Vidreres;1;2;U;;874;243;497;582;292;3;7;572;579
17;Girona;34;Selva;17213;Vidreres;1;3;A;;745;226;439;519;226;2;7;510;517
17;Girona;34;Selva;17213;Vidreres;1;3;B;;757;270;456;546;211;6;8;532;540
17;Girona;34;Selva;17213;Vidreres;1;4;A;;688;174;277;322;366;5;4;313;317
17;Girona;34;Selva;17213;Vidreres;1;4;B;;693;227;322;380;313;3;2;375;377
25;Lleida;39;Consell General d'Aran;25243;Vielha e Mijaran;1;1;A;;525;132;258;337;188;5;10;322;332
25;Lleida;39;Consell General d'Aran;25243;Vielha e Mijaran;1;1;B;;576;154;276;372;204;5;8;359;367
25;Lleida;39;Consell General d'Aran;25243;Vielha e Mijaran;1;2;A;;493;110;225;324;169;12;9;303;312
25;Lleida;39;Consell General d'Aran;25243;Vielha e Mijaran;1;2;B;;413;111;208;247;166;6;11;230;241
25;Lleida;39;Consell General d'Aran;25243;Vielha e Mijaran;1;2;C;;444;82;171;263;181;3;8;252;260
25;Lleida;39;Consell General d'Aran;25243;Vielha e Mijaran;1;3;U;;985;225;422;602;383;9;39;554;593
43;Tarragona;1;Alt Camp;43165;Vilabella;1;1;U;;611;221;434;511;100;3;4;504;508
17;Girona;2;Alt Empordà;17214;Vilabertran;1;1;U;;698;210;431;515;183;7;4;504;508
17;Girona;20;Gironès;17215;Vilablareix;1;1;A;;678;229;444;536;142;6;7;523;530
17;Girona;20;Gironès;17215;Vilablareix;1;1;B;;735;213;472;570;165;9;9;552;561
17;Girona;20;Gironès;17215;Vilablareix;1;1;C;;531;184;376;444;87;1;5;438;443
8;Barcelona;14;Berguedà;08299;Vilada;1;1;U;;428;156;272;317;111;1;0;316;316
17;Girona;2;Alt Empordà;17217;Viladamat;1;1;U;;343;179;282;300;43;2;2;296;298
17;Girona;20;Gironès;17216;Viladasens;1;1;U;;158;65;105;132;26;0;0;132;132
8;Barcelona;11;Baix Llobregat;08301;Viladecans;1;1;U;;947;281;501;612;335;4;11;597;608
8;Barcelona;11;Baix Llobregat;08301;Viladecans;1;10;A;;435;139;233;280;155;1;5;274;279
8;Barcelona;11;Baix Llobregat;08301;Viladecans;1;10;B;;537;173;280;329;208;3;3;323;326
8;Barcelona;11;Baix Llobregat;08301;Viladecans;1;11;A;;572;185;320;397;175;2;8;387;395
8;Barcelona;11;Baix Llobregat;08301;Viladecans;1;11;B;;633;179;387;474;159;2;10;462;472
8;Barcelona;11;Baix Llobregat;08301;Viladecans;1;12;U;;793;206;412;530;263;11;10;509;519
8;Barcelona;11;Baix Llobregat;08301;Viladecans;1;13;U;;939;260;486;651;288;17;12;622;634
8;Barcelona;11;Baix Llobregat;08301;Viladecans;1;14;A;;688;193;363;455;233;3;7;445;452
8;Barcelona;11;Baix Llobregat;08301;Viladecans;1;14;B;;788;233;409;521;267;0;19;502;521
8;Barcelona;11;Baix Llobregat;08301;Viladecans;1;15;U;;545;154;260;331;214;3;5;323;328
8;Barcelona;11;Baix Llobregat;08301;Viladecans;1;2;A;;791;230;414;512;279;5;12;495;507
8;Barcelona;11;Baix Llobregat;08301;Viladecans;1;2;B;;881;254;448;547;334;5;4;538;542
8;Barcelona;11;Baix Llobregat;08301;Viladecans;1;3;A;;863;279;499;611;252;4;16;591;607
8;Barcelona;11;Baix Llobregat;08301;Viladecans;1;3;B;;1007;316;560;707;300;9;13;685;698
8;Barcelona;11;Baix Llobregat;08301;Viladecans;1;4;A;;756;234;415;559;197;12;18;529;547
8;Barcelona;11;Baix Llobregat;08301;Viladecans;1;4;B;;867;276;491;646;221;3;19;624;643
8;Barcelona;11;Baix Llobregat;08301;Viladecans;1;4;C;;713;240;407;523;190;6;12;505;517
8;Barcelona;11;Baix Llobregat;08301;Viladecans;1;5;U;;611;187;353;437;174;2;7;428;435
8;Barcelona;11;Baix Llobregat;08301;Viladecans;1;6;A;;579;197;327;385;194;3;2;380;382
8;Barcelona;11;Baix Llobregat;08301;Viladecans;1;6;B;;716;227;417;488;228;10;2;476;478
8;Barcelona;11;Baix Llobregat;08301;Viladecans;1;7;A;;461;140;259;305;156;2;9;294;303
8;Barcelona;11;Baix Llobregat;08301;Viladecans;1;7;B;;452;146;268;298;154;4;7;287;294
8;Barcelona;11;Baix Llobregat;08301;Viladecans;1;8;U;;888;281;521;633;255;4;10;619;629
8;Barcelona;11;Baix Llobregat;08301;Viladecans;1;9;U;;880;242;458;605;275;3;14;588;602
8;Barcelona;11;Baix Llobregat;08301;Viladecans;2;1;A;;436;123;215;252;184;1;6;245;251
8;Barcelona;11;Baix Llobregat;08301;Viladecans;2;1;B;;567;160;272;323;244;0;7;316;323
8;Barcelona;11;Baix Llobregat;08301;Viladecans;2;10;A;;487;137;242;299;188;2;7;290;297
8;Barcelona;11;Baix Llobregat;08301;Viladecans;2;10;B;;607;166;281;349;258;2;5;342;347
8;Barcelona;11;Baix Llobregat;08301;Viladecans;2;11;U;;824;188;430;546;278;6;17;523;540
8;Barcelona;11;Baix Llobregat;08301;Viladecans;2;12;A;;501;149;247;300;201;3;4;293;297
8;Barcelona;11;Baix Llobregat;08301;Viladecans;2;12;B;;557;176;286;335;222;3;2;330;332
8;Barcelona;11;Baix Llobregat;08301;Viladecans;2;13;A;;486;144;244;315;171;5;6;304;310
8;Barcelona;11;Baix Llobregat;08301;Viladecans;2;13;B;;629;185;341;426;203;6;6;414;420
8;Barcelona;11;Baix Llobregat;08301;Viladecans;2;14;U;;820;212;409;513;307;3;9;501;510
8;Barcelona;11;Baix Llobregat;08301;Viladecans;2;15;A;;708;210;377;460;248;4;8;448;456
8;Barcelona;11;Baix Llobregat;08301;Viladecans;2;15;B;;756;243;438;513;243;5;13;495;508
8;Barcelona;11;Baix Llobregat;08301;Viladecans;2;16;A;;598;172;343;419;179;10;8;401;409
8;Barcelona;11;Baix Llobregat;08301;Viladecans;2;16;B;;738;188;408;515;223;9;15;491;506
8;Barcelona;11;Baix Llobregat;08301;Viladecans;2;17;A;;618;167;327;410;208;8;5;397;402
8;Barcelona;11;Baix Llobregat;08301;Viladecans;2;17;B;;689;182;361;450;239;5;9;436;445
8;Barcelona;11;Baix Llobregat;08301;Viladecans;2;18;U;;701;189;323;393;308;6;4;383;387
8;Barcelona;11;Baix Llobregat;08301;Viladecans;2;19;U;;539;158;300;353;186;2;6;345;351
8;Barcelona;11;Baix Llobregat;08301;Viladecans;2;2;A;;505;135;261;332;173;2;13;317;330
8;Barcelona;11;Baix Llobregat;08301;Viladecans;2;2;B;;543;169;289;346;197;3;7;336;343
8;Barcelona;11;Baix Llobregat;08301;Viladecans;2;20;A;;534;145;282;361;173;5;11;345;356
8;Barcelona;11;Baix Llobregat;08301;Viladecans;2;20;B;;668;187;375;479;189;5;8;466;474
8;Barcelona;11;Baix Llobregat;08301;Viladecans;2;21;U;;882;280;451;553;329;7;13;533;546
8;Barcelona;11;Baix Llobregat;08301;Viladecans;2;22;A;;574;156;295;381;193;8;5;368;373
8;Barcelona;11;Baix Llobregat;08301;Viladecans;2;22;B;;654;202;357;447;207;7;7;433;440
8;Barcelona;11;Baix Llobregat;08301;Viladecans;2;23;A;;435;137;262;320;115;7;5;308;313
8;Barcelona;11;Baix Llobregat;08301;Viladecans;2;23;B;;463;148;279;337;126;3;6;328;334
8;Barcelona;11;Baix Llobregat;08301;Viladecans;2;24;U;;756;212;410;492;264;9;12;471;483
8;Barcelona;11;Baix Llobregat;08301;Viladecans;2;25;A;;633;178;356;413;220;1;12;400;412
8;Barcelona;11;Baix Llobregat;08301;Viladecans;2;25;B;;717;181;332;478;239;2;8;468;476
8;Barcelona;11;Baix Llobregat;08301;Viladecans;2;26;A;;522;158;301;394;128;3;13;378;391
8;Barcelona;11;Baix Llobregat;08301;Viladecans;2;26;B;;619;174;342;453;166;2;10;441;451
8;Barcelona;11;Baix Llobregat;08301;Viladecans;2;27;U;;790;191;408;554;236;4;21;529;550
8;Barcelona;11;Baix Llobregat;08301;Viladecans;2;28;U;;837;277;505;638;199;8;13;617;630
8;Barcelona;11;Baix Llobregat;08301;Viladecans;2;29;A;;696;221;416;508;188;1;9;498;507
8;Barcelona;11;Baix Llobregat;08301;Viladecans;2;29;B;;817;228;469;595;222;3;14;578;592
8;Barcelona;11;Baix Llobregat;08301;Viladecans;2;3;A;;725;198;429;531;194;4;14;513;527
8;Barcelona;11;Baix Llobregat;08301;Viladecans;2;3;B;;782;219;446;555;227;7;13;535;548
8;Barcelona;11;Baix Llobregat;08301;Viladecans;2;4;U;;832;248;446;552;280;3;6;543;549
8;Barcelona;11;Baix Llobregat;08301;Viladecans;2;5;U;;832;229;452;557;275;10;8;539;547
8;Barcelona;11;Baix Llobregat;08301;Viladecans;2;6;A;;463;147;231;286;177;4;4;278;282
8;Barcelona;11;Baix Llobregat;08301;Viladecans;2;6;B;;580;177;276;351;229;4;14;333;347
8;Barcelona;11;Baix Llobregat;08301;Viladecans;2;7;A;;445;137;228;264;181;4;5;255;260
8;Barcelona;11;Baix Llobregat;08301;Viladecans;2;7;B;;540;158;263;317;223;2;6;309;315
8;Barcelona;11;Baix Llobregat;08301;Viladecans;2;8;A;;460;118;234;308;152;5;7;296;303
8;Barcelona;11;Baix Llobregat;08301;Viladecans;2;8;B;;644;176;361;443;201;8;8;427;435
8;Barcelona;11;Baix Llobregat;08301;Viladecans;2;9;A;;503;143;255;318;185;4;9;305;314
8;Barcelona;11;Baix Llobregat;08301;Viladecans;2;9;B;;579;164;303;375;204;11;4;360;364
8;Barcelona;40;Vallès Occidental;08300;Viladecavalls;1;1;A;;501;146;327;408;93;1;6;401;407
8;Barcelona;40;Vallès Occidental;08300;Viladecavalls;1;1;B;;445;124;261;366;79;4;2;360;362
8;Barcelona;40;Vallès Occidental;08300;Viladecavalls;1;1;C;;455;146;271;365;90;3;3;359;362
8;Barcelona;40;Vallès Occidental;08300;Viladecavalls;1;2;A;;359;101;176;239;120;2;5;232;237
8;Barcelona;40;Vallès Occidental;08300;Viladecavalls;1;2;B;;315;108;163;217;98;0;3;214;217
8;Barcelona;40;Vallès Occidental;08300;Viladecavalls;1;2;C;;584;159;291;396;188;7;10;379;389
8;Barcelona;40;Vallès Occidental;08300;Viladecavalls;1;2;D;;392;108;189;249;143;1;4;244;248
8;Barcelona;40;Vallès Occidental;08300;Viladecavalls;1;3;A;;427;114;234;300;127;1;8;291;299
8;Barcelona;40;Vallès Occidental;08300;Viladecavalls;1;3;B;;554;150;302;373;181;2;2;369;371
8;Barcelona;40;Vallès Occidental;08300;Viladecavalls;1;4;U;;774;227;464;596;178;8;8;580;588
8;Barcelona;40;Vallès Occidental;08300;Viladecavalls;1;5;U;;308;86;188;225;83;1;2;222;224
8;Barcelona;40;Vallès Occidental;08300;Viladecavalls;1;6;U;;547;193;330;413;134;0;10;403;413
17;Girona;28;Pla de l'Estany;17218;Vilademuls;1;1;A;;253;81;161;195;58;1;5;189;194
17;Girona;28;Pla de l'Estany;17218;Vilademuls;1;1;B;;329;118;190;243;86;1;3;239;242
17;Girona;24;Osona;17220;Viladrau;1;1;U;;794;291;540;654;140;3;5;646;651
17;Girona;2;Alt Empordà;17221;Vilafant;1;1;A;;476;135;256;304;172;3;9;292;301
17;Girona;2;Alt Empordà;17221;Vilafant;1;1;B;;458;145;272;323;135;2;9;312;321
17;Girona;2;Alt Empordà;17221;Vilafant;1;2;A;;384;102;222;288;96;1;2;285;287
17;Girona;2;Alt Empordà;17221;Vilafant;1;2;B;;368;115;224;268;100;2;1;265;266
17;Girona;2;Alt Empordà;17221;Vilafant;1;3;A;;649;184;359;432;217;5;8;419;427
17;Girona;2;Alt Empordà;17221;Vilafant;1;3;B;;613;165;345;399;214;4;5;390;395
17;Girona;2;Alt Empordà;17221;Vilafant;1;4;A;;555;187;312;394;161;0;12;382;394
17;Girona;2;Alt Empordà;17221;Vilafant;1;4;B;;627;202;382;471;156;3;12;456;468
8;Barcelona;3;Alt Penedès;08305;Vilafranca del Penedès;1;1;A;;530;149;301;373;157;4;4;365;369
8;Barcelona;3;Alt Penedès;08305;Vilafranca del Penedès;1;1;B;;600;192;348;438;162;10;2;426;428
8;Barcelona;3;Alt Penedès;08305;Vilafranca del Penedès;1;2;A;;570;200;337;392;178;4;8;380;388
8;Barcelona;3;Alt Penedès;08305;Vilafranca del Penedès;1;2;B;;559;200;327;393;166;5;7;381;388
8;Barcelona;3;Alt Penedès;08305;Vilafranca del Penedès;1;2;C;;566;197;319;399;167;5;3;391;394
8;Barcelona;3;Alt Penedès;08305;Vilafranca del Penedès;1;3;U;;670;211;386;464;206;5;1;458;459
8;Barcelona;3;Alt Penedès;08305;Vilafranca del Penedès;2;1;A;;410;127;208;254;156;7;5;242;247
8;Barcelona;3;Alt Penedès;08305;Vilafranca del Penedès;2;1;B;;527;157;268;327;200;5;6;316;322
8;Barcelona;3;Alt Penedès;08305;Vilafranca del Penedès;2;1;C;;503;141;266;324;179;7;6;311;317
8;Barcelona;3;Alt Penedès;08305;Vilafranca del Penedès;2;2;U;;1062;288;561;738;324;7;4;727;731
8;Barcelona;3;Alt Penedès;08305;Vilafranca del Penedès;2;3;A;;494;147;273;329;165;4;5;320;325
8;Barcelona;3;Alt Penedès;08305;Vilafranca del Penedès;2;3;B;;534;174;278;344;190;3;7;334;341
8;Barcelona;3;Alt Penedès;08305;Vilafranca del Penedès;2;4;A;;545;147;291;348;197;0;1;347;348
8;Barcelona;3;Alt Penedès;08305;Vilafranca del Penedès;2;4;B;;588;174;331;396;192;1;2;393;395
8;Barcelona;3;Alt Penedès;08305;Vilafranca del Penedès;2;5;A;;491;159;327;374;117;9;1;364;365
8;Barcelona;3;Alt Penedès;08305;Vilafranca del Penedès;2;5;B;;480;156;285;353;127;0;1;352;353
8;Barcelona;3;Alt Penedès;08305;Vilafranca del Penedès;2;5;C;;564;201;353;429;135;2;1;426;427
8;Barcelona;3;Alt Penedès;08305;Vilafranca del Penedès;2;6;A;;471;136;229;282;189;4;5;273;278
8;Barcelona;3;Alt Penedès;08305;Vilafranca del Penedès;2;6;B;;595;161;299;382;213;5;5;372;377
8;Barcelona;3;Alt Penedès;08305;Vilafranca del Penedès;2;6;C;;503;150;289;347;156;3;6;338;344
8;Barcelona;3;Alt Penedès;08305;Vilafranca del Penedès;3;1;A;;494;148;274;351;143;1;8;342;350
8;Barcelona;3;Alt Penedès;08305;Vilafranca del Penedès;3;1;B;;586;203;347;431;155;2;8;421;429
8;Barcelona;3;Alt Penedès;08305;Vilafranca del Penedès;3;2;A;;383;126;244;292;91;0;3;289;292
8;Barcelona;3;Alt Penedès;08305;Vilafranca del Penedès;3;2;B;;408;107;227;294;114;2;6;286;292
8;Barcelona;3;Alt Penedès;08305;Vilafranca del Penedès;3;3;A;;730;223;429;526;204;6;9;511;520
8;Barcelona;3;Alt Penedès;08305;Vilafranca del Penedès;3;3;B;;615;187;374;450;165;3;5;442;447
8;Barcelona;3;Alt Penedès;08305;Vilafranca del Penedès;3;3;C;;471;158;267;343;128;1;5;337;342
8;Barcelona;3;Alt Penedès;08305;Vilafranca del Penedès;3;4;A;;501;159;299;397;104;3;7;387;394
8;Barcelona;3;Alt Penedès;08305;Vilafranca del Penedès;3;4;B;;581;178;353;446;135;5;5;436;441
8;Barcelona;3;Alt Penedès;08305;Vilafranca del Penedès;4;1;A;;619;195;394;481;138;2;7;472;479
8;Barcelona;3;Alt Penedès;08305;Vilafranca del Penedès;4;1;B;;723;249;456;566;157;1;8;557;565
8;Barcelona;3;Alt Penedès;08305;Vilafranca del Penedès;4;2;A;;674;246;436;520;154;2;2;516;518
8;Barcelona;3;Alt Penedès;08305;Vilafranca del Penedès;4;2;B;;789;282;483;578;211;4;6;568;574
8;Barcelona;3;Alt Penedès;08305;Vilafranca del Penedès;4;3;A;;532;170;316;396;136;4;9;383;392
8;Barcelona;3;Alt Penedès;08305;Vilafranca del Penedès;4;3;B;;620;188;372;452;168;5;5;442;447
8;Barcelona;3;Alt Penedès;08305;Vilafranca del Penedès;4;4;A;;482;204;304;372;110;3;2;367;369
8;Barcelona;3;Alt Penedès;08305;Vilafranca del Penedès;4;4;B;;597;164;365;439;158;2;4;433;437
8;Barcelona;3;Alt Penedès;08305;Vilafranca del Penedès;4;5;A;;539;168;320;395;144;7;4;384;388
8;Barcelona;3;Alt Penedès;08305;Vilafranca del Penedès;4;5;B;;600;197;370;449;151;3;9;437;446
8;Barcelona;3;Alt Penedès;08305;Vilafranca del Penedès;4;6;A;;416;165;272;325;91;3;1;321;322
8;Barcelona;3;Alt Penedès;08305;Vilafranca del Penedès;4;6;B;;538;213;345;414;124;2;6;406;412
8;Barcelona;3;Alt Penedès;08305;Vilafranca del Penedès;4;7;A;;415;126;279;353;62;4;4;345;349
8;Barcelona;3;Alt Penedès;08305;Vilafranca del Penedès;4;7;B;;484;148;311;396;88;4;10;382;392
8;Barcelona;3;Alt Penedès;08305;Vilafranca del Penedès;4;8;A;;654;190;365;444;210;8;3;433;436
8;Barcelona;3;Alt Penedès;08305;Vilafranca del Penedès;4;8;B;;728;208;396;539;189;4;8;527;535
8;Barcelona;3;Alt Penedès;08305;Vilafranca del Penedès;4;9;A;;535;176;317;402;133;5;6;391;397
8;Barcelona;3;Alt Penedès;08305;Vilafranca del Penedès;4;9;B;;556;180;336;426;130;5;7;414;421
25;Lleida;38;Urgell;25244;Vilagrassa;1;1;U;;360;96;221;278;82;1;9;268;277
17;Girona;2;Alt Empordà;17223;Vilajuïga;1;1;A;;407;122;241;304;103;2;3;299;302
17;Girona;2;Alt Empordà;17223;Vilajuïga;1;1;B;;411;121;242;282;129;2;2;278;280
43;Tarragona;37;Terra Alta;43175;Vilalba dels Arcs;1;1;U;;596;145;347;453;143;5;6;442;448
8;Barcelona;41;Vallès Oriental;08306;Vilalba Sasserra;1;1;U;;515;156;286;347;168;3;3;341;344
25;Lleida;5;Alta Ribagorça;25245;Vilaller;1;1;U;;437;137;235;313;124;3;8;302;310
43;Tarragona;36;Tarragonès;43166;Vilallonga del Camp;1;1;A;;466;119;261;319;147;5;5;309;314
43;Tarragona;36;Tarragonès;43166;Vilallonga del Camp;1;1;B;;477;140;268;333;144;6;4;323;327
43;Tarragona;36;Tarragonès;43166;Vilallonga del Camp;1;1;C;;588;147;324;413;175;13;6;394;400
17;Girona;31;Ripollès;17224;Vilallonga de Ter;1;1;U;;341;124;218;265;76;6;4;255;259
17;Girona;2;Alt Empordà;17225;Vilamacolum;1;1;U;;204;79;123;153;51;0;1;152;153
17;Girona;2;Alt Empordà;17226;Vilamalla;1;1;A;;415;132;244;289;126;2;3;284;287
17;Girona;2;Alt Empordà;17226;Vilamalla;1;1;B;;437;132;265;309;128;0;5;304;309
17;Girona;2;Alt Empordà;17227;Vilamaniscle;1;1;U;;109;45;76;89;20;0;0;89;89
25;Lleida;39;Consell General d'Aran;25247;Vilamòs;1;1;U;;130;25;37;64;66;2;0;62;62
17;Girona;2;Alt Empordà;17228;Vilanant;1;1;U;;284;104;180;220;64;1;0;219;219
43;Tarragona;8;Baix Camp;43167;Vilanova d'Escornalbou;1;1;U;;392;142;251;311;81;3;4;304;308
25;Lleida;27;Pla d'Urgell;25248;Vilanova de Bellpuig;1;1;U;;911;304;608;737;174;7;4;726;730
25;Lleida;23;Noguera;25249;Vilanova de l'Aguda;1;1;U;;203;54;113;145;58;2;2;141;143
25;Lleida;33;Segrià;25254;Vilanova de la Barca;1;1;U;;759;198;455;558;201;14;8;536;544
8;Barcelona;6;Anoia;08302;Vilanova del Camí;1;1;A;;408;107;199;261;147;1;8;252;260
8;Barcelona;6;Anoia;08302;Vilanova del Camí;1;1;B;;501;110;243;304;197;4;9;291;300
8;Barcelona;6;Anoia;08302;Vilanova del Camí;1;1;C;;427;113;210;268;159;2;3;263;266
8;Barcelona;6;Anoia;08302;Vilanova del Camí;1;2;A;;608;171;291;376;232;3;12;361;373
8;Barcelona;6;Anoia;08302;Vilanova del Camí;1;2;B;;706;169;344;427;279;7;10;410;420
8;Barcelona;6;Anoia;08302;Vilanova del Camí;1;2;C;;594;158;276;360;234;3;8;349;357
8;Barcelona;6;Anoia;08302;Vilanova del Camí;1;3;A;;709;172;372;478;231;4;11;463;474
8;Barcelona;6;Anoia;08302;Vilanova del Camí;1;3;B;;798;180;401;510;288;12;18;480;498
8;Barcelona;6;Anoia;08302;Vilanova del Camí;1;3;C;;698;163;336;428;270;3;12;413;425
8;Barcelona;6;Anoia;08302;Vilanova del Camí;1;4;A;;616;166;315;395;221;5;20;370;390
8;Barcelona;6;Anoia;08302;Vilanova del Camí;1;4;B;;682;200;370;441;241;1;7;433;440
8;Barcelona;6;Anoia;08302;Vilanova del Camí;1;4;C;;604;177;336;387;217;8;12;367;379
8;Barcelona;6;Anoia;08302;Vilanova del Camí;1;5;A;;610;148;322;387;223;4;8;375;383
8;Barcelona;6;Anoia;08302;Vilanova del Camí;1;5;B;;737;189;384;485;252;5;11;469;480
8;Barcelona;6;Anoia;08302;Vilanova del Camí;1;5;C;;521;141;301;368;153;3;7;358;365
8;Barcelona;41;Vallès Oriental;08902;Vilanova del Vallès;1;1;A;;808;225;472;609;199;4;16;589;605
8;Barcelona;41;Vallès Oriental;08902;Vilanova del Vallès;1;1;B;;861;232;504;657;204;9;9;639;648
8;Barcelona;41;Vallès Oriental;08902;Vilanova del Vallès;1;2;A;;907;292;509;612;295;8;3;601;604
8;Barcelona;41;Vallès Oriental;08902;Vilanova del Vallès;1;2;B;;1052;334;599;727;325;0;9;718;727
25;Lleida;23;Noguera;25250;Vilanova de Meià;1;1;U;;352;100;190;251;101;2;3;246;249
43;Tarragona;16;Conca de Barberà;43168;Vilanova de Prades;1;1;U;;103;41;66;79;24;0;2;77;79
8;Barcelona;24;Osona;08303;Vilanova de Sau;1;1;U;;290;124;186;230;60;1;2;227;229
25;Lleida;33;Segrià;25251;Vilanova de Segrià;1;1;U;;694;228;414;482;212;2;10;470;480
8;Barcelona;17;Garraf;08307;Vilanova i la Geltrú;1;1;A;;831;297;452;554;277;3;9;542;551
8;Barcelona;17;Garraf;08307;Vilanova i la Geltrú;1;1;B;;912;304;513;638;274;5;9;624;633
8;Barcelona;17;Garraf;08307;Vilanova i la Geltrú;1;10;A;;552;191;334;413;139;0;7;406;413
8;Barcelona;17;Garraf;08307;Vilanova i la Geltrú;1;10;B;;543;206;358;427;116;9;7;411;418
8;Barcelona;17;Garraf;08307;Vilanova i la Geltrú;1;11;A;;546;184;296;352;194;4;8;340;348
8;Barcelona;17;Garraf;08307;Vilanova i la Geltrú;1;11;B;;596;190;311;381;215;4;4;373;377
8;Barcelona;17;Garraf;08307;Vilanova i la Geltrú;1;2;U;;893;339;577;693;200;6;11;676;687
8;Barcelona;17;Garraf;08307;Vilanova i la Geltrú;1;3;A;;692;234;407;512;180;2;9;501;510
8;Barcelona;17;Garraf;08307;Vilanova i la Geltrú;1;3;B;;857;287;527;633;224;7;6;620;626
8;Barcelona;17;Garraf;08307;Vilanova i la Geltrú;1;4;U;;724;282;435;522;202;2;4;516;520
8;Barcelona;17;Garraf;08307;Vilanova i la Geltrú;1;5;U;;704;265;462;525;179;6;6;513;519
8;Barcelona;17;Garraf;08307;Vilanova i la Geltrú;1;6;A;;565;183;336;415;150;1;9;405;414
8;Barcelona;17;Garraf;08307;Vilanova i la Geltrú;1;6;B;;616;205;366;447;169;9;12;426;438
8;Barcelona;17;Garraf;08307;Vilanova i la Geltrú;1;7;A;;655;207;382;458;197;3;11;444;455
8;Barcelona;17;Garraf;08307;Vilanova i la Geltrú;1;7;B;;716;233;401;481;235;2;4;475;479
8;Barcelona;17;Garraf;08307;Vilanova i la Geltrú;1;8;A;;844;273;500;609;235;7;6;596;602
8;Barcelona;17;Garraf;08307;Vilanova i la Geltrú;1;8;B;;979;321;571;702;277;9;5;688;693
8;Barcelona;17;Garraf;08307;Vilanova i la Geltrú;1;9;A;;605;180;351;434;171;3;4;427;431
8;Barcelona;17;Garraf;08307;Vilanova i la Geltrú;1;9;B;;727;232;456;553;174;5;11;537;548
8;Barcelona;17;Garraf;08307;Vilanova i la Geltrú;2;1;A;;748;222;446;541;207;4;4;533;537
8;Barcelona;17;Garraf;08307;Vilanova i la Geltrú;2;1;B;;768;237;449;557;211;4;3;550;553
8;Barcelona;17;Garraf;08307;Vilanova i la Geltrú;2;1;C;;745;243;444;541;204;3;11;527;538
8;Barcelona;17;Garraf;08307;Vilanova i la Geltrú;2;2;A;;792;261;462;557;235;7;8;542;550
8;Barcelona;17;Garraf;08307;Vilanova i la Geltrú;2;2;B;;867;278;619;641;226;7;11;623;634
8;Barcelona;17;Garraf;08307;Vilanova i la Geltrú;2;3;U;;1128;366;659;796;332;7;9;780;789
8;Barcelona;17;Garraf;08307;Vilanova i la Geltrú;2;4;A;;711;197;468;494;217;2;7;485;492
8;Barcelona;17;Garraf;08307;Vilanova i la Geltrú;2;4;B;;782;211;504;535;247;4;8;523;531
8;Barcelona;17;Garraf;08307;Vilanova i la Geltrú;2;5;U;;447;126;229;275;172;5;2;268;270
8;Barcelona;17;Garraf;08307;Vilanova i la Geltrú;2;6;A;;582;168;311;377;205;3;4;370;374
8;Barcelona;17;Garraf;08307;Vilanova i la Geltrú;2;6;B;;641;207;368;437;204;2;3;432;435
8;Barcelona;17;Garraf;08307;Vilanova i la Geltrú;2;7;A;;784;248;441;515;269;3;2;510;512
8;Barcelona;17;Garraf;08307;Vilanova i la Geltrú;2;7;B;;862;257;391;561;301;5;5;551;556
8;Barcelona;17;Garraf;08307;Vilanova i la Geltrú;3;1;U;;557;181;305;371;186;4;7;360;367
8;Barcelona;17;Garraf;08307;Vilanova i la Geltrú;3;2;U;;964;300;514;639;325;5;5;629;634
8;Barcelona;17;Garraf;08307;Vilanova i la Geltrú;3;3;U;;877;278;502;609;268;4;6;599;605
8;Barcelona;17;Garraf;08307;Vilanova i la Geltrú;3;4;A;;842;224;413;486;356;2;10;474;484
8;Barcelona;17;Garraf;08307;Vilanova i la Geltrú;3;4;B;;957;295;499;596;361;11;10;575;585
8;Barcelona;17;Garraf;08307;Vilanova i la Geltrú;3;5;U;;1063;264;475;605;458;6;4;595;599
8;Barcelona;17;Garraf;08307;Vilanova i la Geltrú;4;1;U;;823;250;525;619;204;4;7;608;615
8;Barcelona;17;Garraf;08307;Vilanova i la Geltrú;4;10;A;;706;173;379;484;222;4;8;472;480
8;Barcelona;17;Garraf;08307;Vilanova i la Geltrú;4;10;B;;828;262;487;579;249;6;11;562;573
8;Barcelona;17;Garraf;08307;Vilanova i la Geltrú;4;11;A;;577;179;297;345;232;2;5;338;343
8;Barcelona;17;Garraf;08307;Vilanova i la Geltrú;4;11;B;;724;235;399;462;262;1;5;456;461
8;Barcelona;17;Garraf;08307;Vilanova i la Geltrú;4;12;A;;503;145;305;375;128;1;5;369;374
8;Barcelona;17;Garraf;08307;Vilanova i la Geltrú;4;12;B;;626;159;377;462;164;6;10;446;456
8;Barcelona;17;Garraf;08307;Vilanova i la Geltrú;4;13;U;;1024;296;596;765;259;8;17;740;757
8;Barcelona;17;Garraf;08307;Vilanova i la Geltrú;4;14;A;;610;183;416;446;164;2;6;438;444
8;Barcelona;17;Garraf;08307;Vilanova i la Geltrú;4;14;B;;765;215;349;542;223;2;5;535;540
8;Barcelona;17;Garraf;08307;Vilanova i la Geltrú;4;15;A;;554;176;323;399;155;6;6;387;393
8;Barcelona;17;Garraf;08307;Vilanova i la Geltrú;4;15;B;;724;240;425;530;194;1;15;514;529
8;Barcelona;17;Garraf;08307;Vilanova i la Geltrú;4;16;U;;888;148;294;363;525;1;2;360;362
8;Barcelona;17;Garraf;08307;Vilanova i la Geltrú;4;2;U;;544;163;306;380;164;2;3;375;378
8;Barcelona;17;Garraf;08307;Vilanova i la Geltrú;4;3;U;;624;180;319;401;223;4;5;392;397
8;Barcelona;17;Garraf;08307;Vilanova i la Geltrú;4;4;A;;557;165;303;365;192;3;7;355;362
8;Barcelona;17;Garraf;08307;Vilanova i la Geltrú;4;4;B;;727;195;407;473;254;2;4;467;471
8;Barcelona;17;Garraf;08307;Vilanova i la Geltrú;4;5;A;;616;202;382;455;161;4;5;446;451
8;Barcelona;17;Garraf;08307;Vilanova i la Geltrú;4;5;B;;724;225;461;535;189;6;4;525;529
8;Barcelona;17;Garraf;08307;Vilanova i la Geltrú;4;6;A;;574;195;320;383;191;2;1;380;381
8;Barcelona;17;Garraf;08307;Vilanova i la Geltrú;4;6;B;;739;249;416;490;249;5;2;483;485
8;Barcelona;17;Garraf;08307;Vilanova i la Geltrú;4;7;A;;803;234;437;521;282;4;10;507;517
8;Barcelona;17;Garraf;08307;Vilanova i la Geltrú;4;7;B;;1008;276;516;648;360;8;10;630;640
8;Barcelona;17;Garraf;08307;Vilanova i la Geltrú;4;7;C;;838;244;439;533;305;4;14;515;529
8;Barcelona;17;Garraf;08307;Vilanova i la Geltrú;4;8;U;;698;224;380;442;256;6;11;425;436
8;Barcelona;17;Garraf;08307;Vilanova i la Geltrú;4;9;U;;834;265;515;600;234;3;4;593;597
43;Tarragona;8;Baix Camp;43169;Vilaplana;1;1;U;;472;132;341;407;65;1;7;399;406
43;Tarragona;1;Alt Camp;43170;Vila-rodona;1;1;U;;874;234;472;636;238;2;15;619;634
17;Girona;2;Alt Empordà;17230;Vila-sacra;1;1;U;;465;164;300;363;102;4;6;353;359
25;Lleida;27;Pla d'Urgell;25252;Vila-sana;1;1;U;;533;146;316;388;145;5;6;377;383
43;Tarragona;36;Tarragonès;43171;Vila-seca;1;1;A;;747;214;393;492;255;4;7;481;488
43;Tarragona;36;Tarragonès;43171;Vila-seca;1;1;B;;879;238;459;577;302;6;14;557;571
43;Tarragona;36;Tarragonès;43171;Vila-seca;1;10;A;;483;130;230;295;188;3;7;285;292
43;Tarragona;36;Tarragonès;43171;Vila-seca;1;10;B;;577;166;314;390;187;5;4;381;385
43;Tarragona;36;Tarragonès;43171;Vila-seca;1;11;A;;703;185;376;487;216;6;7;474;481
43;Tarragona;36;Tarragonès;43171;Vila-seca;1;11;B;;842;210;441;577;265;4;15;558;573
43;Tarragona;36;Tarragonès;43171;Vila-seca;1;12;U;;492;139;278;345;147;1;2;342;344
43;Tarragona;36;Tarragonès;43171;Vila-seca;1;2;A;;716;181;334;443;273;0;7;436;443
43;Tarragona;36;Tarragonès;43171;Vila-seca;1;2;B;;928;201;495;630;298;5;8;617;625
43;Tarragona;36;Tarragonès;43171;Vila-seca;1;3;A;;374;95;168;213;161;2;3;208;211
43;Tarragona;36;Tarragonès;43171;Vila-seca;1;3;B;;461;120;226;278;183;2;7;269;276
43;Tarragona;36;Tarragonès;43171;Vila-seca;1;4;A;;281;93;168;207;74;0;3;204;207
43;Tarragona;36;Tarragonès;43171;Vila-seca;1;4;B;;348;106;199;238;110;1;2;235;237
43;Tarragona;36;Tarragonès;43171;Vila-seca;1;5;A;;476;135;256;313;163;2;5;306;311
43;Tarragona;36;Tarragonès;43171;Vila-seca;1;5;B;;514;178;301;351;163;3;5;343;348
43;Tarragona;36;Tarragonès;43171;Vila-seca;1;6;A;;519;118;271;354;165;1;8;345;353
43;Tarragona;36;Tarragonès;43171;Vila-seca;1;6;B;;608;161;310;396;212;5;5;386;391
43;Tarragona;36;Tarragonès;43171;Vila-seca;1;7;A;;671;185;333;414;257;8;12;394;406
43;Tarragona;36;Tarragonès;43171;Vila-seca;1;7;B;;726;187;354;449;277;7;11;431;442
43;Tarragona;36;Tarragonès;43171;Vila-seca;1;8;A;;787;201;309;389;398;6;7;376;383
43;Tarragona;36;Tarragonès;43171;Vila-seca;1;8;B;;824;215;332;400;424;2;3;395;398
43;Tarragona;36;Tarragonès;43171;Vila-seca;1;9;A;;454;110;236;303;151;1;6;296;302
43;Tarragona;36;Tarragonès;43171;Vila-seca;1;9;B;;668;174;371;449;219;6;6;437;443
8;Barcelona;21;Maresme;08214;Vilassar de Dalt;1;1;A;;513;178;328;387;126;3;7;377;384
8;Barcelona;21;Maresme;08214;Vilassar de Dalt;1;1;B;;554;188;337;411;143;3;5;403;408
8;Barcelona;21;Maresme;08214;Vilassar de Dalt;1;2;U;;741;236;437;517;224;3;10;504;514
8;Barcelona;21;Maresme;08214;Vilassar de Dalt;1;3;A;;541;181;335;395;146;2;11;382;393
8;Barcelona;21;Maresme;08214;Vilassar de Dalt;1;3;B;;589;180;360;432;157;5;7;420;427
8;Barcelona;21;Maresme;08214;Vilassar de Dalt;1;4;A;;497;152;330;403;94;1;2;400;402
8;Barcelona;21;Maresme;08214;Vilassar de Dalt;1;4;B;;576;182;371;452;124;6;2;444;446
8;Barcelona;21;Maresme;08214;Vilassar de Dalt;2;1;A;;764;270;493;598;166;0;8;590;598
8;Barcelona;21;Maresme;08214;Vilassar de Dalt;2;1;B;;946;310;609;727;219;2;8;717;725
8;Barcelona;21;Maresme;08214;Vilassar de Dalt;2;2;A;;518;171;306;360;158;4;4;352;356
8;Barcelona;21;Maresme;08214;Vilassar de Dalt;2;2;B;;551;171;332;416;135;4;11;401;412
8;Barcelona;21;Maresme;08219;Vilassar de Mar;1;1;U;;713;245;453;564;149;5;6;553;559
8;Barcelona;21;Maresme;08219;Vilassar de Mar;1;2;A;;580;185;357;461;119;2;5;454;459
8;Barcelona;21;Maresme;08219;Vilassar de Mar;1;2;B;;764;231;486;591;173;2;9;580;589
8;Barcelona;21;Maresme;08219;Vilassar de Mar;1;3;A;;647;235;423;500;147;4;4;492;496
8;Barcelona;21;Maresme;08219;Vilassar de Mar;1;3;B;;818;285;456;611;207;3;2;606;608
8;Barcelona;21;Maresme;08219;Vilassar de Mar;1;4;A;;615;209;410;487;128;2;6;479;485
8;Barcelona;21;Maresme;08219;Vilassar de Mar;1;4;B;;716;252;463;560;156;3;2;555;557
8;Barcelona;21;Maresme;08219;Vilassar de Mar;1;5;A;;479;172;308;371;108;4;2;365;367
8;Barcelona;21;Maresme;08219;Vilassar de Mar;1;5;B;;500;182;280;375;125;2;4;369;373
8;Barcelona;21;Maresme;08219;Vilassar de Mar;1;6;A;;467;168;314;377;90;6;2;369;371
8;Barcelona;21;Maresme;08219;Vilassar de Mar;1;6;B;;486;164;294;364;122;7;2;355;357
8;Barcelona;21;Maresme;08219;Vilassar de Mar;2;1;U;;878;309;577;673;205;8;9;656;665
8;Barcelona;21;Maresme;08219;Vilassar de Mar;2;2;U;;894;327;607;723;171;5;9;709;718
8;Barcelona;21;Maresme;08219;Vilassar de Mar;2;3;U;;918;336;668;718;200;1;6;711;717
8;Barcelona;21;Maresme;08219;Vilassar de Mar;2;4;A;;439;167;280;350;89;0;4;346;350
8;Barcelona;21;Maresme;08219;Vilassar de Mar;2;4;B;;486;171;314;379;107;2;6;371;377
8;Barcelona;21;Maresme;08219;Vilassar de Mar;2;5;A;;440;142;285;355;85;1;7;347;354
8;Barcelona;21;Maresme;08219;Vilassar de Mar;2;5;B;;517;176;339;424;93;0;2;422;424
8;Barcelona;21;Maresme;08219;Vilassar de Mar;3;1;A;;468;173;300;360;108;1;2;357;359
8;Barcelona;21;Maresme;08219;Vilassar de Mar;3;1;B;;559;216;354;413;146;4;7;402;409
8;Barcelona;21;Maresme;08219;Vilassar de Mar;3;2;U;;856;301;548;664;192;5;5;654;659
8;Barcelona;21;Maresme;08219;Vilassar de Mar;3;3;U;;768;226;456;539;229;0;8;531;539
8;Barcelona;21;Maresme;08219;Vilassar de Mar;3;4;U;;735;211;382;463;272;8;12;443;455
17;Girona;2;Alt Empordà;17222;Vilaür;1;1;U;;106;38;70;88;18;0;0;88;88
43;Tarragona;16;Conca de Barberà;43172;Vilaverd;1;1;U;;381;160;247;293;88;6;6;281;287
43;Tarragona;29;Priorat;43173;Vilella Alta, la;1;1;U;;109;29;67;87;22;0;0;87;87
43;Tarragona;29;Priorat;43174;Vilella Baixa, la;1;1;U;;157;40;84;126;31;0;2;124;126
17;Girona;34;Selva;17233;Vilobí d'Onyar;1;1;U;;685;270;476;557;128;1;6;550;556
17;Girona;34;Selva;17233;Vilobí d'Onyar;1;2;A;;815;344;537;639;176;7;8;624;632
17;Girona;34;Selva;17233;Vilobí d'Onyar;1;2;B;;723;280;488;575;148;8;7;560;567
8;Barcelona;3;Alt Penedès;08304;Vilobí del Penedès;1;1;U;;820;228;482;640;180;7;9;624;633
17;Girona;10;Baix Empordà;17232;Vilopriu;1;1;U;;152;69;93;119;33;0;1;118;119
25;Lleida;18;Garrigues;25253;Vilosell, el;1;1;U;;162;56;109;140;22;0;0;140;140
43;Tarragona;16;Conca de Barberà;43176;Vimbodí i Poblet;1;1;U;;819;228;458;608;211;5;14;589;603
25;Lleida;18;Garrigues;25255;Vinaixa;1;1;U;;466;114;270;369;97;6;9;354;363
43;Tarragona;30;Ribera d'Ebre;43177;Vinebre;1;1;U;;329;115;213;256;73;11;3;242;245
43;Tarragona;8;Baix Camp;43178;Vinyols i els Arcs;1;1;A;;356;82;189;243;113;5;5;233;238
43;Tarragona;8;Baix Camp;43178;Vinyols i els Arcs;1;1;B;;590;162;357;449;141;5;3;441;444
43;Tarragona;8;Baix Camp;43178;Vinyols i els Arcs;1;1;C;;337;134;200;239;98;1;4;234;238
8;Barcelona;14;Berguedà;08308;Viver i Serrateix;1;1;U;;146;48;85;116;30;0;0;116;116
43;Tarragona;9;Baix Ebre;43052;Xerta;1;1;A;;508;146;296;369;139;7;9;353;362
43;Tarragona;9;Baix Ebre;43052;Xerta;1;1;B;;485;139;278;362;123;9;10;343;353
8;Barcelona;98;Residents Absents;08998;Residents Absents;1;1;U;;120458; ; ;7818;112640;867;51;6900;6951
17;Girona;98;Residents Absents;17998;Residents Absents;1;1;U;;11792; ; ;939;10853;0;5;934;939
25;Lleida;98;Residents Absents;25998;Residents Absents;1;1;U;;12649; ; ;902;11747;4;7;891;898
43;Tarragona;98;Residents Absents;43998;Residents Absents;1;1;U;;11618; ; ;898;10720;148;9;741;750
