Codcir,Codmun,Municipio,Censo,Certif_Alta,Censo_Total,Votos_Totales,Votos_Nulos,Votos_Blancos,Abstención,Votos_Validos,Votos_Candidaturas,PPN,GEROA_BAI,EH_BILDU,VOX,UPN,PUM_MAS_J,CIUDADANOS,CONTIGO_ZUREKIN,EGUZKILORE,PSN-PSOE,VOLUNTAD_FORAL
31,1,Abáigar,72,0,72,54,2,1,18,52,51,2,8,16,0,14,0,0,2,0,8,1
31,2,Abárzuza/Abartzuza,418,0,418,274,1,8,144,273,265,16,68,53,12,67,0,3,20,0,26,0
31,3,Abaurregaina/Abaurrea Alta,106,0,106,79,1,0,27,78,78,2,17,33,0,13,1,0,1,0,11,0
31,4,Abaurrepea/Abaurrea Baja,29,0,29,22,0,0,7,22,22,1,2,5,0,10,0,0,1,0,3,0
31,5,Aberin,295,0,295,177,1,1,118,176,175,7,10,25,9,64,1,0,10,1,48,0
31,6,Ablitas,1888,0,1888,1532,41,39,356,1491,1452,51,45,50,85,615,2,4,66,4,526,4
31,7,Adiós,170,0,170,139,8,4,31,131,127,18,11,24,8,44,0,2,2,1,17,0
31,8,Aguilar de Codés,67,0,67,50,1,1,17,49,48,4,5,4,3,13,0,1,1,1,11,5
31,9,Aibar/Oibar,661,0,661,445,8,7,216,437,430,16,80,90,6,106,1,4,42,0,84,1
31,11,Allín/Allin,730,0,730,474,2,19,256,472,453,28,63,82,15,157,0,1,30,9,68,0
31,12,Allo,788,0,788,542,1,0,246,541,541,32,57,57,23,121,1,0,22,3,225,0
31,10,Altsasu/Alsasua,5653,0,5653,3545,48,57,2108,3497,3440,117,1292,933,61,308,6,2,179,10,527,5
31,13,Améscoa Baja,639,0,639,353,6,8,286,347,339,18,56,102,3,77,1,0,27,11,44,0
31,14,Ancín/Antzin,276,0,276,184,4,3,92,180,177,20,20,53,5,40,0,2,8,3,25,1
31,15,Andosilla,1985,0,1985,1451,25,25,534,1426,1401,115,72,88,49,591,5,1,34,5,440,1
31,16,Ansoáin/Antsoain,8003,7,8010,5345,79,55,2665,5266,5211,190,784,1362,141,649,24,11,483,24,1525,18
31,17,Anue,383,0,383,240,3,11,143,237,226,8,63,54,10,55,2,0,9,2,23,0
31,18,Añorbe,457,0,457,267,5,11,190,262,251,19,38,38,10,60,1,0,18,5,62,0
31,19,Aoiz/Agoitz,1908,0,1908,1248,32,31,660,1216,1185,7,176,529,23,230,1,3,63,8,144,1
31,20,Araitz,436,0,436,233,2,2,203,231,229,2,53,150,2,9,0,0,4,2,7,0
31,25,Arakil,789,0,789,515,3,7,274,512,505,13,101,188,17,100,0,4,29,4,46,3
31,21,Aranarache/Aranaratxe,60,0,60,36,0,0,24,36,36,1,6,14,0,11,0,0,0,0,4,0
31,23,Aranguren,8709,0,8709,6219,77,168,2490,6142,5974,454,870,570,291,2187,66,39,437,25,1021,14
31,24,Arano,88,0,88,55,1,0,33,54,54,0,11,35,0,1,0,1,3,0,3,0
31,22,Arantza,473,0,473,252,1,3,221,251,248,4,69,144,4,8,1,0,7,1,9,1
31,26,Aras,132,0,132,108,2,1,24,106,105,13,9,10,0,26,0,0,6,0,41,0
31,27,Arbizu,822,0,822,510,14,11,312,496,485,2,139,296,4,25,0,1,5,0,13,0
31,28,Arce/Artzi,247,0,247,198,1,7,49,197,190,0,49,66,2,31,0,0,15,12,14,1
31,30,Arellano,140,0,140,92,0,2,48,92,90,2,16,28,6,11,0,0,12,0,15,0
31,31,Areso,210,0,210,121,0,4,89,121,117,2,26,67,2,7,0,0,2,0,11,0
31,32,Arguedas,1633,0,1633,1310,35,27,323,1275,1248,58,34,42,47,541,4,0,53,1,463,5
31,33,Aria,41,0,41,27,1,0,14,26,26,1,5,11,0,2,0,0,2,0,5,0
31,34,Aribe,29,0,29,24,0,0,5,24,24,1,5,9,0,4,0,0,2,0,3,0
31,35,Armañanzas,48,0,48,38,1,1,10,37,36,2,3,3,0,9,0,1,2,0,16,0
31,36,Arróniz,865,0,865,559,15,6,306,544,538,34,52,93,19,147,1,0,24,1,166,1
31,37,Arruazu,98,0,98,78,0,0,20,78,78,0,14,55,1,1,0,0,2,1,4,0
31,38,Artajona,1359,0,1359,992,17,29,367,975,946,48,136,98,39,322,2,5,47,5,240,4
31,39,Artazu,93,0,93,71,4,2,22,67,65,5,7,23,0,11,1,0,6,3,9,0
31,40,Atez/Atetz,182,0,182,140,0,3,42,140,137,5,21,42,3,41,1,2,5,3,14,0
31,58,Auritz/Burguete,205,0,205,143,2,0,62,141,141,3,40,40,1,34,0,0,7,2,12,2
31,41,Ayegui/Aiegi,1764,0,1764,1132,31,36,632,1101,1065,72,166,147,54,332,9,3,83,15,183,1
31,42,Azagra,2614,0,2614,2078,36,28,536,2042,2014,134,18,27,97,922,5,2,24,2,781,2
31,43,Azuelo,33,0,33,27,0,1,6,27,26,0,15,0,1,8,0,0,0,0,2,0
31,44,Bakaiku,284,0,284,202,4,1,82,198,197,8,38,123,0,22,0,0,2,0,4,0
31,901,Barañain,14993,0,14993,9931,99,144,5062,9832,9688,695,1348,1511,402,2622,50,22,698,39,2282,19
31,45,Barásoain,489,0,489,312,1,6,177,311,305,11,45,46,5,93,2,2,26,1,74,0
31,46,Barbarin,46,0,46,33,0,0,13,33,33,8,4,2,0,13,0,0,1,0,5,0
31,47,Bargota,225,0,225,142,0,1,83,142,141,9,31,25,1,43,1,0,3,1,27,0
31,48,Barillas,170,0,170,122,4,2,48,118,116,17,5,1,12,60,0,0,4,0,17,0
31,49,Basaburua,706,0,706,510,11,12,196,499,487,11,82,291,8,53,0,0,8,5,29,0
31,50,Baztan,5939,1,5940,4002,59,76,1938,3943,3867,120,910,1567,73,610,11,9,187,36,338,6
31,137,Beintza-Labaien,191,0,191,144,5,0,47,139,139,6,50,34,2,23,2,0,3,3,16,0
31,51,Beire,233,0,233,135,2,2,98,133,131,5,17,19,12,49,0,0,6,0,23,0
31,52,Belascoáin,113,0,113,78,1,1,35,77,76,9,10,7,0,25,2,0,9,0,13,1
31,250,Bera,2778,0,2778,1757,27,23,1021,1730,1707,53,456,756,21,136,2,1,56,27,198,1
31,53,Berbinzana,508,0,508,365,4,5,143,361,356,15,51,68,11,95,1,0,17,4,94,0
31,905,Beriáin,3028,0,3028,1853,27,36,1175,1826,1790,142,198,171,121,453,15,10,147,16,511,6
31,902,Berrioplano/Berriobeiti,4568,0,4568,3036,47,64,1532,2989,2925,243,492,519,153,761,16,9,191,18,516,7
31,903,Berriozar,7220,0,7220,4315,60,65,2905,4255,4190,359,481,1177,185,579,20,9,324,15,1030,11
31,54,Bertizarana,481,0,481,303,7,2,178,296,294,11,74,129,4,20,0,0,9,2,45,0
31,55,Betelu,286,0,286,184,1,8,102,183,175,5,66,75,0,7,0,0,8,0,14,0
31,253,Bidaurreta,131,0,131,105,2,0,26,103,103,3,31,51,0,2,0,0,5,1,10,0
31,56,Biurrun-Olcoz,204,0,204,133,5,5,71,128,123,5,15,26,11,34,1,0,5,1,25,0
31,57,Buñuel,1729,0,1729,1389,30,48,340,1359,1311,179,112,12,82,459,1,6,35,0,417,8
31,59,Burgui/Burgi,170,0,170,102,2,0,68,100,100,3,15,47,1,16,0,0,2,0,16,0
31,60,Burlada/Burlata,15196,0,15196,9404,141,144,5792,9263,9119,638,1469,1964,262,1845,65,23,946,55,1833,19
31,62,Cabanillas,1066,0,1066,806,13,25,260,793,768,93,17,26,34,257,2,5,34,1,298,1
31,63,Cabredo,69,0,69,60,2,0,9,58,58,8,9,13,0,21,0,0,0,0,7,0
31,64,Cadreita,1371,0,1371,1176,13,13,195,1163,1150,89,24,57,57,412,1,2,35,1,472,0
31,65,Caparroso,1832,0,1832,1402,19,34,430,1383,1349,136,46,86,66,413,1,1,29,1,569,1
31,66,Cárcar,780,0,780,625,12,20,155,613,593,28,19,39,21,219,3,0,15,0,249,0
31,67,Carcastillo,1820,0,1820,1312,28,35,508,1284,1249,72,76,64,82,376,4,2,224,3,345,1
31,68,Cascante,2795,0,2795,2031,40,30,764,1991,1961,120,56,76,129,762,8,13,102,1,692,2
31,69,Cáseda,813,0,813,681,10,17,132,671,654,23,39,96,40,243,1,1,36,2,171,2
31,70,Castejón,2636,0,2636,1812,54,50,824,1758,1708,178,35,79,123,531,5,3,273,4,473,4
31,71,Castillonuevo,15,0,15,11,0,1,4,11,10,1,0,1,0,5,0,0,1,0,2,0
31,193,Cendea de Olza/Oltza Zendea,1460,0,1460,995,5,26,465,990,964,56,168,250,42,239,5,3,58,16,126,1
31,72,Cintruénigo,5344,0,5344,3802,59,54,1542,3743,3689,760,57,89,183,1221,6,5,71,3,1292,2
31,74,Cirauqui/Zirauki,379,0,379,272,0,6,107,272,266,8,42,107,3,48,4,0,14,2,38,0
31,75,Ciriza/Ziritza,118,0,118,80,1,1,38,79,78,5,14,11,9,17,1,0,10,3,7,1
31,76,Cizur,2680,0,2680,1964,14,39,716,1950,1911,216,185,167,199,854,11,6,41,8,222,2
31,77,Corella,5514,0,5514,3902,81,75,1612,3821,3746,373,117,109,263,1609,8,19,177,2,1062,7
31,78,Cortes,2334,0,2334,1764,51,59,570,1713,1654,94,73,91,79,659,1,5,83,1,567,1
31,79,Desojo,59,0,59,44,0,1,15,44,43,2,3,2,0,13,1,0,1,2,18,1
31,80,Dicastillo,463,0,463,329,3,6,134,326,320,13,42,69,4,84,2,0,21,0,85,0
31,81,Donamaria,362,0,362,246,4,7,116,242,235,13,71,112,0,20,1,0,3,2,13,0
31,221,Doneztebe/Santesteban,1296,0,1296,871,20,17,425,851,834,35,207,327,17,129,1,0,22,2,94,0
31,83,Echarri/Etxarri,55,0,55,44,3,2,11,41,39,1,7,14,2,9,3,0,0,3,0,0
31,61,El Busto,44,0,44,37,0,2,7,37,35,1,1,2,0,23,0,0,1,2,5,0
31,87,Elgorriaga,167,0,167,113,3,5,54,110,105,1,33,51,0,12,0,0,0,0,7,1
31,89,Enériz/Eneritz,251,0,251,178,2,4,73,176,172,14,22,23,16,55,1,2,7,4,28,0
31,90,Eratsun,135,0,135,68,1,0,67,67,67,2,37,12,2,6,0,0,0,0,8,0
31,91,Ergoiena,321,0,321,214,0,4,107,214,210,5,62,111,1,12,0,0,3,1,15,0
31,92,Erro,687,0,687,522,7,10,165,515,505,14,132,165,7,97,4,0,17,1,68,0
31,94,Eslava,93,0,93,62,2,1,31,60,59,2,8,5,0,26,0,0,1,0,16,1
31,95,Esparza de Salazar/Espartza Zaraitzu,70,0,70,64,1,2,6,63,61,2,10,30,0,3,1,0,2,0,13,0
31,96,Espronceda,100,0,100,89,0,1,11,89,88,12,5,24,2,22,1,0,2,1,18,1
31,97,Estella-Lizarra,10497,0,10497,6373,74,110,4124,6299,6189,438,847,1233,189,2115,14,24,390,32,898,9
31,98,Esteribar,2126,0,2126,1526,15,31,600,1511,1480,99,302,356,63,388,13,8,76,6,165,4
31,99,Etayo,50,0,50,40,0,0,10,40,40,5,1,6,2,11,0,0,2,0,13,0
31,82,Etxalar,634,0,634,443,4,25,191,439,414,14,123,178,7,42,0,0,10,3,35,2
31,84,Etxarri Aranatz,1922,0,1922,1219,17,6,703,1202,1196,39,327,655,6,66,0,0,31,2,69,1
31,85,Etxauri,483,0,483,343,5,7,140,338,331,5,63,154,5,23,1,1,28,5,46,0
31,100,Eulate,243,0,243,148,5,1,95,143,142,14,16,30,11,42,0,0,4,5,20,0
31,101,Ezcabarte,1454,0,1454,989,8,12,465,981,969,33,122,307,55,276,3,4,58,3,107,1
31,93,Ezcároz/Ezkaroze,253,0,253,177,0,2,76,177,175,5,35,67,1,36,0,0,4,1,26,0
31,102,Ezkurra,129,0,129,63,0,0,66,63,63,3,17,24,0,7,0,0,2,0,10,0
31,103,Ezprogui,44,0,44,33,0,1,11,33,32,7,3,4,1,13,0,0,0,0,4,0
31,104,Falces,1717,0,1717,1213,32,25,504,1181,1156,75,91,113,41,297,6,8,55,4,464,2
31,105,Fitero,1426,0,1426,1119,18,19,307,1101,1082,143,11,13,121,437,0,1,25,0,327,4
31,106,Fontellas,745,0,745,623,7,22,122,616,594,134,11,9,46,146,4,1,33,0,210,0
31,107,Funes,1643,0,1643,1228,16,21,415,1212,1191,217,21,20,86,612,2,5,22,1,205,0
31,108,Fustiñana,1805,0,1805,1462,43,51,343,1419,1368,418,46,40,70,327,4,1,54,2,406,0
31,109,Galar,1745,0,1745,1183,22,25,562,1161,1136,72,155,241,72,339,4,4,69,8,168,4
31,110,Gallipienzo/Galipentzu,85,0,85,68,1,1,17,67,66,3,6,11,2,18,1,0,6,0,19,0
31,111,Gallués/Galoze,92,0,92,71,0,0,21,71,71,3,21,16,4,8,2,0,5,4,8,0
31,112,Garaioa,83,0,83,56,0,3,27,56,53,4,24,10,0,8,0,0,3,0,4,0
31,113,Garde,123,0,123,73,0,3,50,73,70,5,17,11,1,14,0,0,3,0,19,0
31,114,Garínoain,400,0,400,264,7,5,136,257,252,10,28,56,16,46,2,1,36,2,55,0
31,115,Garralda,151,0,151,100,1,1,51,99,98,1,39,34,0,16,0,0,2,0,6,0
31,116,Genevilla,64,0,64,54,1,2,10,53,51,6,6,6,6,17,0,0,3,1,6,0
31,117,Goizueta,561,0,561,387,11,3,174,376,373,3,71,276,0,9,0,0,5,1,8,0
31,118,Goñi,165,0,165,118,10,6,47,108,102,3,33,19,2,15,0,0,4,5,21,0
31,119,Güesa/Gorza,34,0,34,24,0,3,10,24,21,0,9,5,0,4,0,0,2,0,1,0
31,120,Guesálaz/Gesalatz,376,0,376,257,6,3,119,251,248,11,48,61,7,57,3,2,14,5,37,3
31,121,Guirguillano,61,0,61,49,1,5,12,48,43,6,5,9,1,13,0,1,4,0,4,0
31,256,Hiriberri/Villanueva de Aezkoa,93,0,93,47,0,0,46,47,47,0,17,25,1,4,0,0,0,0,0,0
31,122,Huarte/Uharte,5319,0,5319,3533,49,68,1786,3484,3416,192,747,842,115,734,21,16,221,13,507,8
31,124,Ibargoiti,230,0,230,174,2,5,56,172,167,5,33,21,7,71,2,0,4,2,20,2
31,259,Igantzi,456,0,456,268,3,3,188,265,262,5,93,114,1,9,0,0,8,1,30,1
31,125,Igúzquiza,262,0,262,175,4,8,87,171,163,8,13,29,3,55,0,0,13,4,33,5
31,126,Imotz,350,0,350,238,6,2,112,232,230,8,56,87,3,35,3,0,11,1,26,0
31,127,Irañeta,126,0,126,87,2,6,39,85,79,4,14,27,8,21,1,0,2,0,2,0
31,904,Irurtzun,1603,0,1603,922,9,20,681,913,893,52,137,328,17,150,3,0,33,11,161,1
31,128,Isaba/Izaba,350,0,350,210,3,2,140,207,205,8,28,67,3,39,0,0,22,0,38,0
31,129,Ituren,394,0,394,268,1,6,126,267,261,7,53,155,4,7,1,0,7,5,22,0
31,130,Iturmendi,341,0,341,196,0,1,145,196,195,23,44,65,0,31,0,1,11,1,19,0
31,131,Iza/Itza,1002,0,1002,717,13,17,285,704,687,56,106,138,41,229,3,6,34,7,66,1
31,132,Izagaondoa,136,0,136,98,1,1,38,97,96,4,8,29,10,34,1,0,2,1,7,0
31,133,Izalzu/Itzaltzu,33,0,33,26,0,0,7,26,26,0,3,15,0,2,0,0,0,0,6,0
31,134,Jaurrieta,161,0,161,129,1,2,32,128,126,6,30,29,5,35,0,0,1,0,20,0
31,135,Javier,107,0,107,58,2,1,49,56,55,8,7,0,5,23,1,0,0,0,11,0
31,136,Juslapeña / Txulapain,467,0,467,293,10,3,174,283,280,7,51,101,26,35,2,1,18,4,33,2
31,138,Lakuntza,949,0,949,575,7,9,374,568,559,9,151,280,9,43,0,0,21,5,41,0
31,139,Lana,147,0,147,119,6,0,28,113,113,2,19,19,5,46,0,0,9,0,13,0
31,140,Lantz,115,0,115,83,0,3,32,83,80,3,25,20,3,15,0,0,3,0,11,0
31,141,Lapoblación,103,0,103,74,4,3,29,70,67,22,12,3,9,8,0,0,4,1,7,1
31,142,Larraga,1350,0,1350,977,24,26,373,953,927,23,57,162,55,351,1,1,31,3,241,2
31,143,Larraona,90,0,90,53,0,1,37,53,52,5,8,9,1,18,0,0,0,4,7,0
31,144,Larraun,754,0,754,429,13,8,325,416,408,7,74,241,5,37,0,0,9,3,32,0
31,145,Lazagurría,158,0,158,118,0,4,40,118,114,15,9,3,2,59,0,1,6,0,19,0
31,146,Leache/Leatxe,32,0,32,23,0,1,9,23,22,0,1,5,0,12,0,0,1,0,3,0
31,147,Legarda,110,0,110,80,1,3,30,79,76,6,9,17,4,28,0,0,2,1,9,0
31,148,Legaria,89,0,89,64,1,5,25,63,58,5,8,7,5,12,0,0,3,1,17,0
31,149,Leitza,2277,0,2277,1543,19,19,734,1524,1505,16,280,931,16,138,1,0,26,7,90,0
31,908,Lekunberri,1187,0,1187,919,12,20,268,907,887,20,275,325,14,103,5,3,43,9,88,2
31,150,Leoz/Leotz,193,0,193,123,1,1,70,122,121,7,17,46,1,21,0,0,19,1,9,0
31,151,Lerga,50,0,50,41,0,3,9,41,38,2,5,7,2,17,0,0,2,0,3,0
31,152,Lerín,1205,0,1205,881,22,15,324,859,844,48,75,76,39,331,1,0,49,1,224,0
31,153,Lesaka,2175,0,2175,1460,24,8,715,1436,1428,18,516,649,13,81,0,2,45,2,102,0
31,154,Lezaun,210,0,210,101,3,5,109,98,93,7,20,40,3,13,0,0,7,0,3,0
31,155,Liédena,251,0,251,200,2,5,51,198,193,6,11,19,14,57,0,0,12,0,74,0
31,156,Lizoain-Arriasgoiti / Lizoainibar-Arriasgoiti,237,0,237,176,0,5,61,176,171,3,38,63,8,25,0,0,9,1,22,2
31,157,Lodosa,3404,0,3404,2279,35,57,1125,2244,2187,81,346,164,149,778,19,5,71,3,563,8
31,158,Lónguida/Longida,260,0,260,152,3,4,108,149,145,4,24,54,2,46,1,0,10,0,4,0
31,29,Los Arcos,884,0,884,642,20,16,242,622,606,48,52,94,19,224,3,2,33,1,130,0
31,159,Lumbier,1091,0,1091,892,16,22,199,876,854,35,160,207,22,262,1,3,55,3,101,5
31,160,Luquin,107,0,107,86,2,3,21,84,81,3,10,22,1,27,0,0,6,1,11,0
31,248,Luzaide/Valcarlos,250,0,250,143,0,4,107,143,139,17,28,39,5,27,1,0,6,1,15,0
31,161,Mañeru,345,0,345,245,9,7,100,236,229,4,44,56,12,37,1,2,21,3,49,0
31,162,Marañón,51,0,51,26,0,0,25,26,26,1,1,4,2,6,0,0,1,0,11,0
31,163,Marcilla,2035,0,2035,1580,40,23,455,1540,1517,98,47,45,43,604,6,4,92,0,576,2
31,164,Mélida,533,0,533,405,9,9,128,396,387,38,7,11,20,156,1,0,21,0,132,1
31,165,Mendavia,2681,0,2681,1981,29,44,700,1952,1908,147,62,205,101,610,0,2,84,2,693,2
31,166,Mendaza,244,0,244,157,3,1,87,154,153,22,14,20,2,66,1,0,4,0,24,0
31,167,Mendigorría,852,0,852,636,13,9,216,623,614,44,82,145,15,183,5,1,26,2,108,3
31,168,Metauten,237,0,237,166,2,2,71,164,162,9,24,35,5,65,0,0,7,0,16,1
31,169,Milagro,2172,0,2172,1564,24,18,608,1540,1522,56,28,26,64,629,1,1,27,1,689,0
31,170,Mirafuentes,45,0,45,30,2,1,15,28,27,0,4,8,0,5,0,0,1,0,9,0
31,171,Miranda de Arga,678,0,678,490,16,13,188,474,461,11,62,60,5,100,1,0,35,2,185,0
31,172,Monreal/Elo,380,0,380,303,8,9,77,295,286,17,36,45,14,110,2,1,22,0,37,2
31,173,Monteagudo,825,0,825,721,8,20,104,713,693,54,14,11,67,265,1,0,16,0,265,0
31,174,Morentin,99,0,99,71,1,2,28,70,68,1,8,20,6,16,1,0,3,0,11,2
31,175,Mues,67,0,67,55,3,2,12,52,50,5,19,9,0,11,0,0,1,0,5,0
31,176,Murchante,2963,0,2963,2137,116,72,826,2021,1949,196,76,60,140,687,10,11,70,0,697,2
31,177,Murieta,256,0,256,131,4,4,125,127,123,13,17,23,6,33,0,0,12,0,18,1
31,178,Murillo el Cuende,472,0,472,331,8,9,141,323,314,15,13,6,39,93,3,3,7,4,128,3
31,179,Murillo el Fruto,489,0,489,364,5,9,125,359,350,15,15,20,20,100,1,2,20,1,156,0
31,180,Muruzábal,213,0,213,148,2,3,65,146,143,10,20,30,2,41,1,0,13,5,21,0
31,181,Navascués/Nabaskoze,120,0,120,88,1,0,32,87,87,4,13,31,2,23,0,1,2,0,9,2
31,182,Nazar,39,0,39,32,0,0,7,32,32,2,3,5,2,15,1,0,1,0,3,0
31,88,Noáin (Valle de Elorz)/Noain (Elortzibar),5713,0,5713,3669,35,95,2044,3634,3539,189,463,435,214,1156,25,23,221,24,773,16
31,183,Obanos,705,0,705,501,8,10,204,493,483,29,91,64,31,170,6,4,30,3,55,0
31,185,Ochagavía/Otsagabia,454,0,454,399,5,19,55,394,375,17,92,110,4,110,0,0,8,1,33,0
31,184,Oco,57,0,57,46,2,1,11,44,43,0,4,19,2,18,0,0,0,0,0,0
31,186,Odieta,285,0,285,208,9,5,77,199,194,2,38,75,5,48,0,0,7,1,17,1
31,187,Oiz,110,0,110,58,2,0,52,56,56,0,22,18,4,3,0,0,2,0,6,1
31,188,Olaibar,330,0,330,195,8,4,135,187,183,15,22,54,5,45,2,2,8,4,26,0
31,189,Olazti/Olazagutía,1100,0,1100,616,5,17,484,611,594,22,139,258,16,42,0,0,22,3,91,1
31,190,Olejua,42,0,42,28,0,0,14,28,28,2,1,6,0,9,1,0,1,0,8,0
31,191,Olite/Erriberri,3036,0,3036,2080,45,41,956,2035,1994,171,262,183,94,607,9,7,113,9,537,2
31,192,Olóriz/Oloritz,176,0,176,138,2,4,38,136,132,4,9,30,3,36,0,0,23,4,21,2
31,195,Orbaizeta,166,0,166,108,0,1,58,108,107,0,27,60,1,9,0,0,3,0,7,0
31,196,Orbara,28,0,28,25,1,0,3,24,24,4,5,8,0,2,0,0,0,0,5,0
31,197,Orísoain,66,0,66,47,1,1,19,46,45,0,4,4,2,9,1,0,2,0,23,0
31,906,Orkoien,2770,0,2770,1863,29,45,907,1834,1789,152,231,325,90,447,8,9,120,5,399,3
31,198,Oronz/Orontze,41,0,41,34,0,0,7,34,34,0,8,19,0,3,0,0,2,0,2,0
31,199,Oroz-Betelu/Orotz-Betelu,131,0,131,94,0,2,37,94,92,4,32,29,0,16,1,0,3,0,7,0
31,211,Orreaga/Roncesvalles,16,0,16,13,1,2,3,12,10,3,1,0,1,5,0,0,0,0,0,0
31,200,Oteiza,735,0,735,528,13,29,207,515,486,20,68,131,6,110,1,1,24,1,124,0
31,201,Pamplona/Iruña,152534,17,152551,101769,934,1315,50782,100835,99520,7530,14656,17125,4133,29946,749,434,6337,276,18191,143
31,202,Peralta/Azkoien,4366,0,4366,3019,59,71,1347,2960,2889,221,169,154,135,1280,10,10,196,7,701,6
31,203,Petilla de Aragón,27,0,27,21,0,1,6,21,20,0,1,2,3,8,0,0,1,0,4,1
31,204,Piedramillera,39,0,39,35,0,2,4,35,33,5,3,7,1,12,0,0,2,0,3,0
31,205,Pitillas,424,0,424,314,9,7,110,305,298,24,18,33,9,78,2,0,17,2,113,2
31,206,Puente la Reina/Gares,2123,0,2123,1465,30,41,658,1435,1394,53,240,368,39,405,11,3,61,6,208,0
31,207,Pueyo / Puiu,285,0,285,179,3,2,106,176,174,11,37,63,6,33,0,1,9,0,10,4
31,208,Ribaforada,2576,0,2576,2019,24,19,557,1995,1976,319,103,35,65,222,3,2,115,1,1108,3
31,209,Romanzado / Erromantzatua,155,0,155,91,2,5,64,89,84,4,18,27,2,14,5,0,2,4,8,0
31,210,Roncal/Erronkari,183,0,183,122,1,1,61,121,120,1,21,37,2,26,0,0,6,1,26,0
31,212,Sada,126,0,126,85,0,2,41,85,83,5,4,5,3,44,0,0,4,1,17,0
31,213,Saldías,102,0,102,69,0,4,33,69,65,1,17,36,0,2,1,0,1,1,6,0
31,214,Salinas de Oro/Jaitz,88,0,88,59,2,1,29,57,56,3,13,17,1,8,0,0,1,0,13,0
31,215,San Adrián,4653,0,4653,3342,50,44,1311,3292,3248,428,53,81,249,1160,9,6,87,3,1166,6
31,217,San Martín de Unx,314,0,314,215,3,3,99,212,209,16,30,40,9,63,0,0,9,2,39,1
31,216,Sangüesa/Zangoza,3853,0,3853,2535,64,73,1318,2471,2398,151,358,429,83,699,10,6,152,8,494,8
31,219,Sansol,76,0,76,63,0,2,13,63,61,3,3,12,5,15,0,2,2,0,19,0
31,220,Santacara,742,0,742,539,11,9,203,528,519,35,21,22,28,226,1,3,23,2,157,1
31,222,Sarriés/Sartze,55,0,55,31,1,2,24,30,28,0,7,8,0,1,1,0,1,0,10,0
31,223,Sartaguda,925,0,925,722,14,11,203,708,697,41,25,180,23,175,1,1,15,1,234,1
31,224,Sesma,860,0,860,672,7,19,188,665,646,33,29,32,18,255,0,1,20,0,258,0
31,225,Sorlada,29,0,29,20,1,1,9,19,18,0,3,1,0,9,0,0,1,0,4,0
31,226,Sunbilla,575,0,575,355,2,4,220,353,349,8,104,180,5,14,0,0,6,1,31,0
31,227,Tafalla,8016,0,8016,5442,98,89,2574,5344,5255,170,686,1357,118,1199,20,6,429,13,1245,12
31,228,Tiebas-Muruarte de Reta,515,0,515,352,3,7,163,349,342,14,47,45,20,82,10,1,24,5,87,7
31,229,Tirapu,48,0,48,34,0,1,14,34,33,4,4,10,1,6,0,0,5,0,3,0
31,230,Torralba del Río,91,0,91,80,1,1,11,79,78,7,23,5,2,23,0,2,1,1,14,0
31,231,Torres del Río,98,0,98,68,2,2,30,66,64,4,2,4,3,31,0,0,1,0,18,1
31,232,Tudela,25608,3,25611,17291,255,284,8320,17036,16752,1825,589,671,1295,6546,51,181,1708,25,3841,20
31,233,Tulebras,102,0,102,77,1,3,25,76,73,16,1,0,13,22,0,0,1,1,19,0
31,234,Ucar,153,0,153,98,0,2,55,98,96,5,8,9,10,44,0,1,3,0,16,0
31,123,Uharte Arakil,617,0,617,375,5,8,242,370,362,23,86,150,3,44,0,0,17,0,38,1
31,235,Ujué/Uxue,152,0,152,109,6,0,43,103,103,3,27,28,2,23,0,0,2,0,17,1
31,236,Ultzama,1308,0,1308,777,10,13,531,767,754,26,189,235,23,191,1,1,33,6,49,0
31,237,Unciti,194,0,194,144,3,2,50,141,139,3,22,20,3,56,0,0,7,1,27,0
31,238,Unzué/Untzue,125,0,125,102,0,1,23,102,101,4,12,35,2,19,0,0,8,1,20,0
31,239,Urdazubi/Urdax,291,0,291,233,2,9,58,231,222,21,55,56,14,41,0,1,4,1,29,0
31,240,Urdiain,510,0,510,291,4,4,219,287,283,4,77,161,0,19,0,0,10,1,11,0
31,241,Urraul Alto,127,0,127,104,1,2,23,103,101,14,15,14,3,32,0,1,7,0,15,0
31,242,Urraul Bajo,283,1,284,183,3,3,101,180,177,6,30,43,3,55,0,0,18,1,20,1
31,244,Urroz,145,0,145,66,0,1,79,66,65,2,26,13,5,12,0,0,0,1,6,0
31,243,Urroz-Villa,310,0,310,216,1,10,94,215,205,6,32,65,6,55,1,0,14,2,24,0
31,245,Urzainqui/Urzainki,70,0,70,50,0,3,20,50,47,2,10,15,0,16,0,0,0,0,4,0
31,246,Uterga,141,0,141,110,2,4,31,108,104,1,15,13,7,36,0,0,9,4,19,0
31,247,Uztárroz/Uztarroze,128,0,128,99,1,0,29,98,98,0,17,41,0,27,0,0,3,0,10,0
31,86,Valle de Egüés/Eguesibar,14389,1,14390,9649,102,202,4741,9547,9345,805,1426,1398,577,2695,90,59,718,59,1501,17
31,194,Valle de Ollo/Ollaran,377,0,377,252,2,12,125,250,238,10,41,101,5,41,1,0,10,9,20,0
31,260,Valle de Yerri/Deierri,1167,0,1167,840,10,24,327,830,806,44,105,223,18,254,2,1,36,6,115,2
31,249,Valtierra,1757,0,1757,1401,28,36,356,1373,1337,62,32,24,36,560,0,0,52,0,571,0
31,251,Viana,3127,0,3127,2235,43,45,892,2192,2147,143,305,180,83,667,4,5,90,1,668,1
31,252,Vidángoz/Bidankoze,72,0,72,46,1,1,26,45,44,1,8,22,0,6,0,0,0,1,6,0
31,254,Villafranca,1923,0,1923,1410,21,23,513,1389,1366,174,46,63,88,380,7,9,65,1,529,4
31,255,Villamayor de Monjardín,102,0,102,75,1,3,27,74,71,6,8,5,1,30,0,0,4,2,15,0
31,257,Villatuerta,960,0,960,688,24,23,272,664,641,38,79,106,9,153,6,1,45,3,197,4
31,258,Villava/Atarrabia,7738,0,7738,5247,51,74,2491,5196,5122,256,1068,1631,124,833,19,18,334,25,806,8
31,261,Yesa,249,0,249,194,10,5,55,184,179,25,17,15,21,44,1,0,13,5,38,0
31,262,Zabalza/Zabaltza,238,1,239,189,0,3,50,189,186,7,27,34,3,35,1,0,25,1,42,11
31,73,Ziordia,292,0,292,210,1,3,82,209,206,9,46,113,2,10,0,0,9,1,15,1
31,907,Zizur Mayor/Zizur Nagusia,11754,0,11754,8162,117,146,3592,8045,7899,534,1654,1424,369,2040,48,49,476,38,1252,15
31,263,Zubieta,219,0,219,130,0,3,89,130,127,1,25,85,1,7,0,0,3,1,4,0
31,264,Zugarramurdi,186,0,186,117,1,4,69,116,112,5,30,53,2,13,0,1,0,1,7,0
31,265,Zúñiga,72,0,72,39,0,1,33,39,38,6,3,9,4,7,0,0,1,1,7,0
31,990,Residentes ausentes-Navarra,29812,0,29812,2369,13,32,27443,2356,2324,405,189,239,187,507,54,41,178,10,509,5
